timestamp,open,high,low,close,volume
2003-01-31 18:20:00,0.2210,0.2210,0.2210,0.2210,28000
2003-01-31 18:18:00,0.2210,0.2210,0.2210,0.2210,84000
2003-01-31 18:13:00,0.2210,0.2220,0.2200,0.2210,107800
2003-01-31 16:46:00,0.2180,0.2180,0.2170,0.2180,358400
2003-01-31 16:45:00,0.2180,0.2180,0.2170,0.2180,67200
2003-01-31 16:42:00,0.2180,0.2180,0.2170,0.2180,291200
2003-01-31 16:31:00,0.2180,0.2180,0.2170,0.2180,78400
2003-01-31 16:29:00,0.2180,0.2180,0.2170,0.2180,554400
2003-01-31 16:28:00,0.2180,0.2180,0.2170,0.2170,5034400
2003-01-31 16:26:00,0.2180,0.2180,0.2170,0.2180,95200
2003-01-31 16:24:00,0.2180,0.2180,0.2170,0.2180,1058400
2003-01-31 16:18:00,0.2180,0.2180,0.2170,0.2180,280000
2003-01-31 16:10:00,0.2180,0.2180,0.2170,0.2180,5600
2003-01-31 16:09:00,0.2180,0.2180,0.2170,0.2180,6216000
2003-01-31 16:06:00,0.2190,0.2190,0.2190,0.2190,33600
2003-01-31 16:05:00,0.2180,0.2180,0.2170,0.2180,106400
2003-01-31 16:04:00,0.2180,0.2180,0.2170,0.2180,392000
2003-01-31 16:03:00,0.2180,0.2180,0.2170,0.2180,22400
2003-01-31 16:02:00,0.2180,0.2180,0.2170,0.2180,123200
2003-01-31 16:01:00,0.2150,0.2180,0.2150,0.2180,44800
2003-01-31 16:00:00,0.2180,0.2190,0.2150,0.2180,1461600
2003-01-31 15:59:00,0.2180,0.2190,0.2170,0.2180,1447320
2003-01-31 15:58:00,0.2180,0.2180,0.2170,0.2170,2374176
2003-01-31 15:57:00,0.2180,0.2180,0.2170,0.2170,1043392
2003-01-31 15:56:00,0.2180,0.2180,0.2170,0.2180,1383200
2003-01-31 15:55:00,0.2180,0.2180,0.2170,0.2180,974400
2003-01-31 15:54:00,0.2180,0.2180,0.2170,0.2170,1467200
2003-01-31 15:53:00,0.2180,0.2180,0.2170,0.2180,2394168
2003-01-31 15:52:00,0.2180,0.2180,0.2170,0.2180,1097600
2003-01-31 15:51:00,0.2180,0.2180,0.2170,0.2180,1076600
2003-01-31 15:50:00,0.2180,0.2180,0.2170,0.2180,134400
2003-01-31 15:49:00,0.2180,0.2180,0.2170,0.2180,53200
2003-01-31 15:48:00,0.2180,0.2180,0.2170,0.2180,212800
2003-01-31 15:47:00,0.2180,0.2180,0.2170,0.2180,1146040
2003-01-31 15:46:00,0.2180,0.2180,0.2170,0.2180,492800
2003-01-31 15:45:00,0.2180,0.2180,0.2170,0.2180,436240
2003-01-31 15:44:00,0.2180,0.2180,0.2170,0.2180,592200
2003-01-31 15:43:00,0.2180,0.2180,0.2170,0.2180,751520
2003-01-31 15:42:00,0.2180,0.2180,0.2170,0.2180,141120
2003-01-31 15:41:00,0.2180,0.2180,0.2170,0.2180,597072
2003-01-31 15:40:00,0.2180,0.2180,0.2170,0.2180,884520
2003-01-31 15:39:00,0.2180,0.2180,0.2170,0.2170,193760
2003-01-31 15:38:00,0.2180,0.2180,0.2170,0.2170,828800
2003-01-31 15:37:00,0.2180,0.2180,0.2170,0.2170,1071280
2003-01-31 15:36:00,0.2180,0.2180,0.2170,0.2170,375200
2003-01-31 15:35:00,0.2170,0.2180,0.2170,0.2170,430360
2003-01-31 15:34:00,0.2170,0.2180,0.2170,0.2170,179200
2003-01-31 15:33:00,0.2170,0.2180,0.2170,0.2170,229600
2003-01-31 15:32:00,0.2170,0.2180,0.2170,0.2170,212800
2003-01-31 15:31:00,0.2180,0.2180,0.2170,0.2170,151200
2003-01-31 15:30:00,0.2180,0.2180,0.2170,0.2170,274400
2003-01-31 15:29:00,0.2180,0.2180,0.2170,0.2170,95200
2003-01-31 15:28:00,0.2180,0.2180,0.2170,0.2170,257600
2003-01-31 15:27:00,0.2180,0.2180,0.2170,0.2170,277256
2003-01-31 15:26:00,0.2180,0.2180,0.2170,0.2170,651448
2003-01-31 15:25:00,0.2180,0.2180,0.2170,0.2180,291200
2003-01-31 15:24:00,0.2180,0.2180,0.2170,0.2180,156800
2003-01-31 15:23:00,0.2180,0.2180,0.2170,0.2180,162400
2003-01-31 15:22:00,0.2180,0.2180,0.2170,0.2180,168000
2003-01-31 15:21:00,0.2180,0.2180,0.2170,0.2180,442848
2003-01-31 15:20:00,0.2180,0.2180,0.2170,0.2180,263200
2003-01-31 15:19:00,0.2180,0.2180,0.2170,0.2180,380800
2003-01-31 15:18:00,0.2180,0.2180,0.2170,0.2180,1062600
2003-01-31 15:17:00,0.2180,0.2180,0.2170,0.2170,100800
2003-01-31 15:16:00,0.2180,0.2180,0.2170,0.2180,224000
2003-01-31 15:15:00,0.2180,0.2180,0.2170,0.2170,78400
2003-01-31 15:14:00,0.2180,0.2180,0.2170,0.2170,44800
2003-01-31 15:13:00,0.2180,0.2180,0.2170,0.2170,179200
2003-01-31 15:12:00,0.2180,0.2180,0.2170,0.2180,274400
2003-01-31 15:11:00,0.2180,0.2180,0.2170,0.2170,865368
2003-01-31 15:10:00,0.2180,0.2190,0.2170,0.2180,235200
2003-01-31 15:09:00,0.2180,0.2190,0.2170,0.2180,3140088
2003-01-31 15:08:00,0.2180,0.2180,0.2170,0.2170,442400
2003-01-31 15:07:00,0.2180,0.2180,0.2170,0.2180,991200
2003-01-31 15:06:00,0.2180,0.2180,0.2170,0.2180,162400
2003-01-31 15:05:00,0.2180,0.2180,0.2170,0.2180,212800
2003-01-31 15:04:00,0.2180,0.2180,0.2170,0.2180,638400
2003-01-31 15:03:00,0.2180,0.2190,0.2170,0.2180,400400
2003-01-31 15:02:00,0.2180,0.2180,0.2170,0.2180,952000
2003-01-31 15:01:00,0.2180,0.2180,0.2170,0.2180,285600
2003-01-31 15:00:00,0.2180,0.2190,0.2170,0.2180,464800
2003-01-31 14:59:00,0.2180,0.2180,0.2170,0.2180,112000
2003-01-31 14:58:00,0.2180,0.2180,0.2170,0.2180,229600
2003-01-31 14:57:00,0.2180,0.2180,0.2170,0.2180,134400
2003-01-31 14:56:00,0.2180,0.2180,0.2170,0.2180,492800
2003-01-31 14:55:00,0.2180,0.2180,0.2170,0.2180,392000
2003-01-31 14:54:00,0.2170,0.2180,0.2170,0.2180,1075592
2003-01-31 14:53:00,0.2180,0.2180,0.2170,0.2170,218400
2003-01-31 14:52:00,0.2180,0.2180,0.2170,0.2180,95200
2003-01-31 14:51:00,0.2180,0.2180,0.2170,0.2180,687456
2003-01-31 14:50:00,0.2180,0.2180,0.2170,0.2180,117600
2003-01-31 14:49:00,0.2180,0.2180,0.2170,0.2180,459200
2003-01-31 14:48:00,0.2180,0.2180,0.2170,0.2170,168000
2003-01-31 14:47:00,0.2180,0.2180,0.2170,0.2180,229600
2003-01-31 14:46:00,0.2180,0.2190,0.2180,0.2180,436800
2003-01-31 14:45:00,0.2190,0.2190,0.2180,0.2180,437080
2003-01-31 14:44:00,0.2190,0.2190,0.2180,0.2190,319200
2003-01-31 14:43:00,0.2190,0.2190,0.2190,0.2190,28000
2003-01-31 14:42:00,0.2190,0.2190,0.2180,0.2190,240800
2003-01-31 14:41:00,0.2190,0.2190,0.2180,0.2190,44800
2003-01-31 14:40:00,0.2190,0.2190,0.2180,0.2190,947800
2003-01-31 14:39:00,0.2200,0.2200,0.2180,0.2190,840000
2003-01-31 14:38:00,0.2200,0.2200,0.2190,0.2190,352800
2003-01-31 14:37:00,0.2200,0.2200,0.2190,0.2190,235200
2003-01-31 14:36:00,0.2200,0.2200,0.2190,0.2190,145600
2003-01-31 14:35:00,0.2200,0.2200,0.2190,0.2190,212800
2003-01-31 14:34:00,0.2200,0.2200,0.2190,0.2200,128800
2003-01-31 14:33:00,0.2200,0.2200,0.2190,0.2190,33600
2003-01-31 14:32:00,0.2200,0.2200,0.2190,0.2190,28000
2003-01-31 14:31:00,0.2200,0.2200,0.2190,0.2190,50400
2003-01-31 14:30:00,0.2200,0.2200,0.2190,0.2200,95200
2003-01-31 14:29:00,0.2200,0.2200,0.2190,0.2190,446432
2003-01-31 14:28:00,0.2200,0.2210,0.2200,0.2200,191520
2003-01-31 14:27:00,0.2200,0.2200,0.2200,0.2200,212800
2003-01-31 14:26:00,0.2200,0.2210,0.2200,0.2200,288960
2003-01-31 14:25:00,0.2200,0.2210,0.2200,0.2200,33600
2003-01-31 14:24:00,0.2200,0.2210,0.2200,0.2200,179200
2003-01-31 14:23:00,0.2200,0.2210,0.2200,0.2200,11200
2003-01-31 14:22:00,0.2200,0.2210,0.2200,0.2200,180880
2003-01-31 14:21:00,0.2200,0.2210,0.2200,0.2210,3477600
2003-01-31 14:20:00,0.2200,0.2210,0.2190,0.2200,2038344
2003-01-31 14:19:00,0.2190,0.2200,0.2190,0.2200,394744
2003-01-31 14:18:00,0.2190,0.2200,0.2190,0.2190,392000
2003-01-31 14:17:00,0.2190,0.2190,0.2190,0.2190,72800
2003-01-31 14:16:00,0.2190,0.2190,0.2190,0.2190,1761200
2003-01-31 14:15:00,0.2180,0.2190,0.2180,0.2190,15293600
2003-01-31 14:14:00,0.2200,0.2200,0.2180,0.2180,1041600
2003-01-31 14:13:00,0.2200,0.2200,0.2190,0.2200,459200
2003-01-31 14:12:00,0.2200,0.2200,0.2190,0.2200,431200
2003-01-31 14:11:00,0.2190,0.2200,0.2190,0.2200,912800
2003-01-31 14:09:00,0.2190,0.2200,0.2190,0.2190,5600
2003-01-31 14:08:00,0.2190,0.2200,0.2190,0.2190,375200
2003-01-31 14:07:00,0.2190,0.2190,0.2190,0.2190,336000
2003-01-31 14:06:00,0.2190,0.2190,0.2190,0.2190,56000
2003-01-31 14:05:00,0.2190,0.2190,0.2190,0.2190,812000
2003-01-31 14:04:00,0.2190,0.2190,0.2190,0.2190,1075200
2003-01-31 14:03:00,0.2190,0.2190,0.2190,0.2190,89600
2003-01-31 14:02:00,0.2190,0.2200,0.2190,0.2190,565600
2003-01-31 14:01:00,0.2190,0.2200,0.2190,0.2190,565600
2003-01-31 14:00:00,0.2190,0.2190,0.2180,0.2190,879200
2003-01-31 13:59:00,0.2190,0.2190,0.2180,0.2190,554400
2003-01-31 13:58:00,0.2190,0.2190,0.2180,0.2190,750400
2003-01-31 13:57:00,0.2190,0.2190,0.2190,0.2190,78400
2003-01-31 13:56:00,0.2190,0.2190,0.2190,0.2190,302400
2003-01-31 13:55:00,0.2190,0.2190,0.2180,0.2190,929600
2003-01-31 13:54:00,0.2180,0.2190,0.2180,0.2190,3847200
2003-01-31 13:53:00,0.2190,0.2190,0.2180,0.2180,3838744
2003-01-31 13:52:00,0.2190,0.2190,0.2180,0.2190,911680
2003-01-31 13:51:00,0.2190,0.2190,0.2190,0.2190,204960
2003-01-31 13:50:00,0.2190,0.2190,0.2190,0.2190,252000
2003-01-31 13:49:00,0.2190,0.2190,0.2190,0.2190,392000
2003-01-31 13:48:00,0.2190,0.2190,0.2190,0.2190,291200
2003-01-31 13:47:00,0.2190,0.2190,0.2190,0.2190,692216
2003-01-31 13:46:00,0.2190,0.2190,0.2190,0.2190,403200
2003-01-31 13:45:00,0.2190,0.2190,0.2180,0.2190,828800
2003-01-31 13:44:00,0.2190,0.2190,0.2180,0.2190,249760
2003-01-31 13:43:00,0.2190,0.2190,0.2180,0.2190,366576
2003-01-31 13:42:00,0.2190,0.2190,0.2180,0.2190,1184904
2003-01-31 13:41:00,0.2200,0.2200,0.2180,0.2190,341600
2003-01-31 13:40:00,0.2190,0.2200,0.2180,0.2190,408800
2003-01-31 13:39:00,0.2200,0.2200,0.2190,0.2200,464800
2003-01-31 13:38:00,0.2190,0.2200,0.2190,0.2190,280000
2003-01-31 13:37:00,0.2190,0.2200,0.2190,0.2200,1198400
2003-01-31 13:36:00,0.2190,0.2200,0.2190,0.2190,184800
2003-01-31 13:35:00,0.2190,0.2200,0.2190,0.2190,1495200
2003-01-31 13:34:00,0.2190,0.2200,0.2190,0.2190,405720
2003-01-31 13:33:00,0.2190,0.2190,0.2190,0.2190,22400
2003-01-31 13:32:00,0.2190,0.2190,0.2180,0.2190,235200
2003-01-31 13:31:00,0.2180,0.2190,0.2180,0.2190,1010184
2003-01-31 13:30:00,0.2190,0.2190,0.2180,0.2190,1829240
2003-01-31 13:29:00,0.2200,0.2200,0.2190,0.2190,772800
2003-01-31 13:28:00,0.2190,0.2200,0.2180,0.2200,3221456
2003-01-31 13:27:00,0.2190,0.2190,0.2180,0.2190,298200
2003-01-31 13:26:00,0.2180,0.2190,0.2180,0.2190,212800
2003-01-31 13:25:00,0.2180,0.2190,0.2180,0.2180,134400
2003-01-31 13:24:00,0.2180,0.2190,0.2180,0.2180,559160
2003-01-31 13:23:00,0.2180,0.2190,0.2180,0.2180,336000
2003-01-31 13:22:00,0.2180,0.2190,0.2180,0.2180,56000
2003-01-31 13:21:00,0.2180,0.2190,0.2180,0.2180,1349600
2003-01-31 13:20:00,0.2180,0.2190,0.2180,0.2180,67200
2003-01-31 13:19:00,0.2180,0.2190,0.2180,0.2180,134400
2003-01-31 13:18:00,0.2180,0.2190,0.2180,0.2180,299600
2003-01-31 13:17:00,0.2180,0.2180,0.2180,0.2180,39200
2003-01-31 13:16:00,0.2180,0.2180,0.2180,0.2180,375200
2003-01-31 13:15:00,0.2180,0.2180,0.2170,0.2180,361816
2003-01-31 13:14:00,0.2180,0.2190,0.2170,0.2180,675416
2003-01-31 13:13:00,0.2180,0.2180,0.2170,0.2180,884800
2003-01-31 13:12:00,0.2180,0.2180,0.2180,0.2180,140000
2003-01-31 13:11:00,0.2180,0.2180,0.2170,0.2180,935200
2003-01-31 13:10:00,0.2180,0.2180,0.2170,0.2180,532000
2003-01-31 13:09:00,0.2180,0.2180,0.2170,0.2180,274400
2003-01-31 13:08:00,0.2180,0.2180,0.2170,0.2180,666400
2003-01-31 13:07:00,0.2170,0.2180,0.2170,0.2170,408800
2003-01-31 13:06:00,0.2170,0.2180,0.2170,0.2170,44800
2003-01-31 13:05:00,0.2170,0.2180,0.2170,0.2170,414400
2003-01-31 13:04:00,0.2170,0.2180,0.2170,0.2170,1554224
2003-01-31 13:03:00,0.2170,0.2170,0.2170,0.2170,61600
2003-01-31 13:02:00,0.2170,0.2170,0.2170,0.2170,630224
2003-01-31 13:01:00,0.2170,0.2170,0.2160,0.2170,1148000
2003-01-31 13:00:00,0.2170,0.2170,0.2160,0.2170,140000
2003-01-31 12:59:00,0.2170,0.2170,0.2160,0.2170,1702400
2003-01-31 12:58:00,0.2170,0.2170,0.2160,0.2170,296800
2003-01-31 12:57:00,0.2170,0.2170,0.2170,0.2170,151200
2003-01-31 12:56:00,0.2170,0.2180,0.2160,0.2170,448000
2003-01-31 12:55:00,0.2170,0.2170,0.2160,0.2170,675920
2003-01-31 12:54:00,0.2170,0.2170,0.2170,0.2170,240856
2003-01-31 12:53:00,0.2170,0.2170,0.2170,0.2170,274400
2003-01-31 12:52:00,0.2170,0.2170,0.2170,0.2170,5600
2003-01-31 12:51:00,0.2170,0.2170,0.2170,0.2170,330400
2003-01-31 12:50:00,0.2170,0.2170,0.2170,0.2170,235200
2003-01-31 12:49:00,0.2170,0.2170,0.2170,0.2170,226576
2003-01-31 12:48:00,0.2170,0.2170,0.2160,0.2170,380800
2003-01-31 12:47:00,0.2170,0.2170,0.2170,0.2170,218624
2003-01-31 12:46:00,0.2170,0.2170,0.2160,0.2170,828800
2003-01-31 12:45:00,0.2160,0.2170,0.2160,0.2170,106400
2003-01-31 12:44:00,0.2160,0.2170,0.2160,0.2160,207200
2003-01-31 12:43:00,0.2170,0.2170,0.2160,0.2160,1545600
2003-01-31 12:42:00,0.2170,0.2170,0.2160,0.2170,369712
2003-01-31 12:41:00,0.2160,0.2170,0.2160,0.2170,453600
2003-01-31 12:40:00,0.2160,0.2170,0.2160,0.2170,756000
2003-01-31 12:39:00,0.2160,0.2160,0.2150,0.2160,274400
2003-01-31 12:38:00,0.2160,0.2160,0.2150,0.2160,145600
2003-01-31 12:37:00,0.2160,0.2160,0.2150,0.2160,2374400
2003-01-31 12:36:00,0.2150,0.2160,0.2150,0.2160,5359200
2003-01-31 12:35:00,0.2150,0.2160,0.2150,0.2150,184800
2003-01-31 12:34:00,0.2150,0.2160,0.2150,0.2150,39200
2003-01-31 12:33:00,0.2150,0.2160,0.2150,0.2150,190400
2003-01-31 12:32:00,0.2150,0.2160,0.2140,0.2150,744800
2003-01-31 12:31:00,0.2150,0.2160,0.2150,0.2150,448000
2003-01-31 12:30:00,0.2150,0.2160,0.2150,0.2150,224000
2003-01-31 12:29:00,0.2150,0.2160,0.2150,0.2150,2514400
2003-01-31 12:28:00,0.2160,0.2160,0.2150,0.2150,2396800
2003-01-31 12:27:00,0.2160,0.2160,0.2150,0.2160,218400
2003-01-31 12:26:00,0.2160,0.2160,0.2150,0.2160,1271200
2003-01-31 12:25:00,0.2160,0.2160,0.2150,0.2150,2216592
2003-01-31 12:24:00,0.2160,0.2170,0.2160,0.2160,1685600
2003-01-31 12:23:00,0.2160,0.2170,0.2160,0.2160,2676800
2003-01-31 12:22:00,0.2160,0.2170,0.2150,0.2160,2587200
2003-01-31 12:21:00,0.2160,0.2160,0.2150,0.2160,3124800
2003-01-31 12:20:00,0.2160,0.2160,0.2150,0.2160,879200
2003-01-31 12:19:00,0.2160,0.2160,0.2150,0.2160,1478400
2003-01-31 12:18:00,0.2160,0.2160,0.2150,0.2160,308000
2003-01-31 12:17:00,0.2160,0.2160,0.2150,0.2160,638400
2003-01-31 12:16:00,0.2160,0.2160,0.2150,0.2160,302400
2003-01-31 12:15:00,0.2160,0.2160,0.2150,0.2160,700000
2003-01-31 12:14:00,0.2160,0.2160,0.2150,0.2160,957600
2003-01-31 12:13:00,0.2160,0.2160,0.2150,0.2160,515200
2003-01-31 12:12:00,0.2160,0.2160,0.2150,0.2160,392000
2003-01-31 12:11:00,0.2150,0.2160,0.2150,0.2160,1265600
2003-01-31 12:10:00,0.2150,0.2160,0.2140,0.2150,694400
2003-01-31 12:09:00,0.2150,0.2150,0.2150,0.2150,61600
2003-01-31 12:08:00,0.2160,0.2160,0.2150,0.2150,649600
2003-01-31 12:07:00,0.2160,0.2160,0.2150,0.2160,1909600
2003-01-31 12:06:00,0.2160,0.2170,0.2160,0.2160,900368
2003-01-31 12:05:00,0.2160,0.2160,0.2160,0.2160,716800
2003-01-31 12:04:00,0.2160,0.2160,0.2160,0.2160,61600
2003-01-31 12:03:00,0.2170,0.2170,0.2160,0.2160,980000
2003-01-31 12:02:00,0.2170,0.2170,0.2160,0.2170,1779008
2003-01-31 12:01:00,0.2170,0.2170,0.2160,0.2170,134400
2003-01-31 12:00:00,0.2170,0.2170,0.2160,0.2170,138600
2003-01-31 11:59:00,0.2170,0.2170,0.2160,0.2170,600040
2003-01-31 11:58:00,0.2170,0.2170,0.2170,0.2170,84000
2003-01-31 11:57:00,0.2170,0.2170,0.2170,0.2170,5600
2003-01-31 11:56:00,0.2170,0.2180,0.2170,0.2170,199360
2003-01-31 11:55:00,0.2170,0.2180,0.2170,0.2170,89600
2003-01-31 11:54:00,0.2170,0.2180,0.2170,0.2170,296800
2003-01-31 11:53:00,0.2170,0.2170,0.2170,0.2170,256480
2003-01-31 11:52:00,0.2170,0.2170,0.2170,0.2170,320488
2003-01-31 11:51:00,0.2170,0.2170,0.2170,0.2170,403200
2003-01-31 11:50:00,0.2170,0.2180,0.2170,0.2170,451080
2003-01-31 11:49:00,0.2170,0.2180,0.2170,0.2170,1008392
2003-01-31 11:48:00,0.2170,0.2180,0.2170,0.2170,100800
2003-01-31 11:47:00,0.2170,0.2180,0.2170,0.2170,44800
2003-01-31 11:46:00,0.2170,0.2180,0.2170,0.2170,323736
2003-01-31 11:45:00,0.2170,0.2180,0.2170,0.2170,392000
2003-01-31 11:44:00,0.2170,0.2170,0.2160,0.2170,733600
2003-01-31 11:43:00,0.2160,0.2170,0.2160,0.2170,432880
2003-01-31 11:42:00,0.2160,0.2160,0.2160,0.2160,33600
2003-01-31 11:41:00,0.2160,0.2160,0.2160,0.2160,22400
2003-01-31 11:40:00,0.2160,0.2170,0.2160,0.2160,296800
2003-01-31 11:39:00,0.2160,0.2170,0.2160,0.2160,354480
2003-01-31 11:38:00,0.2170,0.2170,0.2160,0.2160,226800
2003-01-31 11:37:00,0.2160,0.2170,0.2160,0.2170,268800
2003-01-31 11:36:00,0.2160,0.2170,0.2150,0.2160,425600
2003-01-31 11:35:00,0.2160,0.2160,0.2150,0.2160,778400
2003-01-31 11:34:00,0.2160,0.2160,0.2150,0.2160,414400
2003-01-31 11:33:00,0.2160,0.2160,0.2150,0.2160,683032
2003-01-31 11:32:00,0.2160,0.2160,0.2150,0.2160,252000
2003-01-31 11:31:00,0.2160,0.2160,0.2150,0.2160,263200
2003-01-31 11:30:00,0.2160,0.2160,0.2150,0.2160,168000
2003-01-31 11:29:00,0.2160,0.2160,0.2150,0.2160,61600
2003-01-31 11:28:00,0.2160,0.2160,0.2150,0.2160,11200
2003-01-31 11:27:00,0.2160,0.2160,0.2150,0.2160,345016
2003-01-31 11:26:00,0.2160,0.2160,0.2150,0.2160,81312
2003-01-31 11:25:00,0.2160,0.2160,0.2150,0.2160,347200
2003-01-31 11:24:00,0.2150,0.2160,0.2150,0.2150,67200
2003-01-31 11:23:00,0.2150,0.2160,0.2150,0.2150,67200
2003-01-31 11:22:00,0.2150,0.2160,0.2150,0.2150,44800
2003-01-31 11:21:00,0.2150,0.2160,0.2150,0.2150,100800
2003-01-31 11:20:00,0.2150,0.2150,0.2140,0.2150,397600
2003-01-31 11:19:00,0.2150,0.2150,0.2140,0.2150,134400
2003-01-31 11:18:00,0.2150,0.2150,0.2140,0.2140,196000
2003-01-31 11:17:00,0.2150,0.2150,0.2140,0.2140,787472
2003-01-31 11:15:00,0.2150,0.2150,0.2140,0.2150,445088
2003-01-31 11:14:00,0.2150,0.2160,0.2150,0.2150,302400
2003-01-31 11:13:00,0.2150,0.2160,0.2150,0.2150,84000
2003-01-31 11:12:00,0.2150,0.2150,0.2150,0.2150,100800
2003-01-31 11:11:00,0.2150,0.2160,0.2150,0.2150,117600
2003-01-31 11:10:00,0.2150,0.2160,0.2150,0.2150,425600
2003-01-31 11:09:00,0.2150,0.2160,0.2150,0.2150,1232000
2003-01-31 11:08:00,0.2150,0.2160,0.2150,0.2150,257600
2003-01-31 11:07:00,0.2160,0.2160,0.2150,0.2150,571200
2003-01-31 11:06:00,0.2160,0.2160,0.2150,0.2160,376936
2003-01-31 11:05:00,0.2160,0.2160,0.2150,0.2160,946400
2003-01-31 11:04:00,0.2160,0.2160,0.2160,0.2160,67200
2003-01-31 11:03:00,0.2160,0.2160,0.2160,0.2160,182560
2003-01-31 11:02:00,0.2160,0.2160,0.2160,0.2160,106400
2003-01-31 11:01:00,0.2160,0.2160,0.2160,0.2160,884016
2003-01-31 11:00:00,0.2160,0.2160,0.2160,0.2160,812000
2003-01-31 10:59:00,0.2160,0.2170,0.2150,0.2160,453600
2003-01-31 10:58:00,0.2160,0.2170,0.2150,0.2160,1533000
2003-01-31 10:57:00,0.2160,0.2170,0.2160,0.2160,89600
2003-01-31 10:56:00,0.2160,0.2170,0.2160,0.2160,128800
2003-01-31 10:55:00,0.2160,0.2170,0.2160,0.2170,39200
2003-01-31 10:54:00,0.2170,0.2170,0.2160,0.2160,593600
2003-01-31 10:53:00,0.2170,0.2170,0.2160,0.2170,1002400
2003-01-31 10:52:00,0.2170,0.2170,0.2160,0.2170,1118824
2003-01-31 10:51:00,0.2170,0.2170,0.2160,0.2170,1523200
2003-01-31 10:50:00,0.2160,0.2170,0.2160,0.2160,294000
2003-01-31 10:49:00,0.2160,0.2170,0.2160,0.2170,224000
2003-01-31 10:48:00,0.2160,0.2170,0.2150,0.2170,1316000
2003-01-31 10:47:00,0.2150,0.2160,0.2150,0.2160,1476944
2003-01-31 10:46:00,0.2150,0.2150,0.2140,0.2150,173600
2003-01-31 10:45:00,0.2150,0.2150,0.2140,0.2150,207200
2003-01-31 10:44:00,0.2150,0.2150,0.2140,0.2150,330400
2003-01-31 10:43:00,0.2150,0.2150,0.2140,0.2150,1979712
2003-01-31 10:42:00,0.2150,0.2150,0.2140,0.2150,894880
2003-01-31 10:41:00,0.2150,0.2160,0.2140,0.2150,814856
2003-01-31 10:40:00,0.2150,0.2160,0.2140,0.2150,879200
2003-01-31 10:39:00,0.2150,0.2160,0.2140,0.2150,431200
2003-01-31 10:38:00,0.2150,0.2160,0.2140,0.2150,1125600
2003-01-31 10:37:00,0.2150,0.2150,0.2140,0.2150,568400
2003-01-31 10:36:00,0.2150,0.2150,0.2140,0.2140,603512
2003-01-31 10:35:00,0.2150,0.2160,0.2150,0.2150,291200
2003-01-31 10:34:00,0.2150,0.2160,0.2150,0.2150,694400
2003-01-31 10:33:00,0.2160,0.2160,0.2150,0.2150,72800
2003-01-31 10:32:00,0.2150,0.2160,0.2150,0.2150,84000
2003-01-31 10:31:00,0.2160,0.2160,0.2150,0.2150,246400
2003-01-31 10:30:00,0.2150,0.2160,0.2150,0.2160,79856
2003-01-31 10:29:00,0.2160,0.2160,0.2150,0.2150,291200
2003-01-31 10:28:00,0.2150,0.2160,0.2150,0.2150,845600
2003-01-31 10:27:00,0.2150,0.2160,0.2150,0.2150,409416
2003-01-31 10:26:00,0.2150,0.2160,0.2150,0.2150,2077600
2003-01-31 10:25:00,0.2160,0.2160,0.2150,0.2160,582400
2003-01-31 10:24:00,0.2160,0.2160,0.2150,0.2160,319200
2003-01-31 10:23:00,0.2160,0.2160,0.2150,0.2150,498400
2003-01-31 10:22:00,0.2150,0.2160,0.2150,0.2160,358400
2003-01-31 10:21:00,0.2160,0.2160,0.2150,0.2150,1265600
2003-01-31 10:20:00,0.2160,0.2160,0.2150,0.2160,306208
2003-01-31 10:19:00,0.2160,0.2170,0.2150,0.2160,431200
2003-01-31 10:18:00,0.2160,0.2170,0.2160,0.2160,84000
2003-01-31 10:17:00,0.2170,0.2170,0.2160,0.2160,963200
2003-01-31 10:16:00,0.2170,0.2180,0.2160,0.2170,683200
2003-01-31 10:15:00,0.2160,0.2180,0.2160,0.2170,1110200
2003-01-31 10:14:00,0.2160,0.2170,0.2160,0.2160,543200
2003-01-31 10:13:00,0.2160,0.2170,0.2160,0.2170,463344
2003-01-31 10:12:00,0.2160,0.2170,0.2160,0.2160,236880
2003-01-31 10:11:00,0.2170,0.2170,0.2160,0.2160,479640
2003-01-31 10:10:00,0.2170,0.2180,0.2170,0.2170,391440
2003-01-31 10:09:00,0.2160,0.2170,0.2150,0.2170,470400
2003-01-31 10:08:00,0.2160,0.2160,0.2150,0.2160,900928
2003-01-31 10:07:00,0.2180,0.2180,0.2150,0.2160,2232944
2003-01-31 10:06:00,0.2180,0.2190,0.2170,0.2170,498400
2003-01-31 10:05:00,0.2190,0.2190,0.2180,0.2180,352800
2003-01-31 10:04:00,0.2190,0.2190,0.2180,0.2180,1120000
2003-01-31 10:03:00,0.2190,0.2190,0.2180,0.2190,1623608
2003-01-31 10:02:00,0.2190,0.2200,0.2180,0.2190,1248800
2003-01-31 10:01:00,0.2190,0.2200,0.2180,0.2190,1637720
2003-01-31 10:00:00,0.2180,0.2210,0.2170,0.2190,2440424
2003-01-31 09:59:00,0.2170,0.2180,0.2170,0.2170,1470560
2003-01-31 09:58:00,0.2170,0.2170,0.2170,0.2170,565600
2003-01-31 09:57:00,0.2170,0.2170,0.2160,0.2170,1775200
2003-01-31 09:56:00,0.2180,0.2180,0.2170,0.2170,257600
2003-01-31 09:55:00,0.2180,0.2180,0.2170,0.2170,935200
2003-01-31 09:54:00,0.2180,0.2180,0.2170,0.2180,725760
2003-01-31 09:53:00,0.2190,0.2190,0.2170,0.2180,1101128
2003-01-31 09:52:00,0.2190,0.2190,0.2180,0.2190,968800
2003-01-31 09:51:00,0.2190,0.2200,0.2190,0.2190,946400
2003-01-31 09:50:00,0.2190,0.2200,0.2180,0.2190,1762936
2003-01-31 09:49:00,0.2160,0.2190,0.2160,0.2180,2548336
2003-01-31 09:48:00,0.2160,0.2170,0.2160,0.2160,1332464
2003-01-31 09:47:00,0.2160,0.2180,0.2140,0.2160,8212344
2003-01-31 09:46:00,0.2150,0.2160,0.2150,0.2160,2156000
2003-01-31 09:45:00,0.2150,0.2150,0.2140,0.2150,716800
2003-01-31 09:44:00,0.2150,0.2150,0.2140,0.2150,414400
2003-01-31 09:43:00,0.2140,0.2150,0.2130,0.2140,1274000
2003-01-31 09:42:00,0.2140,0.2150,0.2140,0.2140,795200
2003-01-31 09:41:00,0.2150,0.2150,0.2140,0.2140,884800
2003-01-31 09:40:00,0.2150,0.2150,0.2140,0.2150,915880
2003-01-31 09:39:00,0.2150,0.2150,0.2140,0.2150,562520
2003-01-31 09:38:00,0.2140,0.2150,0.2140,0.2140,1311128
2003-01-31 09:37:00,0.2140,0.2150,0.2140,0.2140,1657040
2003-01-31 09:36:00,0.2140,0.2150,0.2130,0.2140,6843200
2003-01-31 09:35:00,0.2150,0.2150,0.2130,0.2140,2021600
2003-01-31 09:34:00,0.2140,0.2160,0.2130,0.2150,940576
2003-01-31 09:33:00,0.2130,0.2140,0.2130,0.2140,1831200
2003-01-31 09:32:00,0.2140,0.2140,0.2130,0.2130,1086400
2003-01-31 09:31:00,0.2150,0.2160,0.2130,0.2140,4236624
2003-01-31 09:30:00,0.2150,0.2170,0.2140,0.2140,3884272
2003-01-31 09:29:00,0.2160,0.2160,0.2150,0.2150,106400
2003-01-31 09:27:00,0.2160,0.2160,0.2150,0.2160,61600
2003-01-31 09:26:00,0.2160,0.2160,0.2160,0.2160,28000
2003-01-31 09:08:00,0.2170,0.2170,0.2160,0.2170,56000
2003-01-31 09:07:00,0.2170,0.2170,0.2160,0.2170,168000
2003-01-30 18:06:00,0.2170,0.2170,0.2170,0.2170,308000
2003-01-30 17:33:00,0.2170,0.2170,0.2170,0.2170,504000
2003-01-30 17:25:00,0.2170,0.2170,0.2170,0.2170,72800
2003-01-30 16:48:00,0.2170,0.2170,0.2170,0.2170,72800
2003-01-30 16:29:00,0.2180,0.2180,0.2170,0.2170,39200
2003-01-30 16:16:00,0.2180,0.2180,0.2170,0.2170,5600
2003-01-30 16:14:00,0.2170,0.2180,0.2170,0.2170,56000
2003-01-30 16:13:00,0.2180,0.2180,0.2170,0.2170,1013600
2003-01-30 16:12:00,0.2180,0.2180,0.2170,0.2170,22400
2003-01-30 16:10:00,0.2170,0.2170,0.2170,0.2170,16800
2003-01-30 16:09:00,0.2170,0.2170,0.2170,0.2170,3203200
2003-01-30 16:05:00,0.2170,0.2170,0.2170,0.2170,145600
2003-01-30 16:04:00,0.2170,0.2170,0.2170,0.2170,28000
2003-01-30 16:02:00,0.2170,0.2170,0.2170,0.2170,11200
2003-01-30 16:01:00,0.2170,0.2170,0.2170,0.2170,151200
2003-01-30 16:00:00,0.2170,0.2180,0.2160,0.2170,280000
2003-01-30 15:59:00,0.2170,0.2180,0.2170,0.2180,2945600
2003-01-30 15:58:00,0.2170,0.2170,0.2160,0.2170,2080960
2003-01-30 15:57:00,0.2170,0.2170,0.2160,0.2170,4366096
2003-01-30 15:56:00,0.2170,0.2170,0.2160,0.2170,970984
2003-01-30 15:55:00,0.2170,0.2180,0.2160,0.2170,2189264
2003-01-30 15:54:00,0.2170,0.2180,0.2170,0.2170,998536
2003-01-30 15:53:00,0.2170,0.2180,0.2170,0.2170,778288
2003-01-30 15:52:00,0.2170,0.2180,0.2170,0.2170,580944
2003-01-30 15:51:00,0.2180,0.2180,0.2170,0.2180,1324568
2003-01-30 15:50:00,0.2180,0.2180,0.2180,0.2180,268800
2003-01-30 15:49:00,0.2180,0.2190,0.2180,0.2180,565600
2003-01-30 15:48:00,0.2190,0.2190,0.2180,0.2180,2139200
2003-01-30 15:47:00,0.2180,0.2190,0.2180,0.2190,1468992
2003-01-30 15:46:00,0.2180,0.2190,0.2180,0.2180,619584
2003-01-30 15:45:00,0.2180,0.2190,0.2180,0.2180,1232000
2003-01-30 15:44:00,0.2180,0.2190,0.2180,0.2180,2969064
2003-01-30 15:43:00,0.2180,0.2190,0.2180,0.2180,330400
2003-01-30 15:42:00,0.2180,0.2190,0.2180,0.2180,106400
2003-01-30 15:41:00,0.2180,0.2190,0.2180,0.2180,1631112
2003-01-30 15:40:00,0.2190,0.2190,0.2180,0.2180,3035200
2003-01-30 15:39:00,0.2190,0.2190,0.2180,0.2190,1598800
2003-01-30 15:38:00,0.2190,0.2190,0.2180,0.2190,1181600
2003-01-30 15:37:00,0.2190,0.2190,0.2180,0.2190,1108800
2003-01-30 15:36:00,0.2190,0.2190,0.2180,0.2190,2783200
2003-01-30 15:35:00,0.2190,0.2190,0.2180,0.2190,1097600
2003-01-30 15:34:00,0.2190,0.2190,0.2180,0.2180,1344392
2003-01-30 15:33:00,0.2190,0.2190,0.2180,0.2190,842800
2003-01-30 15:32:00,0.2190,0.2190,0.2190,0.2190,588000
2003-01-30 15:31:00,0.2190,0.2190,0.2190,0.2190,134400
2003-01-30 15:30:00,0.2190,0.2190,0.2190,0.2190,324800
2003-01-30 15:29:00,0.2190,0.2190,0.2190,0.2190,212016
2003-01-30 15:28:00,0.2190,0.2190,0.2190,0.2190,28000
2003-01-30 15:27:00,0.2190,0.2190,0.2190,0.2190,72800
2003-01-30 15:26:00,0.2190,0.2190,0.2190,0.2190,302400
2003-01-30 15:25:00,0.2190,0.2190,0.2190,0.2190,196000
2003-01-30 15:24:00,0.2190,0.2190,0.2190,0.2190,151200
2003-01-30 15:23:00,0.2190,0.2190,0.2190,0.2190,44800
2003-01-30 15:22:00,0.2190,0.2200,0.2190,0.2190,39200
2003-01-30 15:21:00,0.2190,0.2200,0.2190,0.2190,101584
2003-01-30 15:20:00,0.2190,0.2200,0.2190,0.2190,862400
2003-01-30 15:19:00,0.2190,0.2200,0.2190,0.2190,939960
2003-01-30 15:18:00,0.2190,0.2200,0.2190,0.2190,616000
2003-01-30 15:17:00,0.2190,0.2190,0.2190,0.2190,476000
2003-01-30 15:16:00,0.2190,0.2200,0.2190,0.2190,907200
2003-01-30 15:15:00,0.2190,0.2200,0.2190,0.2190,716800
2003-01-30 15:14:00,0.2190,0.2200,0.2190,0.2190,392000
2003-01-30 15:13:00,0.2190,0.2190,0.2190,0.2190,524552
2003-01-30 15:12:00,0.2190,0.2190,0.2190,0.2190,330400
2003-01-30 15:11:00,0.2190,0.2200,0.2190,0.2190,669256
2003-01-30 15:10:00,0.2190,0.2200,0.2190,0.2190,476000
2003-01-30 15:09:00,0.2190,0.2200,0.2190,0.2190,168000
2003-01-30 15:08:00,0.2190,0.2190,0.2190,0.2190,84000
2003-01-30 15:07:00,0.2190,0.2190,0.2180,0.2190,162400
2003-01-30 15:06:00,0.2190,0.2190,0.2180,0.2190,128800
2003-01-30 15:05:00,0.2190,0.2190,0.2180,0.2190,218400
2003-01-30 15:04:00,0.2190,0.2190,0.2180,0.2190,1002400
2003-01-30 15:03:00,0.2190,0.2190,0.2180,0.2190,868000
2003-01-30 15:02:00,0.2190,0.2190,0.2180,0.2190,106400
2003-01-30 15:01:00,0.2190,0.2190,0.2190,0.2190,44800
2003-01-30 15:00:00,0.2190,0.2190,0.2180,0.2190,859656
2003-01-30 14:59:00,0.2200,0.2200,0.2180,0.2190,1120000
2003-01-30 14:58:00,0.2200,0.2200,0.2190,0.2200,632800
2003-01-30 14:57:00,0.2200,0.2200,0.2190,0.2200,640920
2003-01-30 14:56:00,0.2200,0.2200,0.2190,0.2200,694400
2003-01-30 14:55:00,0.2200,0.2200,0.2190,0.2200,604800
2003-01-30 14:54:00,0.2200,0.2200,0.2190,0.2200,1176000
2003-01-30 14:53:00,0.2210,0.2210,0.2190,0.2200,341600
2003-01-30 14:52:00,0.2200,0.2210,0.2200,0.2210,722400
2003-01-30 14:51:00,0.2200,0.2210,0.2190,0.2200,627200
2003-01-30 14:50:00,0.2200,0.2200,0.2190,0.2200,1064000
2003-01-30 14:49:00,0.2190,0.2200,0.2190,0.2190,1624000
2003-01-30 14:48:00,0.2190,0.2190,0.2190,0.2190,442400
2003-01-30 14:47:00,0.2190,0.2190,0.2180,0.2190,1075200
2003-01-30 14:46:00,0.2190,0.2190,0.2180,0.2190,420000
2003-01-30 14:45:00,0.2180,0.2190,0.2180,0.2180,464800
2003-01-30 14:44:00,0.2180,0.2190,0.2180,0.2180,78400
2003-01-30 14:43:00,0.2180,0.2190,0.2180,0.2180,660800
2003-01-30 14:42:00,0.2180,0.2190,0.2180,0.2180,33600
2003-01-30 14:41:00,0.2180,0.2190,0.2180,0.2180,156800
2003-01-30 14:40:00,0.2180,0.2190,0.2180,0.2180,240800
2003-01-30 14:39:00,0.2190,0.2190,0.2180,0.2180,280728
2003-01-30 14:38:00,0.2180,0.2190,0.2180,0.2190,364392
2003-01-30 14:37:00,0.2180,0.2190,0.2180,0.2180,492800
2003-01-30 14:36:00,0.2180,0.2190,0.2180,0.2180,414400
2003-01-30 14:35:00,0.2180,0.2190,0.2180,0.2180,1181040
2003-01-30 14:34:00,0.2180,0.2180,0.2170,0.2180,593600
2003-01-30 14:33:00,0.2180,0.2190,0.2180,0.2180,358400
2003-01-30 14:32:00,0.2180,0.2190,0.2180,0.2180,1170400
2003-01-30 14:31:00,0.2190,0.2190,0.2180,0.2180,666064
2003-01-30 14:30:00,0.2180,0.2190,0.2180,0.2180,2391200
2003-01-30 14:29:00,0.2180,0.2190,0.2180,0.2180,414400
2003-01-30 14:28:00,0.2190,0.2190,0.2180,0.2180,604800
2003-01-30 14:27:00,0.2190,0.2190,0.2180,0.2180,1299200
2003-01-30 14:26:00,0.2190,0.2190,0.2180,0.2190,257600
2003-01-30 14:25:00,0.2190,0.2190,0.2180,0.2190,151200
2003-01-30 14:24:00,0.2190,0.2200,0.2190,0.2190,476000
2003-01-30 14:23:00,0.2190,0.2200,0.2190,0.2190,733600
2003-01-30 14:22:00,0.2190,0.2200,0.2190,0.2190,330400
2003-01-30 14:21:00,0.2190,0.2200,0.2190,0.2190,11200
2003-01-30 14:20:00,0.2200,0.2200,0.2190,0.2190,493920
2003-01-30 14:19:00,0.2200,0.2200,0.2190,0.2200,16800
2003-01-30 14:18:00,0.2200,0.2200,0.2190,0.2200,39200
2003-01-30 14:17:00,0.2200,0.2200,0.2190,0.2190,700000
2003-01-30 14:16:00,0.2200,0.2200,0.2190,0.2200,89600
2003-01-30 14:15:00,0.2200,0.2200,0.2190,0.2200,44800
2003-01-30 14:14:00,0.2200,0.2200,0.2190,0.2200,190400
2003-01-30 14:13:00,0.2200,0.2200,0.2190,0.2200,33600
2003-01-30 14:12:00,0.2200,0.2200,0.2190,0.2200,32480
2003-01-30 14:11:00,0.2200,0.2200,0.2190,0.2200,130200
2003-01-30 14:10:00,0.2200,0.2200,0.2190,0.2200,627200
2003-01-30 14:09:00,0.2200,0.2200,0.2190,0.2200,50400
2003-01-30 14:08:00,0.2200,0.2200,0.2190,0.2200,11200
2003-01-30 14:07:00,0.2200,0.2200,0.2190,0.2200,44800
2003-01-30 14:06:00,0.2200,0.2200,0.2190,0.2200,694400
2003-01-30 14:05:00,0.2200,0.2200,0.2190,0.2200,291200
2003-01-30 14:04:00,0.2200,0.2200,0.2190,0.2200,61600
2003-01-30 14:03:00,0.2200,0.2200,0.2190,0.2200,640248
2003-01-30 14:02:00,0.2200,0.2200,0.2190,0.2200,284536
2003-01-30 14:01:00,0.2200,0.2200,0.2190,0.2190,1058400
2003-01-30 14:00:00,0.2200,0.2200,0.2190,0.2200,112000
2003-01-30 13:59:00,0.2200,0.2200,0.2190,0.2200,745360
2003-01-30 13:57:00,0.2200,0.2200,0.2190,0.2200,2956800
2003-01-30 13:56:00,0.2200,0.2200,0.2190,0.2200,169400
2003-01-30 13:55:00,0.2200,0.2200,0.2190,0.2190,935200
2003-01-30 13:54:00,0.2200,0.2200,0.2190,0.2200,1568000
2003-01-30 13:53:00,0.2200,0.2200,0.2190,0.2200,868000
2003-01-30 13:52:00,0.2200,0.2200,0.2190,0.2200,78400
2003-01-30 13:51:00,0.2200,0.2200,0.2190,0.2200,392000
2003-01-30 13:50:00,0.2200,0.2200,0.2190,0.2200,274400
2003-01-30 13:49:00,0.2200,0.2200,0.2190,0.2200,425600
2003-01-30 13:48:00,0.2200,0.2200,0.2190,0.2200,1064000
2003-01-30 13:47:00,0.2200,0.2200,0.2190,0.2200,649600
2003-01-30 13:46:00,0.2200,0.2200,0.2190,0.2200,1160040
2003-01-30 13:45:00,0.2200,0.2200,0.2190,0.2200,1405600
2003-01-30 13:44:00,0.2200,0.2200,0.2190,0.2200,229600
2003-01-30 13:43:00,0.2200,0.2200,0.2190,0.2200,1411200
2003-01-30 13:42:00,0.2200,0.2200,0.2190,0.2200,1568000
2003-01-30 13:41:00,0.2200,0.2200,0.2190,0.2200,616000
2003-01-30 13:40:00,0.2200,0.2200,0.2190,0.2200,110040
2003-01-30 13:39:00,0.2200,0.2200,0.2190,0.2200,1232000
2003-01-30 13:38:00,0.2200,0.2200,0.2190,0.2200,761600
2003-01-30 13:37:00,0.2200,0.2200,0.2190,0.2200,2794400
2003-01-30 13:36:00,0.2200,0.2200,0.2190,0.2200,2248120
2003-01-30 13:35:00,0.2200,0.2200,0.2190,0.2200,347200
2003-01-30 13:34:00,0.2200,0.2200,0.2190,0.2200,2010400
2003-01-30 13:33:00,0.2200,0.2200,0.2200,0.2200,392000
2003-01-30 13:32:00,0.2200,0.2200,0.2190,0.2200,1792000
2003-01-30 13:31:00,0.2200,0.2200,0.2190,0.2200,168000
2003-01-30 13:30:00,0.2200,0.2200,0.2190,0.2200,229600
2003-01-30 13:28:00,0.2200,0.2200,0.2190,0.2200,22400
2003-01-30 13:27:00,0.2200,0.2200,0.2190,0.2200,123200
2003-01-30 13:26:00,0.2200,0.2200,0.2190,0.2200,336000
2003-01-30 13:25:00,0.2200,0.2200,0.2190,0.2200,2184000
2003-01-30 13:24:00,0.2200,0.2200,0.2190,0.2200,924000
2003-01-30 13:23:00,0.2200,0.2200,0.2190,0.2200,291200
2003-01-30 13:22:00,0.2200,0.2200,0.2190,0.2200,302400
2003-01-30 13:21:00,0.2200,0.2200,0.2190,0.2200,952000
2003-01-30 13:20:00,0.2200,0.2200,0.2190,0.2200,3108000
2003-01-30 13:18:00,0.2200,0.2200,0.2190,0.2200,16800
2003-01-30 13:17:00,0.2200,0.2200,0.2190,0.2200,1327200
2003-01-30 13:16:00,0.2200,0.2200,0.2190,0.2200,3488800
2003-01-30 13:15:00,0.2200,0.2200,0.2190,0.2200,201600
2003-01-30 13:14:00,0.2200,0.2200,0.2190,0.2200,39200
2003-01-30 13:13:00,0.2200,0.2200,0.2190,0.2200,280000
2003-01-30 13:12:00,0.2200,0.2200,0.2190,0.2200,5600
2003-01-30 13:11:00,0.2200,0.2200,0.2190,0.2200,95200
2003-01-30 13:10:00,0.2200,0.2200,0.2190,0.2200,649600
2003-01-30 13:09:00,0.2200,0.2200,0.2190,0.2200,84000
2003-01-30 13:08:00,0.2200,0.2200,0.2190,0.2190,22400
2003-01-30 13:06:00,0.2190,0.2200,0.2190,0.2190,215152
2003-01-30 13:05:00,0.2200,0.2200,0.2190,0.2190,800912
2003-01-30 13:04:00,0.2200,0.2200,0.2190,0.2190,722400
2003-01-30 13:03:00,0.2190,0.2200,0.2190,0.2190,420000
2003-01-30 13:02:00,0.2190,0.2200,0.2190,0.2190,655200
2003-01-30 13:01:00,0.2190,0.2200,0.2190,0.2190,422856
2003-01-30 13:00:00,0.2200,0.2200,0.2190,0.2190,134400
2003-01-30 12:59:00,0.2200,0.2200,0.2190,0.2200,16800
2003-01-30 12:58:00,0.2200,0.2200,0.2190,0.2200,11200
2003-01-30 12:57:00,0.2200,0.2200,0.2190,0.2200,1355200
2003-01-30 12:56:00,0.2200,0.2200,0.2190,0.2200,1142400
2003-01-30 12:55:00,0.2200,0.2200,0.2190,0.2200,268800
2003-01-30 12:54:00,0.2200,0.2200,0.2190,0.2200,308000
2003-01-30 12:52:00,0.2200,0.2200,0.2190,0.2190,285600
2003-01-30 12:51:00,0.2200,0.2200,0.2190,0.2200,291200
2003-01-30 12:50:00,0.2200,0.2200,0.2190,0.2200,1870400
2003-01-30 12:49:00,0.2200,0.2200,0.2190,0.2200,1579200
2003-01-30 12:48:00,0.2200,0.2200,0.2190,0.2200,963200
2003-01-30 12:47:00,0.2200,0.2200,0.2190,0.2200,134400
2003-01-30 12:46:00,0.2200,0.2200,0.2190,0.2200,616000
2003-01-30 12:45:00,0.2200,0.2200,0.2190,0.2190,128800
2003-01-30 12:44:00,0.2200,0.2200,0.2190,0.2190,252000
2003-01-30 12:43:00,0.2200,0.2200,0.2190,0.2190,95200
2003-01-30 12:42:00,0.2190,0.2200,0.2190,0.2190,700000
2003-01-30 12:41:00,0.2190,0.2200,0.2190,0.2190,462000
2003-01-30 12:40:00,0.2190,0.2190,0.2190,0.2190,369600
2003-01-30 12:39:00,0.2190,0.2190,0.2190,0.2190,425600
2003-01-30 12:38:00,0.2190,0.2200,0.2190,0.2190,392000
2003-01-30 12:37:00,0.2190,0.2190,0.2190,0.2190,336000
2003-01-30 12:36:00,0.2190,0.2200,0.2190,0.2190,1332800
2003-01-30 12:35:00,0.2190,0.2200,0.2190,0.2190,476000
2003-01-30 12:34:00,0.2190,0.2200,0.2190,0.2190,151200
2003-01-30 12:33:00,0.2200,0.2200,0.2190,0.2190,1234296
2003-01-30 12:32:00,0.2200,0.2200,0.2190,0.2190,364000
2003-01-30 12:31:00,0.2200,0.2200,0.2190,0.2200,1374240
2003-01-30 12:30:00,0.2200,0.2200,0.2190,0.2200,257600
2003-01-30 12:29:00,0.2200,0.2200,0.2200,0.2200,840000
2003-01-30 12:28:00,0.2190,0.2200,0.2190,0.2200,1002400
2003-01-30 12:27:00,0.2190,0.2200,0.2190,0.2190,526400
2003-01-30 12:26:00,0.2190,0.2190,0.2190,0.2190,67200
2003-01-30 12:25:00,0.2190,0.2190,0.2190,0.2190,46704
2003-01-30 12:24:00,0.2190,0.2200,0.2190,0.2190,168000
2003-01-30 12:23:00,0.2190,0.2200,0.2180,0.2190,240800
2003-01-30 12:22:00,0.2190,0.2200,0.2180,0.2190,520800
2003-01-30 12:21:00,0.2190,0.2200,0.2190,0.2190,22400
2003-01-30 12:20:00,0.2190,0.2200,0.2190,0.2190,683200
2003-01-30 12:19:00,0.2190,0.2200,0.2190,0.2190,3808000
2003-01-30 12:18:00,0.2190,0.2200,0.2180,0.2190,1595440
2003-01-30 12:17:00,0.2190,0.2190,0.2180,0.2190,828800
2003-01-30 12:16:00,0.2190,0.2190,0.2180,0.2190,280000
2003-01-30 12:15:00,0.2180,0.2190,0.2180,0.2190,302400
2003-01-30 12:14:00,0.2180,0.2190,0.2180,0.2180,145600
2003-01-30 12:13:00,0.2180,0.2190,0.2180,0.2180,342160
2003-01-30 12:12:00,0.2180,0.2190,0.2180,0.2180,1216936
2003-01-30 12:11:00,0.2180,0.2190,0.2180,0.2180,284480
2003-01-30 12:10:00,0.2190,0.2190,0.2180,0.2180,246400
2003-01-30 12:09:00,0.2190,0.2190,0.2180,0.2190,784000
2003-01-30 12:08:00,0.2190,0.2190,0.2180,0.2190,1472800
2003-01-30 12:07:00,0.2180,0.2190,0.2180,0.2180,2559200
2003-01-30 12:06:00,0.2180,0.2190,0.2180,0.2180,454160
2003-01-30 12:05:00,0.2180,0.2190,0.2180,0.2180,627200
2003-01-30 12:04:00,0.2180,0.2190,0.2180,0.2180,963200
2003-01-30 12:03:00,0.2180,0.2190,0.2180,0.2180,1517096
2003-01-30 12:02:00,0.2190,0.2190,0.2180,0.2190,453600
2003-01-30 12:01:00,0.2190,0.2190,0.2180,0.2190,789600
2003-01-30 12:00:00,0.2190,0.2200,0.2180,0.2190,714000
2003-01-30 11:59:00,0.2190,0.2200,0.2190,0.2190,201600
2003-01-30 11:58:00,0.2190,0.2200,0.2190,0.2190,1993600
2003-01-30 11:57:00,0.2190,0.2200,0.2190,0.2190,610400
2003-01-30 11:56:00,0.2190,0.2200,0.2190,0.2190,1853600
2003-01-30 11:55:00,0.2190,0.2200,0.2190,0.2190,600544
2003-01-30 11:54:00,0.2190,0.2190,0.2180,0.2190,1271200
2003-01-30 11:53:00,0.2200,0.2200,0.2190,0.2190,1613584
2003-01-30 11:52:00,0.2200,0.2210,0.2190,0.2190,2526720
2003-01-30 11:51:00,0.2200,0.2210,0.2200,0.2200,442400
2003-01-30 11:50:00,0.2210,0.2210,0.2200,0.2200,1344000
2003-01-30 11:49:00,0.2210,0.2210,0.2200,0.2210,1885520
2003-01-30 11:48:00,0.2210,0.2220,0.2210,0.2210,806400
2003-01-30 11:47:00,0.2220,0.2220,0.2210,0.2210,369600
2003-01-30 11:46:00,0.2220,0.2220,0.2210,0.2210,487200
2003-01-30 11:45:00,0.2220,0.2220,0.2210,0.2220,240800
2003-01-30 11:43:00,0.2220,0.2220,0.2220,0.2220,33600
2003-01-30 11:42:00,0.2220,0.2220,0.2220,0.2220,134400
2003-01-30 11:41:00,0.2220,0.2220,0.2220,0.2220,218400
2003-01-30 11:40:00,0.2220,0.2220,0.2210,0.2220,33600
2003-01-30 11:39:00,0.2220,0.2220,0.2220,0.2220,28000
2003-01-30 11:38:00,0.2220,0.2220,0.2220,0.2220,33600
2003-01-30 11:37:00,0.2220,0.2220,0.2210,0.2220,58800
2003-01-30 11:36:00,0.2220,0.2220,0.2210,0.2220,156800
2003-01-30 11:35:00,0.2220,0.2220,0.2210,0.2220,1461600
2003-01-30 11:34:00,0.2220,0.2220,0.2210,0.2220,2066400
2003-01-30 11:33:00,0.2220,0.2230,0.2220,0.2220,2234400
2003-01-30 11:32:00,0.2220,0.2230,0.2220,0.2220,375200
2003-01-30 11:31:00,0.2220,0.2220,0.2220,0.2220,235200
2003-01-30 11:30:00,0.2220,0.2220,0.2220,0.2220,117600
2003-01-30 11:29:00,0.2220,0.2220,0.2220,0.2220,33600
2003-01-30 11:28:00,0.2220,0.2220,0.2220,0.2220,470400
2003-01-30 11:27:00,0.2220,0.2230,0.2220,0.2220,50400
2003-01-30 11:26:00,0.2220,0.2230,0.2220,0.2220,72800
2003-01-30 11:25:00,0.2230,0.2230,0.2220,0.2220,123200
2003-01-30 11:24:00,0.2230,0.2230,0.2220,0.2220,2598400
2003-01-30 11:23:00,0.2230,0.2230,0.2220,0.2220,33600
2003-01-30 11:22:00,0.2230,0.2230,0.2220,0.2220,44800
2003-01-30 11:21:00,0.2230,0.2230,0.2220,0.2230,218400
2003-01-30 11:20:00,0.2220,0.2230,0.2220,0.2230,578200
2003-01-30 11:19:00,0.2220,0.2220,0.2220,0.2220,414400
2003-01-30 11:18:00,0.2220,0.2220,0.2220,0.2220,236376
2003-01-30 11:17:00,0.2220,0.2220,0.2220,0.2220,1041600
2003-01-30 11:16:00,0.2220,0.2230,0.2220,0.2220,784000
2003-01-30 11:15:00,0.2230,0.2230,0.2220,0.2220,890400
2003-01-30 11:14:00,0.2230,0.2230,0.2220,0.2220,425600
2003-01-30 11:13:00,0.2230,0.2230,0.2220,0.2230,134400
2003-01-30 11:12:00,0.2230,0.2230,0.2220,0.2230,128800
2003-01-30 11:11:00,0.2230,0.2230,0.2220,0.2230,1226400
2003-01-30 11:10:00,0.2230,0.2230,0.2220,0.2230,498400
2003-01-30 11:09:00,0.2230,0.2230,0.2220,0.2230,190400
2003-01-30 11:08:00,0.2230,0.2230,0.2220,0.2230,302400
2003-01-30 11:07:00,0.2220,0.2230,0.2220,0.2230,1165360
2003-01-30 11:06:00,0.2220,0.2230,0.2220,0.2220,1506400
2003-01-30 11:05:00,0.2220,0.2230,0.2220,0.2220,453600
2003-01-30 11:04:00,0.2220,0.2230,0.2220,0.2220,2760800
2003-01-30 11:03:00,0.2230,0.2230,0.2220,0.2220,3600800
2003-01-30 11:02:00,0.2230,0.2230,0.2220,0.2230,828800
2003-01-30 11:01:00,0.2230,0.2230,0.2210,0.2220,3936800
2003-01-30 11:00:00,0.2230,0.2230,0.2220,0.2230,1646400
2003-01-30 10:59:00,0.2230,0.2240,0.2220,0.2230,980000
2003-01-30 10:58:00,0.2230,0.2230,0.2220,0.2230,330400
2003-01-30 10:57:00,0.2230,0.2230,0.2220,0.2230,2111200
2003-01-30 10:56:00,0.2240,0.2240,0.2220,0.2230,1838256
2003-01-30 10:55:00,0.2240,0.2240,0.2230,0.2240,870520
2003-01-30 10:54:00,0.2240,0.2250,0.2230,0.2240,447216
2003-01-30 10:53:00,0.2250,0.2250,0.2230,0.2240,3111920
2003-01-30 10:52:00,0.2250,0.2250,0.2240,0.2250,1013600
2003-01-30 10:51:00,0.2250,0.2250,0.2250,0.2250,470120
2003-01-30 10:50:00,0.2250,0.2260,0.2250,0.2250,1674848
2003-01-30 10:49:00,0.2260,0.2260,0.2250,0.2250,560000
2003-01-30 10:48:00,0.2260,0.2260,0.2250,0.2260,1243200
2003-01-30 10:47:00,0.2250,0.2260,0.2250,0.2260,666400
2003-01-30 10:46:00,0.2250,0.2260,0.2250,0.2260,453600
2003-01-30 10:45:00,0.2250,0.2250,0.2250,0.2250,52416
2003-01-30 10:44:00,0.2250,0.2250,0.2250,0.2250,117600
2003-01-30 10:43:00,0.2250,0.2250,0.2250,0.2250,106400
2003-01-30 10:42:00,0.2250,0.2260,0.2250,0.2250,259000
2003-01-30 10:41:00,0.2250,0.2260,0.2250,0.2250,784000
2003-01-30 10:40:00,0.2250,0.2250,0.2250,0.2250,257376
2003-01-30 10:39:00,0.2250,0.2260,0.2250,0.2250,593600
2003-01-30 10:38:00,0.2250,0.2260,0.2250,0.2250,61600
2003-01-30 10:37:00,0.2260,0.2260,0.2250,0.2250,84000
2003-01-30 10:36:00,0.2260,0.2260,0.2250,0.2260,347200
2003-01-30 10:35:00,0.2260,0.2260,0.2260,0.2260,201600
2003-01-30 10:34:00,0.2260,0.2260,0.2250,0.2260,683648
2003-01-30 10:33:00,0.2250,0.2260,0.2240,0.2250,1887200
2003-01-30 10:32:00,0.2250,0.2250,0.2240,0.2250,655200
2003-01-30 10:31:00,0.2250,0.2260,0.2250,0.2250,543200
2003-01-30 10:30:00,0.2250,0.2260,0.2240,0.2260,1932000
2003-01-30 10:29:00,0.2260,0.2260,0.2250,0.2250,800912
2003-01-30 10:28:00,0.2260,0.2260,0.2250,0.2250,1543752
2003-01-30 10:27:00,0.2260,0.2270,0.2250,0.2260,1722280
2003-01-30 10:26:00,0.2260,0.2260,0.2250,0.2260,470400
2003-01-30 10:25:00,0.2260,0.2260,0.2250,0.2260,896000
2003-01-30 10:24:00,0.2260,0.2260,0.2250,0.2260,2738400
2003-01-30 10:23:00,0.2260,0.2260,0.2260,0.2260,560896
2003-01-30 10:22:00,0.2260,0.2270,0.2250,0.2260,2254000
2003-01-30 10:21:00,0.2260,0.2260,0.2250,0.2260,985600
2003-01-30 10:20:00,0.2260,0.2260,0.2250,0.2260,16698360
2003-01-30 10:19:00,0.2260,0.2260,0.2260,0.2260,1064000
2003-01-30 10:18:00,0.2260,0.2270,0.2260,0.2260,996800
2003-01-30 10:17:00,0.2260,0.2260,0.2260,0.2260,1316000
2003-01-30 10:16:00,0.2260,0.2260,0.2260,0.2260,1663200
2003-01-30 10:15:00,0.2260,0.2270,0.2260,0.2260,657328
2003-01-30 10:14:00,0.2260,0.2270,0.2260,0.2260,974400
2003-01-30 10:13:00,0.2260,0.2260,0.2250,0.2260,2332624
2003-01-30 10:12:00,0.2260,0.2260,0.2250,0.2260,1433600
2003-01-30 10:11:00,0.2260,0.2260,0.2250,0.2260,733600
2003-01-30 10:10:00,0.2260,0.2260,0.2250,0.2260,1058400
2003-01-30 10:09:00,0.2260,0.2260,0.2250,0.2260,1237600
2003-01-30 10:08:00,0.2260,0.2260,0.2250,0.2260,1025472
2003-01-30 10:07:00,0.2260,0.2260,0.2250,0.2260,629776
2003-01-30 10:06:00,0.2250,0.2260,0.2250,0.2260,763840
2003-01-30 10:05:00,0.2250,0.2260,0.2250,0.2250,405608
2003-01-30 10:04:00,0.2240,0.2260,0.2240,0.2250,862400
2003-01-30 10:03:00,0.2240,0.2250,0.2230,0.2240,1848000
2003-01-30 10:02:00,0.2230,0.2240,0.2230,0.2230,1159200
2003-01-30 10:01:00,0.2240,0.2240,0.2230,0.2230,663488
2003-01-30 10:00:00,0.2240,0.2250,0.2230,0.2240,2665600
2003-01-30 09:59:00,0.2250,0.2260,0.2240,0.2240,1171688
2003-01-30 09:58:00,0.2250,0.2250,0.2240,0.2250,565600
2003-01-30 09:57:00,0.2250,0.2250,0.2240,0.2250,996800
2003-01-30 09:56:00,0.2250,0.2250,0.2240,0.2250,375200
2003-01-30 09:55:00,0.2240,0.2250,0.2240,0.2250,918400
2003-01-30 09:54:00,0.2250,0.2250,0.2240,0.2240,2439528
2003-01-30 09:53:00,0.2240,0.2250,0.2240,0.2250,403200
2003-01-30 09:52:00,0.2250,0.2250,0.2240,0.2240,698600
2003-01-30 09:51:00,0.2240,0.2250,0.2230,0.2250,642208
2003-01-30 09:50:00,0.2240,0.2250,0.2230,0.2240,773080
2003-01-30 09:49:00,0.2250,0.2250,0.2240,0.2240,385000
2003-01-30 09:48:00,0.2250,0.2260,0.2240,0.2250,671608
2003-01-30 09:47:00,0.2240,0.2260,0.2230,0.2250,563528
2003-01-30 09:46:00,0.2240,0.2240,0.2230,0.2240,364000
2003-01-30 09:45:00,0.2240,0.2240,0.2230,0.2240,263200
2003-01-30 09:44:00,0.2250,0.2250,0.2230,0.2240,565600
2003-01-30 09:43:00,0.2240,0.2250,0.2230,0.2240,884800
2003-01-30 09:42:00,0.2240,0.2240,0.2230,0.2240,1131536
2003-01-30 09:41:00,0.2240,0.2240,0.2230,0.2240,436800
2003-01-30 09:40:00,0.2240,0.2250,0.2230,0.2240,1058400
2003-01-30 09:39:00,0.2250,0.2260,0.2240,0.2240,1624000
2003-01-30 09:38:00,0.2260,0.2260,0.2250,0.2250,2234400
2003-01-30 09:37:00,0.2260,0.2270,0.2260,0.2260,1741600
2003-01-30 09:36:00,0.2270,0.2270,0.2260,0.2260,2049600
2003-01-30 09:35:00,0.2270,0.2270,0.2260,0.2270,1590400
2003-01-30 09:34:00,0.2260,0.2270,0.2260,0.2270,1842400
2003-01-30 09:33:00,0.2260,0.2270,0.2260,0.2260,1702400
2003-01-30 09:32:00,0.2270,0.2270,0.2250,0.2260,2060744
2003-01-30 09:31:00,0.2270,0.2280,0.2260,0.2270,1926400
2003-01-30 09:30:00,0.2270,0.2290,0.2270,0.2270,4378528
2003-01-30 09:29:00,0.2270,0.2310,0.2270,0.2270,650776
2003-01-30 09:28:00,0.2260,0.2270,0.2260,0.2260,11200
2003-01-30 09:23:00,0.2260,0.2260,0.2260,0.2260,67200
2003-01-30 09:22:00,0.2260,0.2260,0.2260,0.2260,16800
2003-01-30 09:16:00,0.2270,0.2270,0.2260,0.2260,56000
2003-01-30 09:01:00,0.2260,0.2260,0.2260,0.2260,28000
2003-01-30 08:56:00,0.2260,0.2260,0.2260,0.2260,16800
2003-01-29 17:46:00,0.2270,0.2310,0.2270,0.2280,106512
2003-01-29 17:43:00,0.2280,0.2280,0.2280,0.2280,5600
2003-01-29 17:35:00,0.2260,0.2270,0.2260,0.2260,16800
2003-01-29 17:27:00,0.2260,0.2270,0.2260,0.2260,504000
2003-01-29 17:25:00,0.2260,0.2260,0.2250,0.2260,11200
2003-01-29 17:22:00,0.2260,0.2300,0.2250,0.2290,95200
2003-01-29 17:20:00,0.2260,0.2260,0.2250,0.2260,5600
2003-01-29 17:12:00,0.2260,0.2260,0.2250,0.2260,11200
2003-01-29 16:45:00,0.2260,0.2270,0.2260,0.2260,352800
2003-01-29 16:37:00,0.2260,0.2260,0.2250,0.2260,5600
2003-01-29 16:33:00,0.2260,0.2260,0.2250,0.2260,5600
2003-01-29 16:29:00,0.2260,0.2270,0.2260,0.2260,16671200
2003-01-29 16:28:00,0.2250,0.2260,0.2250,0.2250,5600
2003-01-29 16:23:00,0.2250,0.2250,0.2240,0.2250,11200
2003-01-29 16:14:00,0.2260,0.2260,0.2250,0.2260,16800
2003-01-29 16:12:00,0.2260,0.2270,0.2260,0.2260,224000
2003-01-29 16:11:00,0.2260,0.2260,0.2250,0.2260,5600
2003-01-29 16:10:00,0.2260,0.2270,0.2250,0.2260,42672
2003-01-29 16:09:00,0.2260,0.2270,0.2260,0.2260,823200
2003-01-29 16:08:00,0.2260,0.2260,0.2250,0.2260,10640
2003-01-29 16:05:00,0.2260,0.2270,0.2260,0.2260,912800
2003-01-29 16:04:00,0.2260,0.2270,0.2260,0.2260,16800
2003-01-29 16:03:00,0.2260,0.2270,0.2250,0.2260,1125600
2003-01-29 16:02:00,0.2260,0.2260,0.2250,0.2260,39200
2003-01-29 16:01:00,0.2260,0.2270,0.2250,0.2260,924000
2003-01-29 16:00:00,0.2260,0.2270,0.2250,0.2250,1136800
2003-01-29 15:59:00,0.2270,0.2270,0.2260,0.2260,18423104
2003-01-29 15:58:00,0.2270,0.2280,0.2260,0.2270,2189600
2003-01-29 15:57:00,0.2270,0.2270,0.2260,0.2270,3045448
2003-01-29 15:56:00,0.2270,0.2270,0.2260,0.2260,3528000
2003-01-29 15:55:00,0.2270,0.2280,0.2270,0.2270,2181312
2003-01-29 15:54:00,0.2270,0.2280,0.2270,0.2270,2788968
2003-01-29 15:53:00,0.2270,0.2280,0.2270,0.2270,1724800
2003-01-29 15:52:00,0.2270,0.2280,0.2270,0.2270,823200
2003-01-29 15:51:00,0.2270,0.2280,0.2270,0.2270,1064000
2003-01-29 15:50:00,0.2270,0.2280,0.2270,0.2270,688800
2003-01-29 15:49:00,0.2270,0.2280,0.2270,0.2270,2777600
2003-01-29 15:48:00,0.2280,0.2280,0.2270,0.2270,1071616
2003-01-29 15:47:00,0.2270,0.2280,0.2270,0.2270,2594760
2003-01-29 15:46:00,0.2270,0.2270,0.2270,0.2270,767200
2003-01-29 15:45:00,0.2270,0.2270,0.2260,0.2270,436800
2003-01-29 15:44:00,0.2270,0.2270,0.2260,0.2270,1808800
2003-01-29 15:43:00,0.2270,0.2270,0.2260,0.2270,918400
2003-01-29 15:42:00,0.2270,0.2270,0.2260,0.2270,1086400
2003-01-29 15:41:00,0.2270,0.2270,0.2260,0.2270,3366888
2003-01-29 15:40:00,0.2270,0.2270,0.2260,0.2270,1647240
2003-01-29 15:39:00,0.2270,0.2270,0.2260,0.2270,1105720
2003-01-29 15:38:00,0.2270,0.2270,0.2260,0.2270,748720
2003-01-29 15:37:00,0.2270,0.2270,0.2260,0.2270,896000
2003-01-29 15:36:00,0.2270,0.2270,0.2260,0.2270,665672
2003-01-29 15:35:00,0.2270,0.2280,0.2260,0.2270,1111600
2003-01-29 15:34:00,0.2280,0.2280,0.2270,0.2270,2434880
2003-01-29 15:33:00,0.2280,0.2280,0.2270,0.2280,1001336
2003-01-29 15:32:00,0.2280,0.2280,0.2270,0.2270,1174600
2003-01-29 15:31:00,0.2280,0.2280,0.2270,0.2270,868000
2003-01-29 15:30:00,0.2280,0.2280,0.2270,0.2280,3555440
2003-01-29 15:29:00,0.2280,0.2290,0.2270,0.2280,1540000
2003-01-29 15:28:00,0.2280,0.2290,0.2280,0.2280,1794240
2003-01-29 15:27:00,0.2280,0.2290,0.2270,0.2280,2307200
2003-01-29 15:26:00,0.2280,0.2280,0.2270,0.2280,1904000
2003-01-29 15:25:00,0.2280,0.2280,0.2270,0.2280,1770160
2003-01-29 15:24:00,0.2270,0.2280,0.2270,0.2270,4378472
2003-01-29 15:23:00,0.2270,0.2280,0.2270,0.2270,532000
2003-01-29 15:22:00,0.2270,0.2280,0.2270,0.2270,1610056
2003-01-29 15:21:00,0.2270,0.2270,0.2260,0.2270,1895600
2003-01-29 15:20:00,0.2270,0.2270,0.2260,0.2270,1108800
2003-01-29 15:19:00,0.2260,0.2270,0.2260,0.2270,2525600
2003-01-29 15:18:00,0.2260,0.2260,0.2250,0.2260,1405600
2003-01-29 15:17:00,0.2260,0.2270,0.2260,0.2260,224000
2003-01-29 15:16:00,0.2270,0.2270,0.2260,0.2260,1688680
2003-01-29 15:15:00,0.2260,0.2270,0.2250,0.2260,1867600
2003-01-29 15:14:00,0.2260,0.2260,0.2250,0.2260,1963248
2003-01-29 15:13:00,0.2260,0.2260,0.2250,0.2260,756000
2003-01-29 15:12:00,0.2260,0.2260,0.2250,0.2260,399168
2003-01-29 15:11:00,0.2260,0.2260,0.2250,0.2260,459200
2003-01-29 15:10:00,0.2260,0.2260,0.2250,0.2260,1843016
2003-01-29 15:09:00,0.2260,0.2260,0.2250,0.2260,224000
2003-01-29 15:08:00,0.2250,0.2260,0.2250,0.2260,364000
2003-01-29 15:07:00,0.2250,0.2260,0.2250,0.2250,292600
2003-01-29 15:06:00,0.2250,0.2260,0.2250,0.2250,192584
2003-01-29 15:05:00,0.2250,0.2260,0.2250,0.2250,912128
2003-01-29 15:04:00,0.2250,0.2260,0.2250,0.2250,1253504
2003-01-29 15:03:00,0.2250,0.2260,0.2250,0.2250,487200
2003-01-29 15:02:00,0.2260,0.2260,0.2250,0.2250,275744
2003-01-29 15:01:00,0.2260,0.2260,0.2250,0.2260,453264
2003-01-29 15:00:00,0.2260,0.2260,0.2250,0.2260,481600
2003-01-29 14:59:00,0.2260,0.2260,0.2250,0.2260,739200
2003-01-29 14:58:00,0.2260,0.2260,0.2250,0.2260,770056
2003-01-29 14:57:00,0.2250,0.2260,0.2240,0.2260,2514400
2003-01-29 14:56:00,0.2250,0.2260,0.2250,0.2250,509600
2003-01-29 14:55:00,0.2250,0.2260,0.2240,0.2250,1276800
2003-01-29 14:54:00,0.2240,0.2250,0.2240,0.2250,698432
2003-01-29 14:53:00,0.2250,0.2250,0.2240,0.2240,1209208
2003-01-29 14:52:00,0.2240,0.2250,0.2240,0.2250,604800
2003-01-29 14:51:00,0.2250,0.2250,0.2240,0.2240,732480
2003-01-29 14:50:00,0.2240,0.2250,0.2240,0.2240,1131200
2003-01-29 14:49:00,0.2240,0.2240,0.2230,0.2240,548800
2003-01-29 14:48:00,0.2240,0.2240,0.2230,0.2240,150584
2003-01-29 14:47:00,0.2240,0.2240,0.2230,0.2240,218400
2003-01-29 14:46:00,0.2240,0.2240,0.2230,0.2240,840840
2003-01-29 14:45:00,0.2240,0.2250,0.2230,0.2240,669480
2003-01-29 14:44:00,0.2240,0.2250,0.2240,0.2240,408800
2003-01-29 14:43:00,0.2240,0.2250,0.2230,0.2240,2357600
2003-01-29 14:42:00,0.2240,0.2250,0.2240,0.2240,224000
2003-01-29 14:41:00,0.2240,0.2250,0.2240,0.2240,1063160
2003-01-29 14:40:00,0.2230,0.2250,0.2230,0.2240,1047200
2003-01-29 14:39:00,0.2240,0.2240,0.2230,0.2230,450352
2003-01-29 14:38:00,0.2240,0.2240,0.2230,0.2240,576800
2003-01-29 14:37:00,0.2240,0.2240,0.2230,0.2240,365792
2003-01-29 14:36:00,0.2240,0.2240,0.2230,0.2240,246400
2003-01-29 14:35:00,0.2240,0.2240,0.2230,0.2240,156800
2003-01-29 14:34:00,0.2240,0.2240,0.2230,0.2240,427224
2003-01-29 14:33:00,0.2240,0.2250,0.2240,0.2240,403200
2003-01-29 14:32:00,0.2240,0.2240,0.2230,0.2240,959560
2003-01-29 14:31:00,0.2230,0.2240,0.2230,0.2240,95200
2003-01-29 14:30:00,0.2230,0.2240,0.2230,0.2230,285600
2003-01-29 14:29:00,0.2230,0.2230,0.2230,0.2230,123200
2003-01-29 14:28:00,0.2230,0.2230,0.2230,0.2230,347200
2003-01-29 14:27:00,0.2230,0.2230,0.2230,0.2230,582400
2003-01-29 14:26:00,0.2230,0.2240,0.2230,0.2230,156800
2003-01-29 14:25:00,0.2230,0.2230,0.2230,0.2230,471912
2003-01-29 14:24:00,0.2240,0.2240,0.2230,0.2230,554400
2003-01-29 14:23:00,0.2230,0.2240,0.2220,0.2230,840000
2003-01-29 14:22:00,0.2230,0.2230,0.2220,0.2230,434280
2003-01-29 14:21:00,0.2230,0.2230,0.2230,0.2230,520800
2003-01-29 14:20:00,0.2230,0.2230,0.2220,0.2220,1439200
2003-01-29 14:19:00,0.2240,0.2240,0.2230,0.2230,226800
2003-01-29 14:18:00,0.2240,0.2240,0.2230,0.2240,903672
2003-01-29 14:17:00,0.2230,0.2240,0.2220,0.2240,582512
2003-01-29 14:16:00,0.2230,0.2240,0.2230,0.2240,134400
2003-01-29 14:15:00,0.2230,0.2240,0.2230,0.2230,414400
2003-01-29 14:14:00,0.2230,0.2240,0.2230,0.2230,112000
2003-01-29 14:13:00,0.2230,0.2240,0.2230,0.2230,676144
2003-01-29 14:12:00,0.2230,0.2240,0.2230,0.2230,313600
2003-01-29 14:11:00,0.2230,0.2230,0.2220,0.2230,532000
2003-01-29 14:10:00,0.2230,0.2240,0.2230,0.2230,296800
2003-01-29 14:09:00,0.2230,0.2230,0.2230,0.2230,134400
2003-01-29 14:08:00,0.2230,0.2230,0.2220,0.2230,313600
2003-01-29 14:07:00,0.2230,0.2230,0.2220,0.2230,308000
2003-01-29 14:06:00,0.2230,0.2230,0.2220,0.2230,118776
2003-01-29 14:05:00,0.2220,0.2230,0.2220,0.2220,263200
2003-01-29 14:04:00,0.2220,0.2230,0.2220,0.2220,285600
2003-01-29 14:03:00,0.2220,0.2230,0.2220,0.2220,246400
2003-01-29 14:02:00,0.2230,0.2230,0.2220,0.2220,1064000
2003-01-29 14:01:00,0.2230,0.2230,0.2220,0.2230,95200
2003-01-29 14:00:00,0.2230,0.2230,0.2220,0.2230,128800
2003-01-29 13:59:00,0.2230,0.2230,0.2220,0.2230,780360
2003-01-29 13:58:00,0.2230,0.2230,0.2220,0.2230,274400
2003-01-29 13:57:00,0.2230,0.2230,0.2220,0.2230,160608
2003-01-29 13:56:00,0.2230,0.2230,0.2220,0.2230,560000
2003-01-29 13:55:00,0.2230,0.2240,0.2230,0.2230,593600
2003-01-29 13:54:00,0.2230,0.2230,0.2230,0.2230,218400
2003-01-29 13:53:00,0.2230,0.2240,0.2230,0.2230,303464
2003-01-29 13:52:00,0.2240,0.2240,0.2230,0.2230,140000
2003-01-29 13:51:00,0.2240,0.2240,0.2230,0.2230,296800
2003-01-29 13:50:00,0.2240,0.2240,0.2230,0.2240,1024800
2003-01-29 13:49:00,0.2240,0.2240,0.2230,0.2240,1136800
2003-01-29 13:48:00,0.2230,0.2240,0.2230,0.2240,377608
2003-01-29 13:47:00,0.2230,0.2240,0.2230,0.2230,201600
2003-01-29 13:46:00,0.2230,0.2240,0.2230,0.2230,1019200
2003-01-29 13:45:00,0.2230,0.2240,0.2230,0.2230,168000
2003-01-29 13:44:00,0.2240,0.2240,0.2230,0.2230,128800
2003-01-29 13:43:00,0.2230,0.2240,0.2230,0.2240,1618400
2003-01-29 13:42:00,0.2230,0.2240,0.2230,0.2230,212800
2003-01-29 13:41:00,0.2230,0.2240,0.2230,0.2230,162400
2003-01-29 13:40:00,0.2240,0.2240,0.2230,0.2240,616504
2003-01-29 13:39:00,0.2240,0.2240,0.2230,0.2240,61600
2003-01-29 13:38:00,0.2240,0.2240,0.2230,0.2240,84000
2003-01-29 13:37:00,0.2240,0.2240,0.2230,0.2240,5600
2003-01-29 13:36:00,0.2240,0.2240,0.2230,0.2240,252000
2003-01-29 13:35:00,0.2240,0.2240,0.2230,0.2240,44800
2003-01-29 13:34:00,0.2240,0.2240,0.2230,0.2240,840000
2003-01-29 13:33:00,0.2240,0.2240,0.2230,0.2240,336000
2003-01-29 13:32:00,0.2230,0.2240,0.2230,0.2230,61600
2003-01-29 13:31:00,0.2230,0.2240,0.2230,0.2230,162400
2003-01-29 13:30:00,0.2230,0.2230,0.2230,0.2230,179200
2003-01-29 13:29:00,0.2230,0.2240,0.2230,0.2230,1720488
2003-01-29 13:28:00,0.2230,0.2230,0.2230,0.2230,33600
2003-01-29 13:27:00,0.2230,0.2230,0.2220,0.2230,151200
2003-01-29 13:26:00,0.2230,0.2230,0.2230,0.2230,16800
2003-01-29 13:25:00,0.2230,0.2230,0.2220,0.2230,198968
2003-01-29 13:24:00,0.2230,0.2230,0.2230,0.2230,84000
2003-01-29 13:22:00,0.2230,0.2230,0.2230,0.2230,134400
2003-01-29 13:21:00,0.2230,0.2240,0.2230,0.2230,218400
2003-01-29 13:20:00,0.2230,0.2240,0.2230,0.2230,5600
2003-01-29 13:19:00,0.2240,0.2240,0.2230,0.2230,84000
2003-01-29 13:18:00,0.2230,0.2240,0.2230,0.2240,431200
2003-01-29 13:17:00,0.2230,0.2240,0.2230,0.2230,291200
2003-01-29 13:16:00,0.2230,0.2240,0.2220,0.2230,733600
2003-01-29 13:15:00,0.2230,0.2230,0.2220,0.2230,257600
2003-01-29 13:14:00,0.2230,0.2230,0.2220,0.2230,246400
2003-01-29 13:13:00,0.2230,0.2230,0.2220,0.2220,229600
2003-01-29 13:12:00,0.2230,0.2230,0.2220,0.2220,576800
2003-01-29 13:11:00,0.2230,0.2230,0.2220,0.2230,521864
2003-01-29 13:10:00,0.2220,0.2230,0.2220,0.2230,884800
2003-01-29 13:09:00,0.2220,0.2220,0.2220,0.2220,44800
2003-01-29 13:08:00,0.2220,0.2230,0.2210,0.2220,1086400
2003-01-29 13:07:00,0.2230,0.2230,0.2210,0.2220,946120
2003-01-29 13:06:00,0.2230,0.2230,0.2220,0.2220,134400
2003-01-29 13:05:00,0.2230,0.2230,0.2220,0.2230,140000
2003-01-29 13:04:00,0.2230,0.2230,0.2220,0.2230,2112432
2003-01-29 13:03:00,0.2230,0.2240,0.2220,0.2230,985600
2003-01-29 13:02:00,0.2240,0.2240,0.2230,0.2230,2200800
2003-01-29 13:01:00,0.2240,0.2240,0.2230,0.2240,268800
2003-01-29 13:00:00,0.2230,0.2240,0.2230,0.2240,1052800
2003-01-29 12:59:00,0.2230,0.2240,0.2230,0.2230,767200
2003-01-29 12:58:00,0.2240,0.2240,0.2230,0.2230,263200
2003-01-29 12:57:00,0.2240,0.2240,0.2240,0.2240,196000
2003-01-29 12:56:00,0.2250,0.2250,0.2240,0.2240,414400
2003-01-29 12:55:00,0.2240,0.2250,0.2240,0.2240,1940120
2003-01-29 12:54:00,0.2240,0.2250,0.2230,0.2240,3731560
2003-01-29 12:53:00,0.2230,0.2240,0.2230,0.2240,2884560
2003-01-29 12:52:00,0.2230,0.2240,0.2220,0.2230,2058000
2003-01-29 12:51:00,0.2220,0.2230,0.2220,0.2230,1576176
2003-01-29 12:50:00,0.2220,0.2230,0.2210,0.2220,1067416
2003-01-29 12:49:00,0.2220,0.2220,0.2220,0.2220,218400
2003-01-29 12:48:00,0.2210,0.2220,0.2210,0.2220,672000
2003-01-29 12:47:00,0.2210,0.2220,0.2210,0.2210,1181600
2003-01-29 12:46:00,0.2220,0.2220,0.2210,0.2210,302400
2003-01-29 12:45:00,0.2220,0.2220,0.2210,0.2210,593600
2003-01-29 12:44:00,0.2220,0.2220,0.2210,0.2220,1657600
2003-01-29 12:43:00,0.2210,0.2220,0.2210,0.2220,599200
2003-01-29 12:42:00,0.2210,0.2220,0.2210,0.2210,39200
2003-01-29 12:41:00,0.2210,0.2220,0.2210,0.2210,1103200
2003-01-29 12:40:00,0.2210,0.2220,0.2210,0.2210,784000
2003-01-29 12:39:00,0.2220,0.2220,0.2210,0.2220,134400
2003-01-29 12:38:00,0.2220,0.2220,0.2210,0.2220,800800
2003-01-29 12:37:00,0.2220,0.2220,0.2210,0.2220,506856
2003-01-29 12:36:00,0.2210,0.2220,0.2210,0.2220,2290400
2003-01-29 12:35:00,0.2210,0.2220,0.2210,0.2210,224000
2003-01-29 12:34:00,0.2210,0.2220,0.2200,0.2210,1715112
2003-01-29 12:33:00,0.2210,0.2210,0.2200,0.2210,875000
2003-01-29 12:32:00,0.2210,0.2210,0.2200,0.2210,539840
2003-01-29 12:31:00,0.2210,0.2210,0.2200,0.2210,319200
2003-01-29 12:30:00,0.2200,0.2210,0.2200,0.2200,375480
2003-01-29 12:29:00,0.2210,0.2210,0.2200,0.2210,442400
2003-01-29 12:28:00,0.2210,0.2210,0.2200,0.2210,476000
2003-01-29 12:27:00,0.2200,0.2210,0.2200,0.2210,1627528
2003-01-29 12:26:00,0.2200,0.2210,0.2200,0.2200,50400
2003-01-29 12:25:00,0.2200,0.2210,0.2200,0.2200,89432
2003-01-29 12:24:00,0.2200,0.2210,0.2200,0.2200,117600
2003-01-29 12:23:00,0.2200,0.2210,0.2200,0.2200,72800
2003-01-29 12:22:00,0.2200,0.2200,0.2200,0.2200,39200
2003-01-29 12:21:00,0.2200,0.2200,0.2200,0.2200,11200
2003-01-29 12:20:00,0.2200,0.2210,0.2200,0.2200,167104
2003-01-29 12:19:00,0.2200,0.2210,0.2200,0.2200,123200
2003-01-29 12:18:00,0.2200,0.2210,0.2200,0.2200,119672
2003-01-29 12:17:00,0.2200,0.2210,0.2200,0.2200,5600
2003-01-29 12:15:00,0.2200,0.2210,0.2200,0.2200,50400
2003-01-29 12:14:00,0.2200,0.2210,0.2200,0.2200,16800
2003-01-29 12:11:00,0.2200,0.2200,0.2200,0.2200,44800
2003-01-29 12:10:00,0.2200,0.2200,0.2200,0.2200,11200
2003-01-29 12:09:00,0.2200,0.2200,0.2200,0.2200,78400
2003-01-29 12:08:00,0.2200,0.2200,0.2200,0.2200,196000
2003-01-29 12:07:00,0.2200,0.2200,0.2200,0.2200,448000
2003-01-29 12:06:00,0.2200,0.2200,0.2200,0.2200,33600
2003-01-29 12:05:00,0.2200,0.2210,0.2200,0.2200,22400
2003-01-29 12:04:00,0.2200,0.2210,0.2200,0.2200,226520
2003-01-29 12:02:00,0.2200,0.2210,0.2200,0.2200,134400
2003-01-29 12:01:00,0.2200,0.2210,0.2200,0.2200,11200
2003-01-29 12:00:00,0.2200,0.2210,0.2200,0.2200,56000
2003-01-29 11:59:00,0.2200,0.2200,0.2200,0.2200,78400
2003-01-29 11:58:00,0.2200,0.2200,0.2200,0.2200,100800
2003-01-29 11:57:00,0.2200,0.2200,0.2200,0.2200,190400
2003-01-29 11:56:00,0.2200,0.2210,0.2200,0.2200,145600
2003-01-29 11:55:00,0.2200,0.2210,0.2200,0.2200,61600
2003-01-29 11:54:00,0.2200,0.2210,0.2200,0.2200,313600
2003-01-29 11:53:00,0.2200,0.2200,0.2200,0.2200,39200
2003-01-29 11:52:00,0.2200,0.2200,0.2200,0.2200,11200
2003-01-29 11:51:00,0.2200,0.2210,0.2200,0.2210,543200
2003-01-29 11:50:00,0.2200,0.2200,0.2200,0.2200,22400
2003-01-29 11:49:00,0.2200,0.2200,0.2200,0.2200,61600
2003-01-29 11:48:00,0.2200,0.2210,0.2200,0.2200,100800
2003-01-29 11:47:00,0.2200,0.2210,0.2200,0.2200,44800
2003-01-29 11:46:00,0.2200,0.2210,0.2200,0.2200,39200
2003-01-29 11:45:00,0.2200,0.2210,0.2200,0.2200,296800
2003-01-29 11:44:00,0.2200,0.2210,0.2200,0.2200,201600
2003-01-29 11:43:00,0.2200,0.2210,0.2200,0.2200,323736
2003-01-29 11:42:00,0.2210,0.2210,0.2200,0.2200,509600
2003-01-29 11:41:00,0.2210,0.2210,0.2200,0.2210,112000
2003-01-29 11:40:00,0.2200,0.2210,0.2200,0.2210,78400
2003-01-29 11:39:00,0.2210,0.2210,0.2200,0.2200,67200
2003-01-29 11:38:00,0.2210,0.2210,0.2200,0.2210,152320
2003-01-29 11:37:00,0.2200,0.2210,0.2200,0.2200,184800
2003-01-29 11:36:00,0.2200,0.2210,0.2200,0.2200,162400
2003-01-29 11:35:00,0.2200,0.2210,0.2200,0.2200,78400
2003-01-29 11:34:00,0.2210,0.2210,0.2200,0.2200,145600
2003-01-29 11:33:00,0.2210,0.2210,0.2200,0.2210,162400
2003-01-29 11:32:00,0.2200,0.2210,0.2200,0.2200,196000
2003-01-29 11:31:00,0.2200,0.2210,0.2200,0.2200,11200
2003-01-29 11:30:00,0.2200,0.2210,0.2200,0.2200,235200
2003-01-29 11:29:00,0.2200,0.2210,0.2200,0.2200,665000
2003-01-29 11:28:00,0.2200,0.2210,0.2200,0.2200,140000
2003-01-29 11:27:00,0.2200,0.2210,0.2200,0.2200,302400
2003-01-29 11:26:00,0.2200,0.2210,0.2200,0.2200,319200
2003-01-29 11:25:00,0.2200,0.2210,0.2200,0.2200,28000
2003-01-29 11:24:00,0.2200,0.2210,0.2200,0.2200,319200
2003-01-29 11:23:00,0.2210,0.2210,0.2200,0.2200,940800
2003-01-29 11:22:00,0.2200,0.2210,0.2200,0.2200,56000
2003-01-29 11:21:00,0.2200,0.2210,0.2200,0.2200,5600
2003-01-29 11:20:00,0.2200,0.2210,0.2200,0.2200,1030904
2003-01-29 11:19:00,0.2200,0.2210,0.2200,0.2200,1730400
2003-01-29 11:18:00,0.2200,0.2210,0.2200,0.2200,392000
2003-01-29 11:17:00,0.2200,0.2210,0.2200,0.2200,683200
2003-01-29 11:16:00,0.2200,0.2210,0.2200,0.2200,44800
2003-01-29 11:15:00,0.2200,0.2210,0.2200,0.2200,2346400
2003-01-29 11:14:00,0.2200,0.2210,0.2200,0.2200,688800
2003-01-29 11:13:00,0.2200,0.2210,0.2200,0.2200,931616
2003-01-29 11:12:00,0.2200,0.2200,0.2200,0.2200,67200
2003-01-29 11:11:00,0.2200,0.2210,0.2200,0.2200,134400
2003-01-29 11:10:00,0.2200,0.2210,0.2200,0.2200,28000
2003-01-29 11:09:00,0.2200,0.2210,0.2200,0.2200,431200
2003-01-29 11:08:00,0.2200,0.2210,0.2200,0.2200,207200
2003-01-29 11:07:00,0.2200,0.2210,0.2200,0.2200,134400
2003-01-29 11:06:00,0.2200,0.2210,0.2200,0.2200,145600
2003-01-29 11:05:00,0.2200,0.2210,0.2200,0.2200,1007328
2003-01-29 11:04:00,0.2200,0.2210,0.2200,0.2200,918400
2003-01-29 11:03:00,0.2200,0.2210,0.2200,0.2200,714616
2003-01-29 11:02:00,0.2200,0.2210,0.2200,0.2200,95200
2003-01-29 11:01:00,0.2200,0.2200,0.2200,0.2200,364000
2003-01-29 11:00:00,0.2200,0.2210,0.2200,0.2200,1127504
2003-01-29 10:59:00,0.2200,0.2210,0.2200,0.2200,100800
2003-01-29 10:58:00,0.2200,0.2200,0.2200,0.2200,649600
2003-01-29 10:57:00,0.2200,0.2200,0.2200,0.2200,744800
2003-01-29 10:56:00,0.2200,0.2210,0.2200,0.2200,1024800
2003-01-29 10:55:00,0.2200,0.2210,0.2200,0.2200,509600
2003-01-29 10:54:00,0.2200,0.2210,0.2200,0.2200,458024
2003-01-29 10:53:00,0.2200,0.2210,0.2200,0.2200,1365000
2003-01-29 10:52:00,0.2200,0.2200,0.2200,0.2200,1293600
2003-01-29 10:51:00,0.2200,0.2210,0.2200,0.2200,1737400
2003-01-29 10:50:00,0.2200,0.2210,0.2200,0.2200,179200
2003-01-29 10:49:00,0.2200,0.2210,0.2200,0.2200,599200
2003-01-29 10:48:00,0.2200,0.2210,0.2200,0.2200,1489600
2003-01-29 10:47:00,0.2200,0.2200,0.2200,0.2200,1332800
2003-01-29 10:46:00,0.2200,0.2210,0.2200,0.2200,2354184
2003-01-29 10:45:00,0.2200,0.2210,0.2200,0.2200,840000
2003-01-29 10:44:00,0.2200,0.2200,0.2190,0.2200,1459696
2003-01-29 10:43:00,0.2200,0.2210,0.2190,0.2200,1388800
2003-01-29 10:42:00,0.2200,0.2210,0.2200,0.2200,929600
2003-01-29 10:41:00,0.2200,0.2210,0.2200,0.2200,1304800
2003-01-29 10:40:00,0.2200,0.2210,0.2200,0.2200,612696
2003-01-29 10:39:00,0.2200,0.2210,0.2200,0.2200,2021600
2003-01-29 10:38:00,0.2200,0.2210,0.2190,0.2200,5331200
2003-01-29 10:37:00,0.2210,0.2210,0.2200,0.2210,341600
2003-01-29 10:36:00,0.2210,0.2210,0.2200,0.2210,453600
2003-01-29 10:35:00,0.2210,0.2210,0.2200,0.2210,1586816
2003-01-29 10:34:00,0.2210,0.2210,0.2200,0.2210,1933568
2003-01-29 10:33:00,0.2210,0.2210,0.2200,0.2210,162400
2003-01-29 10:32:00,0.2210,0.2210,0.2200,0.2210,588000
2003-01-29 10:31:00,0.2210,0.2210,0.2200,0.2210,1143912
2003-01-29 10:30:00,0.2210,0.2210,0.2200,0.2210,1097880
2003-01-29 10:29:00,0.2210,0.2210,0.2200,0.2210,521136
2003-01-29 10:28:00,0.2210,0.2210,0.2200,0.2210,442400
2003-01-29 10:27:00,0.2210,0.2210,0.2200,0.2210,683200
2003-01-29 10:26:00,0.2210,0.2210,0.2200,0.2210,828800
2003-01-29 10:25:00,0.2200,0.2210,0.2200,0.2210,1803200
2003-01-29 10:24:00,0.2200,0.2210,0.2200,0.2200,2447200
2003-01-29 10:23:00,0.2200,0.2210,0.2200,0.2200,4793600
2003-01-29 10:22:00,0.2200,0.2210,0.2200,0.2200,196000
2003-01-29 10:21:00,0.2200,0.2210,0.2200,0.2200,173600
2003-01-29 10:20:00,0.2200,0.2210,0.2200,0.2200,1142400
2003-01-29 10:19:00,0.2200,0.2210,0.2190,0.2200,974400
2003-01-29 10:18:00,0.2200,0.2210,0.2200,0.2200,161000
2003-01-29 10:17:00,0.2200,0.2210,0.2200,0.2200,888216
2003-01-29 10:16:00,0.2200,0.2210,0.2200,0.2200,1887200
2003-01-29 10:15:00,0.2200,0.2210,0.2200,0.2200,826056
2003-01-29 10:14:00,0.2200,0.2210,0.2190,0.2200,1315328
2003-01-29 10:13:00,0.2200,0.2210,0.2200,0.2200,2156000
2003-01-29 10:12:00,0.2200,0.2210,0.2190,0.2200,1024800
2003-01-29 10:11:00,0.2200,0.2200,0.2190,0.2200,548800
2003-01-29 10:10:00,0.2190,0.2200,0.2190,0.2200,1083432
2003-01-29 10:09:00,0.2190,0.2200,0.2190,0.2190,520800
2003-01-29 10:08:00,0.2200,0.2200,0.2190,0.2190,464688
2003-01-29 10:07:00,0.2190,0.2200,0.2190,0.2190,599200
2003-01-29 10:06:00,0.2200,0.2200,0.2190,0.2190,739200
2003-01-29 10:05:00,0.2190,0.2200,0.2190,0.2200,1523200
2003-01-29 10:04:00,0.2190,0.2190,0.2180,0.2190,1047200
2003-01-29 10:03:00,0.2190,0.2190,0.2180,0.2190,291200
2003-01-29 10:02:00,0.2190,0.2190,0.2180,0.2190,67200
2003-01-29 10:01:00,0.2180,0.2190,0.2180,0.2190,571200
2003-01-29 10:00:00,0.2180,0.2190,0.2180,0.2180,694792
2003-01-29 09:59:00,0.2180,0.2190,0.2180,0.2180,789600
2003-01-29 09:58:00,0.2190,0.2200,0.2180,0.2190,660800
2003-01-29 09:57:00,0.2180,0.2190,0.2180,0.2190,924000
2003-01-29 09:56:00,0.2180,0.2190,0.2180,0.2180,1324344
2003-01-29 09:55:00,0.2180,0.2190,0.2180,0.2180,436800
2003-01-29 09:54:00,0.2180,0.2190,0.2180,0.2180,487200
2003-01-29 09:53:00,0.2180,0.2190,0.2170,0.2180,1080800
2003-01-29 09:52:00,0.2180,0.2190,0.2170,0.2180,999320
2003-01-29 09:51:00,0.2180,0.2190,0.2180,0.2190,1220800
2003-01-29 09:50:00,0.2180,0.2190,0.2170,0.2180,2297960
2003-01-29 09:49:00,0.2170,0.2200,0.2170,0.2180,6866776
2003-01-29 09:48:00,0.2180,0.2190,0.2170,0.2170,1901984
2003-01-29 09:47:00,0.2180,0.2190,0.2180,0.2180,789600
2003-01-29 09:46:00,0.2180,0.2190,0.2180,0.2180,515200
2003-01-29 09:45:00,0.2180,0.2190,0.2180,0.2180,660800
2003-01-29 09:44:00,0.2190,0.2190,0.2180,0.2180,386400
2003-01-29 09:43:00,0.2190,0.2190,0.2180,0.2190,302400
2003-01-29 09:42:00,0.2180,0.2190,0.2180,0.2190,980000
2003-01-29 09:41:00,0.2180,0.2190,0.2180,0.2180,481600
2003-01-29 09:40:00,0.2180,0.2190,0.2170,0.2180,1155448
2003-01-29 09:39:00,0.2180,0.2180,0.2170,0.2180,2975448
2003-01-29 09:38:00,0.2180,0.2180,0.2170,0.2180,2766400
2003-01-29 09:37:00,0.2180,0.2180,0.2170,0.2170,1423800
2003-01-29 09:36:00,0.2180,0.2180,0.2170,0.2180,2004800
2003-01-29 09:35:00,0.2170,0.2190,0.2160,0.2180,1484000
2003-01-29 09:34:00,0.2190,0.2190,0.2170,0.2170,1898400
2003-01-29 09:33:00,0.2190,0.2190,0.2180,0.2190,313600
2003-01-29 09:32:00,0.2190,0.2190,0.2180,0.2190,532000
2003-01-29 09:31:00,0.2190,0.2200,0.2180,0.2190,476000
2003-01-29 09:30:00,0.2210,0.2210,0.2180,0.2180,2083312
2003-01-29 09:29:00,0.2210,0.2210,0.2200,0.2210,5600
2003-01-29 09:24:00,0.2190,0.2190,0.2190,0.2190,11200
2003-01-29 09:22:00,0.2190,0.2190,0.2190,0.2190,28000
2003-01-29 09:20:00,0.2190,0.2190,0.2190,0.2190,22400
2003-01-29 09:14:00,0.2190,0.2190,0.2190,0.2190,11200
2003-01-29 09:05:00,0.2190,0.2190,0.2180,0.2190,16800
2003-01-29 08:28:00,0.2180,0.2180,0.2180,0.2180,33600
2003-01-29 08:02:00,0.2210,0.2210,0.2210,0.2210,61600
2003-01-28 18:15:00,0.2220,0.2220,0.2220,0.2220,5600
2003-01-28 17:50:00,0.2210,0.2210,0.2210,0.2210,22400
2003-01-28 17:44:00,0.2210,0.2220,0.2210,0.2210,112000
2003-01-28 17:03:00,0.2200,0.2200,0.2200,0.2200,11200
2003-01-28 17:02:00,0.2210,0.2210,0.2210,0.2210,11200
2003-01-28 16:49:00,0.2210,0.2210,0.2210,0.2210,44800
2003-01-28 16:43:00,0.2200,0.2200,0.2200,0.2200,28000
2003-01-28 16:37:00,0.2210,0.2210,0.2210,0.2210,134400
2003-01-28 16:36:00,0.2210,0.2210,0.2210,0.2210,123200
2003-01-28 16:34:00,0.2210,0.2210,0.2210,0.2210,123200
2003-01-28 16:31:00,0.2210,0.2220,0.2210,0.2210,44800
2003-01-28 16:18:00,0.2200,0.2210,0.2190,0.2210,224000
2003-01-28 16:17:00,0.2210,0.2210,0.2190,0.2190,44800
2003-01-28 16:16:00,0.2200,0.2200,0.2190,0.2190,5600
2003-01-28 16:11:00,0.2210,0.2210,0.2200,0.2210,67200
2003-01-28 16:10:00,0.2210,0.2210,0.2210,0.2210,16800
2003-01-28 16:09:00,0.2210,0.2210,0.2200,0.2210,2783200
2003-01-28 16:08:00,0.2210,0.2210,0.2210,0.2210,5600
2003-01-28 16:07:00,0.2200,0.2220,0.2200,0.2210,1243200
2003-01-28 16:05:00,0.2210,0.2210,0.2210,0.2210,1176000
2003-01-28 16:04:00,0.2210,0.2220,0.2210,0.2210,89600
2003-01-28 16:03:00,0.2210,0.2210,0.2200,0.2200,22400
2003-01-28 16:02:00,0.2210,0.2210,0.2200,0.2210,190400
2003-01-28 16:01:00,0.2210,0.2210,0.2200,0.2210,112000
2003-01-28 16:00:00,0.2210,0.2220,0.2200,0.2210,1778280
2003-01-28 15:59:00,0.2210,0.2220,0.2200,0.2210,1898400
2003-01-28 15:58:00,0.2210,0.2220,0.2200,0.2210,1792000
2003-01-28 15:57:00,0.2210,0.2220,0.2200,0.2210,4071200
2003-01-28 15:56:00,0.2210,0.2220,0.2210,0.2210,1688288
2003-01-28 15:55:00,0.2220,0.2220,0.2210,0.2210,1999200
2003-01-28 15:54:00,0.2220,0.2220,0.2210,0.2210,744800
2003-01-28 15:53:00,0.2220,0.2220,0.2210,0.2220,1901200
2003-01-28 15:52:00,0.2220,0.2220,0.2220,0.2220,1069600
2003-01-28 15:51:00,0.2220,0.2220,0.2220,0.2220,779800
2003-01-28 15:50:00,0.2220,0.2220,0.2220,0.2220,1523200
2003-01-28 15:49:00,0.2220,0.2220,0.2210,0.2220,638400
2003-01-28 15:48:00,0.2220,0.2230,0.2220,0.2220,2517312
2003-01-28 15:47:00,0.2210,0.2220,0.2210,0.2220,1075200
2003-01-28 15:46:00,0.2210,0.2220,0.2210,0.2210,789600
2003-01-28 15:45:00,0.2220,0.2220,0.2210,0.2210,911400
2003-01-28 15:44:00,0.2220,0.2220,0.2210,0.2220,1332800
2003-01-28 15:43:00,0.2220,0.2220,0.2210,0.2220,705600
2003-01-28 15:42:00,0.2220,0.2220,0.2210,0.2220,2063096
2003-01-28 15:41:00,0.2210,0.2220,0.2210,0.2220,1160096
2003-01-28 15:40:00,0.2210,0.2220,0.2210,0.2210,879200
2003-01-28 15:39:00,0.2210,0.2210,0.2210,0.2210,560000
2003-01-28 15:38:00,0.2210,0.2210,0.2200,0.2210,1523200
2003-01-28 15:37:00,0.2210,0.2210,0.2200,0.2210,190400
2003-01-28 15:36:00,0.2210,0.2220,0.2210,0.2210,33600
2003-01-28 15:35:00,0.2210,0.2220,0.2210,0.2210,1456000
2003-01-28 15:34:00,0.2210,0.2210,0.2200,0.2210,990136
2003-01-28 15:33:00,0.2210,0.2210,0.2200,0.2210,1422400
2003-01-28 15:32:00,0.2210,0.2220,0.2210,0.2210,744688
2003-01-28 15:31:00,0.2210,0.2220,0.2210,0.2210,1377040
2003-01-28 15:30:00,0.2210,0.2220,0.2200,0.2210,1055992
2003-01-28 15:29:00,0.2210,0.2210,0.2200,0.2210,414400
2003-01-28 15:28:00,0.2210,0.2210,0.2210,0.2210,323736
2003-01-28 15:27:00,0.2210,0.2210,0.2210,0.2210,627200
2003-01-28 15:26:00,0.2210,0.2220,0.2210,0.2210,996800
2003-01-28 15:25:00,0.2220,0.2220,0.2210,0.2210,963200
2003-01-28 15:24:00,0.2220,0.2220,0.2210,0.2220,869120
2003-01-28 15:23:00,0.2220,0.2220,0.2220,0.2220,151200
2003-01-28 15:22:00,0.2220,0.2220,0.2220,0.2220,1019200
2003-01-28 15:21:00,0.2220,0.2220,0.2220,0.2220,1265600
2003-01-28 15:20:00,0.2220,0.2230,0.2220,0.2220,3319232
2003-01-28 15:19:00,0.2210,0.2230,0.2200,0.2220,5214384
2003-01-28 15:18:00,0.2210,0.2210,0.2200,0.2210,436800
2003-01-28 15:17:00,0.2210,0.2210,0.2200,0.2210,935200
2003-01-28 15:16:00,0.2210,0.2210,0.2200,0.2210,722400
2003-01-28 15:15:00,0.2210,0.2210,0.2200,0.2210,2795240
2003-01-28 15:14:00,0.2210,0.2210,0.2200,0.2210,296800
2003-01-28 15:13:00,0.2200,0.2210,0.2200,0.2210,2708160
2003-01-28 15:12:00,0.2200,0.2210,0.2200,0.2210,810824
2003-01-28 15:11:00,0.2200,0.2210,0.2200,0.2200,252000
2003-01-28 15:10:00,0.2200,0.2200,0.2190,0.2200,739200
2003-01-28 15:09:00,0.2200,0.2200,0.2190,0.2200,957600
2003-01-28 15:08:00,0.2200,0.2200,0.2190,0.2200,543200
2003-01-28 15:07:00,0.2200,0.2200,0.2190,0.2200,812000
2003-01-28 15:06:00,0.2200,0.2200,0.2190,0.2200,1814400
2003-01-28 15:05:00,0.2190,0.2200,0.2190,0.2190,2396800
2003-01-28 15:04:00,0.2200,0.2200,0.2190,0.2190,145600
2003-01-28 15:03:00,0.2200,0.2200,0.2190,0.2200,67200
2003-01-28 15:02:00,0.2200,0.2200,0.2190,0.2190,560000
2003-01-28 15:01:00,0.2200,0.2200,0.2190,0.2200,1040368
2003-01-28 15:00:00,0.2200,0.2200,0.2190,0.2190,554400
2003-01-28 14:59:00,0.2200,0.2200,0.2190,0.2190,280000
2003-01-28 14:58:00,0.2200,0.2200,0.2190,0.2190,117600
2003-01-28 14:57:00,0.2200,0.2200,0.2190,0.2200,203784
2003-01-28 14:56:00,0.2200,0.2200,0.2190,0.2200,179200
2003-01-28 14:55:00,0.2200,0.2200,0.2190,0.2200,510888
2003-01-28 14:54:00,0.2200,0.2200,0.2190,0.2200,588000
2003-01-28 14:53:00,0.2200,0.2200,0.2190,0.2200,375200
2003-01-28 14:52:00,0.2200,0.2200,0.2190,0.2190,948416
2003-01-28 14:51:00,0.2190,0.2200,0.2190,0.2190,134400
2003-01-28 14:50:00,0.2200,0.2200,0.2190,0.2190,106400
2003-01-28 14:49:00,0.2190,0.2200,0.2190,0.2190,22400
2003-01-28 14:48:00,0.2190,0.2200,0.2190,0.2190,148736
2003-01-28 14:47:00,0.2200,0.2200,0.2190,0.2190,95200
2003-01-28 14:46:00,0.2200,0.2200,0.2190,0.2200,112000
2003-01-28 14:45:00,0.2200,0.2200,0.2190,0.2200,112000
2003-01-28 14:44:00,0.2200,0.2200,0.2190,0.2200,22400
2003-01-28 14:43:00,0.2200,0.2200,0.2190,0.2200,84000
2003-01-28 14:42:00,0.2200,0.2200,0.2190,0.2200,89600
2003-01-28 14:41:00,0.2200,0.2200,0.2190,0.2200,599200
2003-01-28 14:40:00,0.2200,0.2200,0.2200,0.2200,128800
2003-01-28 14:39:00,0.2200,0.2200,0.2190,0.2200,324800
2003-01-28 14:38:00,0.2200,0.2200,0.2190,0.2200,459200
2003-01-28 14:37:00,0.2200,0.2200,0.2190,0.2200,100800
2003-01-28 14:36:00,0.2200,0.2200,0.2190,0.2200,106400
2003-01-28 14:35:00,0.2200,0.2200,0.2190,0.2200,240800
2003-01-28 14:34:00,0.2200,0.2200,0.2190,0.2200,112000
2003-01-28 14:33:00,0.2200,0.2200,0.2190,0.2200,336000
2003-01-28 14:32:00,0.2200,0.2200,0.2190,0.2200,947632
2003-01-28 14:31:00,0.2200,0.2200,0.2190,0.2200,112000
2003-01-28 14:30:00,0.2200,0.2200,0.2190,0.2200,165256
2003-01-28 14:29:00,0.2200,0.2200,0.2200,0.2200,375200
2003-01-28 14:28:00,0.2200,0.2210,0.2190,0.2200,1064000
2003-01-28 14:27:00,0.2200,0.2210,0.2200,0.2200,872312
2003-01-28 14:26:00,0.2200,0.2210,0.2200,0.2200,2128448
2003-01-28 14:25:00,0.2200,0.2200,0.2190,0.2200,1216376
2003-01-28 14:24:00,0.2200,0.2200,0.2190,0.2200,2080344
2003-01-28 14:23:00,0.2200,0.2200,0.2190,0.2200,134400
2003-01-28 14:22:00,0.2190,0.2200,0.2190,0.2190,341600
2003-01-28 14:21:00,0.2190,0.2200,0.2190,0.2190,459200
2003-01-28 14:20:00,0.2200,0.2200,0.2190,0.2190,386400
2003-01-28 14:19:00,0.2190,0.2200,0.2190,0.2190,431200
2003-01-28 14:18:00,0.2200,0.2200,0.2190,0.2190,1705256
2003-01-28 14:17:00,0.2200,0.2200,0.2190,0.2200,601272
2003-01-28 14:16:00,0.2200,0.2200,0.2190,0.2200,813008
2003-01-28 14:15:00,0.2200,0.2200,0.2190,0.2190,842016
2003-01-28 14:14:00,0.2190,0.2200,0.2190,0.2190,784000
2003-01-28 14:13:00,0.2190,0.2190,0.2190,0.2190,262136
2003-01-28 14:12:00,0.2190,0.2190,0.2190,0.2190,36960
2003-01-28 14:11:00,0.2190,0.2190,0.2190,0.2190,196000
2003-01-28 14:10:00,0.2190,0.2190,0.2180,0.2190,509600
2003-01-28 14:09:00,0.2190,0.2190,0.2180,0.2190,39200
2003-01-28 14:08:00,0.2180,0.2190,0.2180,0.2190,448000
2003-01-28 14:07:00,0.2180,0.2190,0.2180,0.2180,1043392
2003-01-28 14:06:00,0.2180,0.2190,0.2180,0.2180,257600
2003-01-28 14:05:00,0.2190,0.2190,0.2180,0.2180,207200
2003-01-28 14:04:00,0.2190,0.2190,0.2180,0.2180,61600
2003-01-28 14:03:00,0.2180,0.2190,0.2180,0.2190,212856
2003-01-28 14:02:00,0.2180,0.2190,0.2180,0.2180,162400
2003-01-28 14:01:00,0.2190,0.2190,0.2180,0.2180,296800
2003-01-28 14:00:00,0.2180,0.2190,0.2180,0.2190,1840776
2003-01-28 13:59:00,0.2180,0.2180,0.2170,0.2180,52304
2003-01-28 13:58:00,0.2180,0.2180,0.2170,0.2180,499464
2003-01-28 13:57:00,0.2180,0.2180,0.2170,0.2180,112000
2003-01-28 13:55:00,0.2180,0.2180,0.2170,0.2180,39200
2003-01-28 13:54:00,0.2180,0.2180,0.2170,0.2180,128800
2003-01-28 13:53:00,0.2180,0.2180,0.2170,0.2180,246400
2003-01-28 13:52:00,0.2180,0.2180,0.2170,0.2180,386400
2003-01-28 13:51:00,0.2180,0.2180,0.2170,0.2180,274400
2003-01-28 13:50:00,0.2180,0.2180,0.2170,0.2180,95200
2003-01-28 13:49:00,0.2180,0.2180,0.2170,0.2170,515536
2003-01-28 13:48:00,0.2180,0.2180,0.2170,0.2180,151200
2003-01-28 13:47:00,0.2170,0.2180,0.2170,0.2170,364000
2003-01-28 13:46:00,0.2170,0.2180,0.2170,0.2170,324800
2003-01-28 13:45:00,0.2170,0.2170,0.2170,0.2170,207200
2003-01-28 13:44:00,0.2170,0.2180,0.2170,0.2170,777728
2003-01-28 13:43:00,0.2170,0.2180,0.2170,0.2170,761600
2003-01-28 13:42:00,0.2170,0.2170,0.2170,0.2170,558936
2003-01-28 13:41:00,0.2170,0.2170,0.2170,0.2170,627200
2003-01-28 13:40:00,0.2170,0.2170,0.2170,0.2170,319200
2003-01-28 13:39:00,0.2170,0.2170,0.2160,0.2170,246400
2003-01-28 13:38:00,0.2170,0.2170,0.2170,0.2170,168000
2003-01-28 13:37:00,0.2170,0.2170,0.2170,0.2170,235200
2003-01-28 13:36:00,0.2170,0.2170,0.2170,0.2170,274400
2003-01-28 13:35:00,0.2170,0.2180,0.2170,0.2170,22400
2003-01-28 13:34:00,0.2170,0.2180,0.2170,0.2170,106400
2003-01-28 13:33:00,0.2170,0.2180,0.2170,0.2170,358400
2003-01-28 13:32:00,0.2170,0.2180,0.2160,0.2170,481600
2003-01-28 13:31:00,0.2170,0.2170,0.2160,0.2170,112000
2003-01-28 13:30:00,0.2170,0.2170,0.2160,0.2170,33600
2003-01-28 13:29:00,0.2160,0.2170,0.2160,0.2170,134400
2003-01-28 13:28:00,0.2160,0.2170,0.2160,0.2160,190400
2003-01-28 13:27:00,0.2160,0.2170,0.2160,0.2160,67200
2003-01-28 13:26:00,0.2170,0.2170,0.2160,0.2160,729120
2003-01-28 13:25:00,0.2160,0.2170,0.2160,0.2170,61600
2003-01-28 13:24:00,0.2160,0.2170,0.2160,0.2160,123200
2003-01-28 13:23:00,0.2160,0.2170,0.2160,0.2160,5600
2003-01-28 13:22:00,0.2160,0.2170,0.2160,0.2160,190400
2003-01-28 13:21:00,0.2160,0.2170,0.2160,0.2160,291200
2003-01-28 13:20:00,0.2160,0.2170,0.2160,0.2160,1836800
2003-01-28 13:19:00,0.2170,0.2170,0.2160,0.2170,22400
2003-01-28 13:18:00,0.2170,0.2170,0.2160,0.2170,229600
2003-01-28 13:17:00,0.2170,0.2170,0.2160,0.2170,162400
2003-01-28 13:16:00,0.2170,0.2170,0.2160,0.2160,22400
2003-01-28 13:15:00,0.2170,0.2170,0.2160,0.2170,56000
2003-01-28 13:14:00,0.2170,0.2170,0.2160,0.2170,364000
2003-01-28 13:13:00,0.2170,0.2170,0.2160,0.2160,44800
2003-01-28 13:12:00,0.2170,0.2170,0.2160,0.2170,571200
2003-01-28 13:11:00,0.2170,0.2170,0.2160,0.2170,246400
2003-01-28 13:10:00,0.2170,0.2170,0.2160,0.2170,386400
2003-01-28 13:09:00,0.2170,0.2170,0.2160,0.2170,196000
2003-01-28 13:08:00,0.2170,0.2170,0.2160,0.2170,263200
2003-01-28 13:07:00,0.2160,0.2170,0.2160,0.2170,190400
2003-01-28 13:06:00,0.2160,0.2170,0.2160,0.2160,501480
2003-01-28 13:05:00,0.2160,0.2170,0.2160,0.2160,565600
2003-01-28 13:04:00,0.2170,0.2170,0.2160,0.2160,358400
2003-01-28 13:03:00,0.2170,0.2170,0.2160,0.2160,16800
2003-01-28 13:02:00,0.2170,0.2170,0.2160,0.2170,599200
2003-01-28 13:01:00,0.2170,0.2170,0.2160,0.2170,420000
2003-01-28 13:00:00,0.2170,0.2170,0.2160,0.2170,240800
2003-01-28 12:58:00,0.2160,0.2170,0.2160,0.2170,649600
2003-01-28 12:57:00,0.2170,0.2170,0.2160,0.2170,1108800
2003-01-28 12:56:00,0.2170,0.2170,0.2160,0.2170,151200
2003-01-28 12:55:00,0.2170,0.2170,0.2160,0.2170,414400
2003-01-28 12:54:00,0.2170,0.2170,0.2160,0.2170,285600
2003-01-28 12:53:00,0.2170,0.2170,0.2160,0.2170,257600
2003-01-28 12:52:00,0.2170,0.2170,0.2160,0.2170,369600
2003-01-28 12:51:00,0.2170,0.2170,0.2160,0.2170,800800
2003-01-28 12:50:00,0.2160,0.2170,0.2160,0.2160,644000
2003-01-28 12:49:00,0.2170,0.2170,0.2160,0.2170,784000
2003-01-28 12:48:00,0.2170,0.2170,0.2160,0.2170,756000
2003-01-28 12:47:00,0.2170,0.2170,0.2160,0.2170,498400
2003-01-28 12:46:00,0.2160,0.2170,0.2160,0.2160,319200
2003-01-28 12:45:00,0.2160,0.2170,0.2160,0.2160,806400
2003-01-28 12:44:00,0.2160,0.2170,0.2160,0.2160,61600
2003-01-28 12:43:00,0.2170,0.2170,0.2160,0.2160,240800
2003-01-28 12:42:00,0.2170,0.2170,0.2160,0.2170,173600
2003-01-28 12:41:00,0.2160,0.2170,0.2160,0.2160,173600
2003-01-28 12:40:00,0.2160,0.2170,0.2160,0.2160,280560
2003-01-28 12:39:00,0.2160,0.2170,0.2150,0.2160,604800
2003-01-28 12:38:00,0.2160,0.2160,0.2160,0.2160,218064
2003-01-28 12:37:00,0.2160,0.2160,0.2160,0.2160,67536
2003-01-28 12:36:00,0.2160,0.2170,0.2160,0.2160,95200
2003-01-28 12:35:00,0.2160,0.2170,0.2160,0.2160,1322496
2003-01-28 12:34:00,0.2160,0.2170,0.2150,0.2160,459200
2003-01-28 12:33:00,0.2160,0.2160,0.2140,0.2160,302400
2003-01-28 12:32:00,0.2160,0.2160,0.2150,0.2160,184800
2003-01-28 12:31:00,0.2150,0.2160,0.2150,0.2160,1612800
2003-01-28 12:30:00,0.2160,0.2160,0.2150,0.2160,2209928
2003-01-28 12:29:00,0.2160,0.2170,0.2160,0.2160,61600
2003-01-28 12:28:00,0.2160,0.2170,0.2160,0.2160,5600
2003-01-28 12:26:00,0.2160,0.2170,0.2160,0.2160,22400
2003-01-28 12:24:00,0.2160,0.2170,0.2160,0.2170,565600
2003-01-28 12:23:00,0.2160,0.2170,0.2160,0.2160,621600
2003-01-28 12:22:00,0.2160,0.2170,0.2160,0.2170,142800
2003-01-28 12:21:00,0.2170,0.2170,0.2160,0.2160,82600
2003-01-28 12:20:00,0.2170,0.2170,0.2160,0.2170,802480
2003-01-28 12:19:00,0.2170,0.2170,0.2160,0.2170,1456000
2003-01-28 12:18:00,0.2170,0.2170,0.2170,0.2170,5600
2003-01-28 12:17:00,0.2170,0.2170,0.2170,0.2170,1948800
2003-01-28 12:16:00,0.2170,0.2170,0.2170,0.2170,224000
2003-01-28 12:15:00,0.2170,0.2170,0.2160,0.2170,128800
2003-01-28 12:14:00,0.2170,0.2170,0.2170,0.2170,95200
2003-01-28 12:13:00,0.2170,0.2180,0.2170,0.2170,112000
2003-01-28 12:12:00,0.2170,0.2170,0.2170,0.2170,162400
2003-01-28 12:11:00,0.2170,0.2180,0.2170,0.2170,218400
2003-01-28 12:10:00,0.2170,0.2170,0.2160,0.2170,240800
2003-01-28 12:09:00,0.2170,0.2180,0.2170,0.2170,95200
2003-01-28 12:08:00,0.2170,0.2170,0.2170,0.2170,28000
2003-01-28 12:07:00,0.2170,0.2180,0.2170,0.2170,190400
2003-01-28 12:06:00,0.2170,0.2180,0.2170,0.2170,5600
2003-01-28 12:05:00,0.2180,0.2180,0.2170,0.2170,481600
2003-01-28 12:04:00,0.2180,0.2180,0.2170,0.2170,901600
2003-01-28 12:03:00,0.2180,0.2180,0.2170,0.2180,95200
2003-01-28 12:02:00,0.2180,0.2180,0.2170,0.2170,28000
2003-01-28 12:01:00,0.2180,0.2180,0.2170,0.2180,22400
2003-01-28 12:00:00,0.2180,0.2180,0.2170,0.2170,755216
2003-01-28 11:59:00,0.2180,0.2180,0.2170,0.2170,274400
2003-01-28 11:58:00,0.2180,0.2180,0.2170,0.2180,5600
2003-01-28 11:57:00,0.2180,0.2180,0.2170,0.2180,2340800
2003-01-28 11:56:00,0.2180,0.2180,0.2170,0.2180,358736
2003-01-28 11:55:00,0.2180,0.2180,0.2170,0.2180,1075200
2003-01-28 11:54:00,0.2180,0.2190,0.2180,0.2180,106400
2003-01-28 11:53:00,0.2180,0.2190,0.2180,0.2180,28000
2003-01-28 11:52:00,0.2180,0.2190,0.2170,0.2180,464800
2003-01-28 11:51:00,0.2180,0.2180,0.2170,0.2180,50400
2003-01-28 11:50:00,0.2180,0.2180,0.2170,0.2180,11200
2003-01-28 11:49:00,0.2180,0.2180,0.2170,0.2180,117600
2003-01-28 11:48:00,0.2180,0.2180,0.2170,0.2180,145600
2003-01-28 11:47:00,0.2180,0.2190,0.2180,0.2180,44800
2003-01-28 11:46:00,0.2180,0.2190,0.2180,0.2180,397600
2003-01-28 11:45:00,0.2180,0.2190,0.2180,0.2180,369600
2003-01-28 11:44:00,0.2180,0.2190,0.2180,0.2180,901712
2003-01-28 11:43:00,0.2180,0.2190,0.2180,0.2180,319200
2003-01-28 11:42:00,0.2180,0.2190,0.2180,0.2180,632800
2003-01-28 11:41:00,0.2180,0.2190,0.2180,0.2180,644000
2003-01-28 11:40:00,0.2180,0.2180,0.2180,0.2180,369600
2003-01-28 11:39:00,0.2180,0.2180,0.2180,0.2180,134400
2003-01-28 11:38:00,0.2180,0.2190,0.2180,0.2180,358400
2003-01-28 11:37:00,0.2180,0.2180,0.2180,0.2180,128800
2003-01-28 11:36:00,0.2180,0.2180,0.2180,0.2180,123200
2003-01-28 11:35:00,0.2180,0.2180,0.2180,0.2180,291200
2003-01-28 11:34:00,0.2180,0.2180,0.2180,0.2180,89040
2003-01-28 11:33:00,0.2180,0.2180,0.2170,0.2180,296800
2003-01-28 11:32:00,0.2180,0.2180,0.2170,0.2180,621712
2003-01-28 11:31:00,0.2180,0.2180,0.2170,0.2180,28000
2003-01-28 11:30:00,0.2180,0.2180,0.2170,0.2170,630056
2003-01-28 11:29:00,0.2170,0.2180,0.2170,0.2170,196000
2003-01-28 11:28:00,0.2170,0.2180,0.2170,0.2170,240800
2003-01-28 11:26:00,0.2170,0.2180,0.2170,0.2170,666400
2003-01-28 11:25:00,0.2170,0.2170,0.2160,0.2170,425600
2003-01-28 11:24:00,0.2170,0.2170,0.2160,0.2170,229600
2003-01-28 11:23:00,0.2170,0.2170,0.2160,0.2170,864640
2003-01-28 11:22:00,0.2170,0.2170,0.2160,0.2170,173600
2003-01-28 11:21:00,0.2170,0.2170,0.2170,0.2170,431200
2003-01-28 11:20:00,0.2170,0.2170,0.2170,0.2170,78400
2003-01-28 11:19:00,0.2170,0.2170,0.2170,0.2170,218400
2003-01-28 11:18:00,0.2170,0.2170,0.2160,0.2170,509600
2003-01-28 11:17:00,0.2170,0.2170,0.2160,0.2170,866264
2003-01-28 11:16:00,0.2160,0.2170,0.2160,0.2160,631400
2003-01-28 11:15:00,0.2170,0.2170,0.2160,0.2170,50400
2003-01-28 11:14:00,0.2170,0.2170,0.2160,0.2170,123200
2003-01-28 11:13:00,0.2170,0.2170,0.2160,0.2170,554400
2003-01-28 11:12:00,0.2170,0.2170,0.2160,0.2170,487200
2003-01-28 11:11:00,0.2170,0.2170,0.2160,0.2170,140000
2003-01-28 11:10:00,0.2170,0.2170,0.2160,0.2170,308000
2003-01-28 11:09:00,0.2170,0.2170,0.2160,0.2170,324800
2003-01-28 11:08:00,0.2170,0.2170,0.2160,0.2170,403200
2003-01-28 11:07:00,0.2170,0.2170,0.2160,0.2170,856800
2003-01-28 11:06:00,0.2160,0.2170,0.2160,0.2170,89936
2003-01-28 11:05:00,0.2160,0.2170,0.2160,0.2160,463400
2003-01-28 11:04:00,0.2170,0.2170,0.2160,0.2160,274400
2003-01-28 11:03:00,0.2170,0.2170,0.2160,0.2170,1377600
2003-01-28 11:02:00,0.2170,0.2170,0.2160,0.2160,67200
2003-01-28 11:01:00,0.2170,0.2170,0.2160,0.2170,291480
2003-01-28 11:00:00,0.2170,0.2170,0.2160,0.2160,1377600
2003-01-28 10:59:00,0.2170,0.2170,0.2160,0.2170,674632
2003-01-28 10:58:00,0.2170,0.2170,0.2160,0.2170,347200
2003-01-28 10:57:00,0.2180,0.2180,0.2160,0.2170,864136
2003-01-28 10:56:00,0.2180,0.2180,0.2170,0.2170,837200
2003-01-28 10:55:00,0.2180,0.2180,0.2170,0.2170,487424
2003-01-28 10:54:00,0.2180,0.2180,0.2170,0.2180,504168
2003-01-28 10:53:00,0.2180,0.2180,0.2170,0.2180,604800
2003-01-28 10:52:00,0.2180,0.2180,0.2170,0.2180,33600
2003-01-28 10:51:00,0.2180,0.2180,0.2170,0.2180,100800
2003-01-28 10:50:00,0.2180,0.2180,0.2170,0.2180,425600
2003-01-28 10:49:00,0.2180,0.2180,0.2180,0.2180,1276800
2003-01-28 10:48:00,0.2180,0.2180,0.2170,0.2180,1036000
2003-01-28 10:47:00,0.2180,0.2180,0.2170,0.2180,345128
2003-01-28 10:46:00,0.2180,0.2180,0.2180,0.2180,366520
2003-01-28 10:45:00,0.2180,0.2180,0.2170,0.2180,1626856
2003-01-28 10:44:00,0.2180,0.2180,0.2170,0.2180,44800
2003-01-28 10:43:00,0.2180,0.2180,0.2170,0.2180,95200
2003-01-28 10:42:00,0.2180,0.2180,0.2180,0.2180,403200
2003-01-28 10:41:00,0.2180,0.2180,0.2180,0.2180,11200
2003-01-28 10:40:00,0.2180,0.2180,0.2170,0.2180,269584
2003-01-28 10:39:00,0.2180,0.2190,0.2180,0.2180,610400
2003-01-28 10:38:00,0.2180,0.2180,0.2180,0.2180,642768
2003-01-28 10:37:00,0.2180,0.2190,0.2180,0.2180,896000
2003-01-28 10:36:00,0.2180,0.2180,0.2170,0.2180,582400
2003-01-28 10:35:00,0.2180,0.2180,0.2180,0.2180,403200
2003-01-28 10:34:00,0.2180,0.2180,0.2170,0.2180,428736
2003-01-28 10:33:00,0.2180,0.2180,0.2170,0.2180,140000
2003-01-28 10:32:00,0.2180,0.2180,0.2170,0.2180,106400
2003-01-28 10:31:00,0.2180,0.2180,0.2170,0.2180,515200
2003-01-28 10:30:00,0.2180,0.2180,0.2170,0.2180,252000
2003-01-28 10:29:00,0.2180,0.2180,0.2170,0.2180,464800
2003-01-28 10:28:00,0.2180,0.2180,0.2170,0.2180,56000
2003-01-28 10:27:00,0.2180,0.2180,0.2170,0.2180,56000
2003-01-28 10:26:00,0.2180,0.2180,0.2170,0.2180,71288
2003-01-28 10:25:00,0.2180,0.2180,0.2170,0.2180,537600
2003-01-28 10:24:00,0.2180,0.2190,0.2180,0.2180,700000
2003-01-28 10:23:00,0.2180,0.2190,0.2180,0.2180,666400
2003-01-28 10:22:00,0.2180,0.2190,0.2180,0.2180,451640
2003-01-28 10:21:00,0.2180,0.2190,0.2180,0.2180,1632680
2003-01-28 10:20:00,0.2180,0.2190,0.2180,0.2180,1920800
2003-01-28 10:19:00,0.2180,0.2190,0.2170,0.2180,606424
2003-01-28 10:18:00,0.2180,0.2180,0.2170,0.2180,487200
2003-01-28 10:17:00,0.2180,0.2180,0.2170,0.2180,128800
2003-01-28 10:16:00,0.2180,0.2180,0.2170,0.2180,196000
2003-01-28 10:15:00,0.2180,0.2180,0.2170,0.2180,341600
2003-01-28 10:14:00,0.2190,0.2190,0.2170,0.2180,779128
2003-01-28 10:13:00,0.2180,0.2190,0.2180,0.2180,823200
2003-01-28 10:12:00,0.2180,0.2190,0.2180,0.2180,1271200
2003-01-28 10:11:00,0.2190,0.2200,0.2180,0.2190,616000
2003-01-28 10:10:00,0.2190,0.2200,0.2180,0.2190,3248000
2003-01-28 10:09:00,0.2170,0.2200,0.2170,0.2190,2920400
2003-01-28 10:08:00,0.2180,0.2180,0.2170,0.2170,907200
2003-01-28 10:07:00,0.2170,0.2180,0.2160,0.2180,1455384
2003-01-28 10:06:00,0.2180,0.2180,0.2160,0.2170,7834400
2003-01-28 10:05:00,0.2180,0.2180,0.2170,0.2170,1441720
2003-01-28 10:04:00,0.2180,0.2180,0.2170,0.2170,352800
2003-01-28 10:03:00,0.2180,0.2180,0.2170,0.2170,968800
2003-01-28 10:02:00,0.2180,0.2180,0.2170,0.2170,792456
2003-01-28 10:01:00,0.2180,0.2190,0.2170,0.2180,1336776
2003-01-28 10:00:00,0.2160,0.2180,0.2160,0.2180,2609600
2003-01-28 09:59:00,0.2170,0.2170,0.2150,0.2160,2184000
2003-01-28 09:58:00,0.2170,0.2170,0.2160,0.2170,1164800
2003-01-28 09:57:00,0.2160,0.2170,0.2160,0.2170,1064000
2003-01-28 09:56:00,0.2160,0.2160,0.2160,0.2160,274400
2003-01-28 09:55:00,0.2160,0.2160,0.2160,0.2160,3029600
2003-01-28 09:54:00,0.2160,0.2170,0.2160,0.2160,285600
2003-01-28 09:53:00,0.2160,0.2170,0.2160,0.2160,1052800
2003-01-28 09:52:00,0.2160,0.2170,0.2160,0.2160,509600
2003-01-28 09:51:00,0.2160,0.2170,0.2150,0.2160,240800
2003-01-28 09:50:00,0.2160,0.2160,0.2150,0.2160,515200
2003-01-28 09:49:00,0.2160,0.2160,0.2150,0.2160,750792
2003-01-28 09:48:00,0.2160,0.2160,0.2150,0.2160,2446808
2003-01-28 09:47:00,0.2160,0.2170,0.2160,0.2160,632800
2003-01-28 09:46:00,0.2160,0.2170,0.2160,0.2160,330400
2003-01-28 09:45:00,0.2170,0.2170,0.2160,0.2160,548800
2003-01-28 09:44:00,0.2160,0.2170,0.2160,0.2170,375200
2003-01-28 09:43:00,0.2160,0.2170,0.2160,0.2170,711200
2003-01-28 09:42:00,0.2160,0.2170,0.2160,0.2160,812000
2003-01-28 09:41:00,0.2170,0.2170,0.2160,0.2160,1181600
2003-01-28 09:40:00,0.2170,0.2170,0.2160,0.2170,884800
2003-01-28 09:39:00,0.2170,0.2170,0.2160,0.2170,408800
2003-01-28 09:38:00,0.2170,0.2170,0.2160,0.2170,795200
2003-01-28 09:37:00,0.2170,0.2170,0.2160,0.2170,448000
2003-01-28 09:36:00,0.2160,0.2180,0.2160,0.2170,1012704
2003-01-28 09:35:00,0.2160,0.2170,0.2150,0.2160,257600
2003-01-28 09:34:00,0.2160,0.2170,0.2160,0.2160,621600
2003-01-28 09:33:00,0.2180,0.2180,0.2160,0.2160,347200
2003-01-28 09:32:00,0.2160,0.2180,0.2150,0.2170,3060008
2003-01-28 09:31:00,0.2150,0.2160,0.2150,0.2160,1842400
2003-01-28 09:30:00,0.2160,0.2160,0.2150,0.2160,2599800
2003-01-28 09:29:00,0.2160,0.2170,0.2160,0.2160,28000
2003-01-28 09:28:00,0.2140,0.2150,0.2140,0.2140,2055200
2003-01-28 09:26:00,0.2160,0.2160,0.2150,0.2160,5600
2003-01-28 09:22:00,0.2170,0.2170,0.2160,0.2170,28000
2003-01-28 09:15:00,0.2150,0.2150,0.2150,0.2150,5600
2003-01-28 09:08:00,0.2160,0.2170,0.2160,0.2160,89600
2003-01-28 09:06:00,0.2160,0.2170,0.2160,0.2160,11200
2003-01-27 18:19:00,0.2140,0.2150,0.2140,0.2140,5600
2003-01-27 17:59:00,0.2150,0.2150,0.2150,0.2150,16800
2003-01-27 17:53:00,0.2150,0.2150,0.2140,0.2150,28000
2003-01-27 17:27:00,0.2140,0.2150,0.2140,0.2140,537600
2003-01-27 17:20:00,0.2140,0.2140,0.2140,0.2140,1338400
2003-01-27 17:18:00,0.2150,0.2150,0.2140,0.2150,28000
2003-01-27 16:46:00,0.2150,0.2150,0.2140,0.2150,5600
2003-01-27 16:31:00,0.2140,0.2150,0.2140,0.2140,16800
2003-01-27 16:26:00,0.2140,0.2140,0.2140,0.2140,61600
2003-01-27 16:14:00,0.2140,0.2150,0.2140,0.2140,84000
2003-01-27 16:11:00,0.2150,0.2150,0.2140,0.2150,56000
2003-01-27 16:10:00,0.2140,0.2140,0.2140,0.2140,1069600
2003-01-27 16:09:00,0.2140,0.2140,0.2140,0.2140,498400
2003-01-27 16:07:00,0.2150,0.2160,0.2140,0.2140,1433600
2003-01-27 16:06:00,0.2150,0.2150,0.2150,0.2150,11200
2003-01-27 16:05:00,0.2150,0.2150,0.2150,0.2150,50400
2003-01-27 16:03:00,0.2150,0.2150,0.2140,0.2150,5661600
2003-01-27 16:02:00,0.2150,0.2160,0.2140,0.2150,50400
2003-01-27 16:01:00,0.2170,0.2170,0.2160,0.2170,56000
2003-01-27 16:00:00,0.2150,0.2150,0.2140,0.2140,1355200
2003-01-27 15:59:00,0.2140,0.2170,0.2130,0.2140,5261200
2003-01-27 15:58:00,0.2140,0.2140,0.2130,0.2140,1730400
2003-01-27 15:57:00,0.2140,0.2140,0.2130,0.2140,1181600
2003-01-27 15:56:00,0.2140,0.2140,0.2130,0.2140,917840
2003-01-27 15:55:00,0.2140,0.2140,0.2130,0.2140,879200
2003-01-27 15:54:00,0.2140,0.2140,0.2130,0.2140,345800
2003-01-27 15:53:00,0.2140,0.2150,0.2130,0.2140,2102520
2003-01-27 15:52:00,0.2150,0.2150,0.2140,0.2140,991200
2003-01-27 15:51:00,0.2150,0.2150,0.2140,0.2140,2887080
2003-01-27 15:50:00,0.2150,0.2150,0.2140,0.2150,1075200
2003-01-27 15:49:00,0.2150,0.2150,0.2140,0.2140,823200
2003-01-27 15:48:00,0.2150,0.2150,0.2140,0.2140,571200
2003-01-27 15:47:00,0.2150,0.2150,0.2140,0.2140,518616
2003-01-27 15:46:00,0.2150,0.2150,0.2140,0.2150,879200
2003-01-27 15:45:00,0.2150,0.2150,0.2140,0.2140,1814400
2003-01-27 15:44:00,0.2150,0.2150,0.2140,0.2150,560000
2003-01-27 15:43:00,0.2150,0.2150,0.2150,0.2150,1450400
2003-01-27 15:42:00,0.2150,0.2150,0.2140,0.2150,666400
2003-01-27 15:41:00,0.2150,0.2160,0.2140,0.2150,772016
2003-01-27 15:40:00,0.2160,0.2160,0.2150,0.2150,319200
2003-01-27 15:39:00,0.2150,0.2160,0.2150,0.2160,1386616
2003-01-27 15:38:00,0.2150,0.2160,0.2150,0.2150,784784
2003-01-27 15:37:00,0.2150,0.2160,0.2150,0.2150,61600
2003-01-27 15:36:00,0.2150,0.2160,0.2150,0.2150,761600
2003-01-27 15:35:00,0.2150,0.2160,0.2150,0.2150,285600
2003-01-27 15:34:00,0.2160,0.2160,0.2150,0.2150,924000
2003-01-27 15:33:00,0.2160,0.2160,0.2150,0.2160,336000
2003-01-27 15:32:00,0.2150,0.2160,0.2150,0.2160,779800
2003-01-27 15:31:00,0.2150,0.2160,0.2150,0.2150,928144
2003-01-27 15:30:00,0.2150,0.2160,0.2150,0.2150,707560
2003-01-27 15:29:00,0.2150,0.2160,0.2140,0.2150,1131200
2003-01-27 15:28:00,0.2150,0.2150,0.2140,0.2150,329168
2003-01-27 15:27:00,0.2150,0.2150,0.2140,0.2150,124432
2003-01-27 15:26:00,0.2150,0.2150,0.2150,0.2150,196000
2003-01-27 15:25:00,0.2150,0.2150,0.2150,0.2150,840000
2003-01-27 15:24:00,0.2150,0.2150,0.2140,0.2150,582400
2003-01-27 15:23:00,0.2150,0.2150,0.2140,0.2150,2555728
2003-01-27 15:22:00,0.2150,0.2150,0.2140,0.2150,722512
2003-01-27 15:21:00,0.2150,0.2150,0.2140,0.2150,1674400
2003-01-27 15:20:00,0.2150,0.2150,0.2140,0.2140,369600
2003-01-27 15:19:00,0.2150,0.2150,0.2140,0.2140,61600
2003-01-27 15:18:00,0.2150,0.2150,0.2140,0.2140,2928800
2003-01-27 15:17:00,0.2150,0.2150,0.2140,0.2140,459200
2003-01-27 15:16:00,0.2150,0.2150,0.2140,0.2140,733600
2003-01-27 15:15:00,0.2150,0.2150,0.2140,0.2150,1069600
2003-01-27 15:14:00,0.2150,0.2150,0.2140,0.2150,1271200
2003-01-27 15:13:00,0.2150,0.2150,0.2140,0.2150,736848
2003-01-27 15:12:00,0.2150,0.2150,0.2140,0.2140,1112048
2003-01-27 15:11:00,0.2150,0.2150,0.2140,0.2140,123200
2003-01-27 15:10:00,0.2150,0.2150,0.2140,0.2150,523880
2003-01-27 15:09:00,0.2150,0.2150,0.2140,0.2140,153664
2003-01-27 15:08:00,0.2140,0.2150,0.2140,0.2150,1159200
2003-01-27 15:07:00,0.2140,0.2150,0.2140,0.2140,89600
2003-01-27 15:06:00,0.2140,0.2150,0.2140,0.2140,896000
2003-01-27 15:05:00,0.2140,0.2140,0.2130,0.2140,528920
2003-01-27 15:04:00,0.2130,0.2140,0.2130,0.2140,683816
2003-01-27 15:03:00,0.2130,0.2140,0.2130,0.2130,1702400
2003-01-27 15:02:00,0.2130,0.2140,0.2130,0.2130,1450400
2003-01-27 15:01:00,0.2130,0.2140,0.2130,0.2130,890400
2003-01-27 15:00:00,0.2140,0.2140,0.2130,0.2140,313600
2003-01-27 14:59:00,0.2140,0.2140,0.2130,0.2140,644000
2003-01-27 14:58:00,0.2140,0.2140,0.2130,0.2140,302400
2003-01-27 14:57:00,0.2140,0.2140,0.2130,0.2140,745864
2003-01-27 14:56:00,0.2140,0.2140,0.2130,0.2140,425600
2003-01-27 14:55:00,0.2140,0.2140,0.2130,0.2140,375200
2003-01-27 14:54:00,0.2140,0.2140,0.2130,0.2140,5678400
2003-01-27 14:53:00,0.2130,0.2140,0.2130,0.2140,296800
2003-01-27 14:52:00,0.2130,0.2140,0.2130,0.2130,795200
2003-01-27 14:51:00,0.2130,0.2140,0.2130,0.2130,632800
2003-01-27 14:50:00,0.2130,0.2140,0.2130,0.2130,1108800
2003-01-27 14:49:00,0.2130,0.2140,0.2130,0.2130,102200
2003-01-27 14:48:00,0.2130,0.2130,0.2130,0.2130,436800
2003-01-27 14:47:00,0.2130,0.2130,0.2130,0.2130,761600
2003-01-27 14:46:00,0.2130,0.2130,0.2130,0.2130,352800
2003-01-27 14:45:00,0.2130,0.2130,0.2130,0.2130,571200
2003-01-27 14:44:00,0.2130,0.2140,0.2130,0.2130,28000
2003-01-27 14:43:00,0.2130,0.2140,0.2130,0.2130,302400
2003-01-27 14:42:00,0.2130,0.2140,0.2130,0.2130,145600
2003-01-27 14:41:00,0.2130,0.2140,0.2130,0.2130,431200
2003-01-27 14:39:00,0.2130,0.2140,0.2130,0.2130,520800
2003-01-27 14:38:00,0.2130,0.2130,0.2130,0.2130,425600
2003-01-27 14:37:00,0.2130,0.2130,0.2130,0.2130,459200
2003-01-27 14:36:00,0.2130,0.2130,0.2130,0.2130,330400
2003-01-27 14:35:00,0.2130,0.2140,0.2130,0.2130,128800
2003-01-27 14:34:00,0.2130,0.2140,0.2130,0.2130,313600
2003-01-27 14:33:00,0.2130,0.2140,0.2130,0.2130,1204000
2003-01-27 14:32:00,0.2130,0.2140,0.2130,0.2130,660800
2003-01-27 14:31:00,0.2130,0.2140,0.2130,0.2130,685720
2003-01-27 14:30:00,0.2130,0.2140,0.2130,0.2130,862120
2003-01-27 14:29:00,0.2140,0.2140,0.2130,0.2130,1506400
2003-01-27 14:28:00,0.2150,0.2150,0.2130,0.2140,1349600
2003-01-27 14:27:00,0.2150,0.2150,0.2140,0.2140,179200
2003-01-27 14:26:00,0.2150,0.2150,0.2140,0.2150,2856000
2003-01-27 14:25:00,0.2150,0.2150,0.2140,0.2140,324800
2003-01-27 14:24:00,0.2150,0.2150,0.2140,0.2150,1601600
2003-01-27 14:23:00,0.2150,0.2150,0.2140,0.2150,28000
2003-01-27 14:22:00,0.2150,0.2150,0.2140,0.2140,1360800
2003-01-27 14:21:00,0.2150,0.2150,0.2140,0.2150,89600
2003-01-27 14:20:00,0.2150,0.2150,0.2140,0.2150,11200
2003-01-27 14:19:00,0.2150,0.2150,0.2140,0.2150,179200
2003-01-27 14:18:00,0.2150,0.2150,0.2140,0.2150,784000
2003-01-27 14:17:00,0.2150,0.2150,0.2140,0.2150,1646400
2003-01-27 14:16:00,0.2150,0.2150,0.2140,0.2150,67200
2003-01-27 14:15:00,0.2150,0.2150,0.2140,0.2150,5600
2003-01-27 14:14:00,0.2150,0.2150,0.2140,0.2150,89600
2003-01-27 14:13:00,0.2150,0.2150,0.2140,0.2150,61600
2003-01-27 14:12:00,0.2150,0.2150,0.2140,0.2150,274400
2003-01-27 14:11:00,0.2150,0.2150,0.2150,0.2150,688800
2003-01-27 14:10:00,0.2150,0.2150,0.2140,0.2150,240800
2003-01-27 14:09:00,0.2150,0.2150,0.2140,0.2150,408800
2003-01-27 14:08:00,0.2150,0.2160,0.2150,0.2150,50400
2003-01-27 14:07:00,0.2150,0.2160,0.2150,0.2150,100800
2003-01-27 14:06:00,0.2160,0.2160,0.2150,0.2160,78400
2003-01-27 14:05:00,0.2160,0.2160,0.2150,0.2160,28000
2003-01-27 14:04:00,0.2160,0.2160,0.2150,0.2160,95200
2003-01-27 14:03:00,0.2160,0.2160,0.2150,0.2160,67200
2003-01-27 14:02:00,0.2160,0.2160,0.2150,0.2160,347200
2003-01-27 14:01:00,0.2160,0.2160,0.2150,0.2160,341600
2003-01-27 14:00:00,0.2160,0.2160,0.2150,0.2160,285600
2003-01-27 13:59:00,0.2160,0.2160,0.2150,0.2160,352800
2003-01-27 13:58:00,0.2160,0.2160,0.2150,0.2160,369600
2003-01-27 13:57:00,0.2160,0.2160,0.2150,0.2160,151200
2003-01-27 13:56:00,0.2160,0.2170,0.2160,0.2160,347200
2003-01-27 13:55:00,0.2160,0.2170,0.2160,0.2160,1988000
2003-01-27 13:54:00,0.2160,0.2170,0.2160,0.2160,750400
2003-01-27 13:53:00,0.2160,0.2170,0.2160,0.2160,616672
2003-01-27 13:52:00,0.2160,0.2170,0.2150,0.2160,548800
2003-01-27 13:51:00,0.2150,0.2160,0.2150,0.2150,80640
2003-01-27 13:50:00,0.2160,0.2160,0.2150,0.2150,61600
2003-01-27 13:49:00,0.2150,0.2160,0.2140,0.2160,1321320
2003-01-27 13:48:00,0.2150,0.2150,0.2140,0.2150,1588048
2003-01-27 13:47:00,0.2150,0.2150,0.2140,0.2150,879200
2003-01-27 13:46:00,0.2150,0.2150,0.2140,0.2150,218400
2003-01-27 13:45:00,0.2150,0.2150,0.2140,0.2150,145600
2003-01-27 13:44:00,0.2150,0.2150,0.2140,0.2150,123200
2003-01-27 13:43:00,0.2150,0.2150,0.2150,0.2150,5600
2003-01-27 13:42:00,0.2150,0.2150,0.2140,0.2150,257600
2003-01-27 13:41:00,0.2150,0.2150,0.2140,0.2150,644616
2003-01-27 13:40:00,0.2150,0.2150,0.2140,0.2150,126616
2003-01-27 13:39:00,0.2150,0.2150,0.2140,0.2150,263200
2003-01-27 13:38:00,0.2150,0.2150,0.2140,0.2150,918400
2003-01-27 13:37:00,0.2150,0.2150,0.2140,0.2150,688240
2003-01-27 13:36:00,0.2150,0.2150,0.2140,0.2150,946400
2003-01-27 13:35:00,0.2150,0.2150,0.2140,0.2140,1794800
2003-01-27 13:34:00,0.2150,0.2150,0.2140,0.2140,890400
2003-01-27 13:33:00,0.2150,0.2150,0.2140,0.2140,733600
2003-01-27 13:32:00,0.2150,0.2150,0.2140,0.2140,100800
2003-01-27 13:31:00,0.2150,0.2150,0.2140,0.2150,497280
2003-01-27 13:30:00,0.2150,0.2150,0.2140,0.2140,1092000
2003-01-27 13:29:00,0.2150,0.2150,0.2150,0.2150,22400
2003-01-27 13:28:00,0.2150,0.2160,0.2150,0.2150,525560
2003-01-27 13:27:00,0.2150,0.2160,0.2150,0.2150,352800
2003-01-27 13:26:00,0.2160,0.2160,0.2150,0.2150,577080
2003-01-27 13:25:00,0.2160,0.2160,0.2150,0.2160,408800
2003-01-27 13:24:00,0.2160,0.2160,0.2150,0.2160,274400
2003-01-27 13:23:00,0.2150,0.2160,0.2150,0.2150,134400
2003-01-27 13:22:00,0.2150,0.2160,0.2150,0.2150,576800
2003-01-27 13:21:00,0.2150,0.2160,0.2150,0.2150,741664
2003-01-27 13:20:00,0.2160,0.2160,0.2150,0.2150,470400
2003-01-27 13:19:00,0.2160,0.2160,0.2150,0.2150,420000
2003-01-27 13:18:00,0.2160,0.2160,0.2150,0.2160,319200
2003-01-27 13:17:00,0.2160,0.2160,0.2150,0.2160,470400
2003-01-27 13:16:00,0.2160,0.2160,0.2150,0.2160,408800
2003-01-27 13:15:00,0.2160,0.2160,0.2150,0.2160,313600
2003-01-27 13:14:00,0.2160,0.2160,0.2150,0.2160,1226400
2003-01-27 13:13:00,0.2160,0.2160,0.2150,0.2160,123200
2003-01-27 13:12:00,0.2160,0.2160,0.2160,0.2160,22400
2003-01-27 13:11:00,0.2160,0.2160,0.2160,0.2160,588000
2003-01-27 13:10:00,0.2160,0.2170,0.2160,0.2160,1609944
2003-01-27 13:09:00,0.2170,0.2170,0.2160,0.2160,72800
2003-01-27 13:08:00,0.2170,0.2170,0.2160,0.2170,112000
2003-01-27 13:07:00,0.2170,0.2170,0.2160,0.2170,78400
2003-01-27 13:06:00,0.2170,0.2170,0.2160,0.2170,67200
2003-01-27 13:05:00,0.2170,0.2170,0.2160,0.2160,918960
2003-01-27 13:04:00,0.2160,0.2170,0.2160,0.2170,140000
2003-01-27 13:03:00,0.2170,0.2170,0.2160,0.2160,1478400
2003-01-27 13:02:00,0.2170,0.2170,0.2170,0.2170,95200
2003-01-27 13:01:00,0.2170,0.2170,0.2170,0.2170,72800
2003-01-27 13:00:00,0.2170,0.2180,0.2170,0.2170,750400
2003-01-27 12:59:00,0.2170,0.2180,0.2160,0.2170,1394400
2003-01-27 12:58:00,0.2170,0.2170,0.2160,0.2170,201600
2003-01-27 12:57:00,0.2170,0.2170,0.2160,0.2170,526400
2003-01-27 12:56:00,0.2170,0.2170,0.2170,0.2170,308000
2003-01-27 12:55:00,0.2180,0.2180,0.2160,0.2170,599200
2003-01-27 12:54:00,0.2170,0.2180,0.2170,0.2170,1063720
2003-01-27 12:53:00,0.2180,0.2180,0.2170,0.2170,151200
2003-01-27 12:52:00,0.2170,0.2180,0.2170,0.2180,526400
2003-01-27 12:51:00,0.2170,0.2170,0.2170,0.2170,67200
2003-01-27 12:50:00,0.2170,0.2170,0.2160,0.2170,456680
2003-01-27 12:49:00,0.2170,0.2180,0.2170,0.2170,481600
2003-01-27 12:48:00,0.2170,0.2170,0.2170,0.2170,201600
2003-01-27 12:47:00,0.2170,0.2170,0.2170,0.2170,249704
2003-01-27 12:46:00,0.2180,0.2180,0.2170,0.2170,190400
2003-01-27 12:45:00,0.2180,0.2180,0.2180,0.2180,653800
2003-01-27 12:44:00,0.2180,0.2180,0.2170,0.2180,358960
2003-01-27 12:43:00,0.2180,0.2190,0.2170,0.2180,520800
2003-01-27 12:42:00,0.2180,0.2190,0.2170,0.2180,291200
2003-01-27 12:41:00,0.2180,0.2180,0.2170,0.2180,117600
2003-01-27 12:40:00,0.2180,0.2180,0.2170,0.2170,750400
2003-01-27 12:39:00,0.2170,0.2180,0.2170,0.2170,184800
2003-01-27 12:38:00,0.2170,0.2180,0.2170,0.2170,364056
2003-01-27 12:37:00,0.2180,0.2180,0.2160,0.2170,1147944
2003-01-27 12:36:00,0.2180,0.2190,0.2180,0.2180,621600
2003-01-27 12:35:00,0.2180,0.2180,0.2180,0.2180,632800
2003-01-27 12:34:00,0.2180,0.2180,0.2180,0.2180,705600
2003-01-27 12:33:00,0.2180,0.2180,0.2180,0.2180,179200
2003-01-27 12:32:00,0.2180,0.2180,0.2180,0.2180,84000
2003-01-27 12:31:00,0.2180,0.2180,0.2180,0.2180,100800
2003-01-27 12:30:00,0.2180,0.2180,0.2180,0.2180,173600
2003-01-27 12:29:00,0.2180,0.2190,0.2180,0.2180,1120000
2003-01-27 12:28:00,0.2180,0.2180,0.2170,0.2180,649600
2003-01-27 12:27:00,0.2180,0.2190,0.2170,0.2170,2884560
2003-01-27 12:26:00,0.2190,0.2200,0.2180,0.2180,1780800
2003-01-27 12:25:00,0.2200,0.2200,0.2190,0.2190,1764000
2003-01-27 12:24:00,0.2200,0.2200,0.2190,0.2190,1255464
2003-01-27 12:23:00,0.2190,0.2200,0.2190,0.2200,1237600
2003-01-27 12:22:00,0.2200,0.2200,0.2190,0.2190,1288000
2003-01-27 12:21:00,0.2190,0.2200,0.2190,0.2190,1932000
2003-01-27 12:20:00,0.2190,0.2200,0.2190,0.2190,1719200
2003-01-27 12:19:00,0.2190,0.2190,0.2190,0.2190,1732808
2003-01-27 12:18:00,0.2190,0.2190,0.2190,0.2190,856800
2003-01-27 12:17:00,0.2190,0.2200,0.2190,0.2190,644000
2003-01-27 12:16:00,0.2190,0.2200,0.2180,0.2190,616056
2003-01-27 12:15:00,0.2190,0.2200,0.2180,0.2190,3209640
2003-01-27 12:14:00,0.2190,0.2190,0.2190,0.2190,1220800
2003-01-27 12:13:00,0.2190,0.2190,0.2190,0.2190,501368
2003-01-27 12:12:00,0.2190,0.2190,0.2190,0.2190,985600
2003-01-27 12:11:00,0.2200,0.2200,0.2190,0.2190,1839712
2003-01-27 12:10:00,0.2200,0.2200,0.2190,0.2200,1472800
2003-01-27 12:09:00,0.2190,0.2200,0.2190,0.2200,2102800
2003-01-27 12:08:00,0.2190,0.2190,0.2180,0.2190,313600
2003-01-27 12:07:00,0.2190,0.2190,0.2180,0.2190,1920800
2003-01-27 12:06:00,0.2190,0.2190,0.2180,0.2190,1969184
2003-01-27 12:05:00,0.2190,0.2190,0.2180,0.2190,1170400
2003-01-27 12:04:00,0.2190,0.2190,0.2180,0.2190,599200
2003-01-27 12:03:00,0.2180,0.2190,0.2170,0.2190,2030112
2003-01-27 12:02:00,0.2180,0.2180,0.2170,0.2180,1047200
2003-01-27 12:01:00,0.2170,0.2180,0.2170,0.2180,1487528
2003-01-27 12:00:00,0.2180,0.2180,0.2170,0.2170,1870400
2003-01-27 11:59:00,0.2170,0.2180,0.2160,0.2170,1428000
2003-01-27 11:58:00,0.2170,0.2170,0.2160,0.2170,907200
2003-01-27 11:57:00,0.2170,0.2170,0.2160,0.2170,1094520
2003-01-27 11:56:00,0.2170,0.2170,0.2160,0.2170,1302000
2003-01-27 11:55:00,0.2160,0.2170,0.2160,0.2160,1670704
2003-01-27 11:54:00,0.2160,0.2160,0.2160,0.2160,280000
2003-01-27 11:53:00,0.2160,0.2160,0.2160,0.2160,996800
2003-01-27 11:52:00,0.2160,0.2160,0.2150,0.2160,576800
2003-01-27 11:51:00,0.2160,0.2160,0.2150,0.2160,957600
2003-01-27 11:50:00,0.2160,0.2160,0.2150,0.2160,560000
2003-01-27 11:49:00,0.2160,0.2160,0.2150,0.2160,392000
2003-01-27 11:48:00,0.2160,0.2160,0.2150,0.2160,980000
2003-01-27 11:47:00,0.2160,0.2160,0.2150,0.2160,4720800
2003-01-27 11:46:00,0.2160,0.2160,0.2150,0.2160,184800
2003-01-27 11:45:00,0.2160,0.2160,0.2150,0.2160,834400
2003-01-27 11:44:00,0.2160,0.2160,0.2150,0.2160,1024800
2003-01-27 11:43:00,0.2160,0.2160,0.2150,0.2160,1204000
2003-01-27 11:42:00,0.2160,0.2160,0.2150,0.2160,2576000
2003-01-27 11:41:00,0.2160,0.2160,0.2150,0.2160,1015056
2003-01-27 11:40:00,0.2160,0.2160,0.2150,0.2160,1377600
2003-01-27 11:39:00,0.2160,0.2160,0.2150,0.2160,5611200
2003-01-27 11:38:00,0.2160,0.2170,0.2150,0.2160,1681008
2003-01-27 11:37:00,0.2160,0.2160,0.2150,0.2160,556416
2003-01-27 11:36:00,0.2150,0.2160,0.2150,0.2160,403200
2003-01-27 11:35:00,0.2160,0.2160,0.2150,0.2150,673736
2003-01-27 11:34:00,0.2150,0.2160,0.2150,0.2160,296800
2003-01-27 11:33:00,0.2150,0.2160,0.2150,0.2150,280000
2003-01-27 11:32:00,0.2150,0.2160,0.2150,0.2150,28000
2003-01-27 11:31:00,0.2150,0.2160,0.2150,0.2150,256312
2003-01-27 11:30:00,0.2150,0.2160,0.2150,0.2150,1916320
2003-01-27 11:29:00,0.2150,0.2160,0.2140,0.2150,1924272
2003-01-27 11:28:00,0.2150,0.2160,0.2150,0.2150,672000
2003-01-27 11:27:00,0.2150,0.2160,0.2150,0.2150,722400
2003-01-27 11:26:00,0.2150,0.2160,0.2150,0.2160,2084432
2003-01-27 11:25:00,0.2160,0.2160,0.2150,0.2150,341600
2003-01-27 11:24:00,0.2160,0.2160,0.2150,0.2160,967120
2003-01-27 11:23:00,0.2160,0.2160,0.2150,0.2160,418936
2003-01-27 11:22:00,0.2160,0.2160,0.2150,0.2160,711200
2003-01-27 11:21:00,0.2160,0.2160,0.2150,0.2160,3668000
2003-01-27 11:20:00,0.2160,0.2160,0.2150,0.2160,44800
2003-01-27 11:19:00,0.2150,0.2160,0.2150,0.2160,920920
2003-01-27 11:18:00,0.2150,0.2160,0.2150,0.2150,565600
2003-01-27 11:17:00,0.2150,0.2160,0.2150,0.2150,1033256
2003-01-27 11:16:00,0.2150,0.2160,0.2150,0.2150,660800
2003-01-27 11:15:00,0.2150,0.2160,0.2150,0.2150,509600
2003-01-27 11:14:00,0.2150,0.2160,0.2150,0.2150,403200
2003-01-27 11:13:00,0.2150,0.2160,0.2150,0.2160,487200
2003-01-27 11:12:00,0.2160,0.2160,0.2150,0.2150,1204000
2003-01-27 11:11:00,0.2160,0.2160,0.2150,0.2160,649600
2003-01-27 11:10:00,0.2160,0.2160,0.2150,0.2160,862400
2003-01-27 11:09:00,0.2150,0.2160,0.2150,0.2160,658952
2003-01-27 11:08:00,0.2160,0.2160,0.2150,0.2150,484400
2003-01-27 11:07:00,0.2160,0.2160,0.2150,0.2160,1685992
2003-01-27 11:06:00,0.2160,0.2160,0.2150,0.2160,1171184
2003-01-27 11:05:00,0.2160,0.2160,0.2150,0.2160,360584
2003-01-27 11:04:00,0.2160,0.2160,0.2150,0.2160,498400
2003-01-27 11:03:00,0.2150,0.2160,0.2150,0.2160,481600
2003-01-27 11:02:00,0.2150,0.2160,0.2150,0.2150,246400
2003-01-27 11:01:00,0.2150,0.2160,0.2150,0.2150,828800
2003-01-27 11:00:00,0.2150,0.2160,0.2150,0.2150,870184
2003-01-27 10:59:00,0.2150,0.2150,0.2150,0.2150,302400
2003-01-27 10:58:00,0.2150,0.2160,0.2150,0.2150,784000
2003-01-27 10:57:00,0.2150,0.2160,0.2140,0.2150,1551200
2003-01-27 10:56:00,0.2150,0.2150,0.2140,0.2150,1399216
2003-01-27 10:55:00,0.2150,0.2150,0.2140,0.2150,588000
2003-01-27 10:54:00,0.2150,0.2150,0.2140,0.2150,1561056
2003-01-27 10:53:00,0.2150,0.2150,0.2140,0.2150,1775200
2003-01-27 10:52:00,0.2150,0.2150,0.2140,0.2150,1494304
2003-01-27 10:51:00,0.2140,0.2150,0.2140,0.2140,1142400
2003-01-27 10:50:00,0.2150,0.2150,0.2140,0.2140,1518832
2003-01-27 10:49:00,0.2140,0.2150,0.2130,0.2140,2009448
2003-01-27 10:48:00,0.2140,0.2140,0.2140,0.2140,268800
2003-01-27 10:47:00,0.2140,0.2140,0.2140,0.2140,218400
2003-01-27 10:46:00,0.2140,0.2150,0.2140,0.2140,2344328
2003-01-27 10:45:00,0.2140,0.2140,0.2130,0.2140,492800
2003-01-27 10:44:00,0.2130,0.2140,0.2130,0.2140,876400
2003-01-27 10:43:00,0.2140,0.2140,0.2130,0.2140,974400
2003-01-27 10:42:00,0.2140,0.2140,0.2140,0.2140,100800
2003-01-27 10:41:00,0.2140,0.2140,0.2140,0.2140,621600
2003-01-27 10:40:00,0.2140,0.2140,0.2140,0.2140,78400
2003-01-27 10:39:00,0.2140,0.2140,0.2140,0.2140,212800
2003-01-27 10:38:00,0.2140,0.2140,0.2130,0.2140,515200
2003-01-27 10:37:00,0.2140,0.2150,0.2140,0.2140,571200
2003-01-27 10:36:00,0.2150,0.2150,0.2140,0.2140,285600
2003-01-27 10:35:00,0.2150,0.2150,0.2140,0.2150,604800
2003-01-27 10:34:00,0.2140,0.2150,0.2140,0.2140,907200
2003-01-27 10:33:00,0.2140,0.2150,0.2140,0.2140,414400
2003-01-27 10:32:00,0.2130,0.2140,0.2130,0.2140,1730064
2003-01-27 10:31:00,0.2130,0.2130,0.2120,0.2130,162400
2003-01-27 10:30:00,0.2130,0.2130,0.2120,0.2130,1039976
2003-01-27 10:29:00,0.2130,0.2140,0.2130,0.2130,218400
2003-01-27 10:28:00,0.2130,0.2140,0.2130,0.2130,296800
2003-01-27 10:27:00,0.2130,0.2140,0.2130,0.2130,1187424
2003-01-27 10:26:00,0.2130,0.2130,0.2120,0.2130,730800
2003-01-27 10:25:00,0.2130,0.2130,0.2120,0.2130,1031576
2003-01-27 10:24:00,0.2130,0.2130,0.2120,0.2130,392000
2003-01-27 10:23:00,0.2120,0.2130,0.2120,0.2130,784000
2003-01-27 10:22:00,0.2120,0.2130,0.2120,0.2120,1226400
2003-01-27 10:21:00,0.2130,0.2130,0.2120,0.2120,1349600
2003-01-27 10:20:00,0.2130,0.2140,0.2130,0.2130,330400
2003-01-27 10:19:00,0.2130,0.2140,0.2120,0.2130,868000
2003-01-27 10:18:00,0.2120,0.2130,0.2120,0.2120,621600
2003-01-27 10:17:00,0.2130,0.2130,0.2120,0.2120,873600
2003-01-27 10:16:00,0.2130,0.2130,0.2120,0.2120,853608
2003-01-27 10:15:00,0.2120,0.2130,0.2120,0.2120,582176
2003-01-27 10:14:00,0.2120,0.2130,0.2120,0.2120,145600
2003-01-27 10:13:00,0.2120,0.2130,0.2120,0.2120,375200
2003-01-27 10:12:00,0.2130,0.2130,0.2120,0.2120,2059512
2003-01-27 10:11:00,0.2130,0.2130,0.2130,0.2130,352800
2003-01-27 10:10:00,0.2140,0.2140,0.2120,0.2130,1551200
2003-01-27 10:09:00,0.2140,0.2140,0.2130,0.2140,1158640
2003-01-27 10:08:00,0.2140,0.2140,0.2130,0.2140,739200
2003-01-27 10:07:00,0.2130,0.2140,0.2130,0.2140,431200
2003-01-27 10:06:00,0.2140,0.2140,0.2130,0.2130,2438296
2003-01-27 10:05:00,0.2140,0.2140,0.2130,0.2140,2296000
2003-01-27 10:04:00,0.2140,0.2150,0.2130,0.2140,993608
2003-01-27 10:03:00,0.2150,0.2150,0.2140,0.2140,1360800
2003-01-27 10:02:00,0.2140,0.2150,0.2140,0.2140,1229256
2003-01-27 10:01:00,0.2150,0.2160,0.2140,0.2140,1125600
2003-01-27 10:00:00,0.2150,0.2160,0.2140,0.2150,2755144
2003-01-27 09:59:00,0.2130,0.2150,0.2130,0.2150,2682232
2003-01-27 09:58:00,0.2130,0.2140,0.2130,0.2140,1276520
2003-01-27 09:57:00,0.2130,0.2130,0.2100,0.2130,800800
2003-01-27 09:56:00,0.2130,0.2130,0.2120,0.2130,1881936
2003-01-27 09:55:00,0.2120,0.2130,0.2110,0.2130,1839488
2003-01-27 09:54:00,0.2120,0.2120,0.2110,0.2120,1187200
2003-01-27 09:53:00,0.2120,0.2120,0.2110,0.2120,1650376
2003-01-27 09:52:00,0.2100,0.2120,0.2100,0.2120,1243200
2003-01-27 09:51:00,0.2100,0.2100,0.2090,0.2100,588000
2003-01-27 09:50:00,0.2100,0.2100,0.2090,0.2100,1145200
2003-01-27 09:49:00,0.2100,0.2110,0.2090,0.2100,2172800
2003-01-27 09:48:00,0.2090,0.2100,0.2090,0.2100,1159200
2003-01-27 09:47:00,0.2090,0.2090,0.2080,0.2090,2161600
2003-01-27 09:46:00,0.2090,0.2090,0.2080,0.2080,728000
2003-01-27 09:45:00,0.2090,0.2090,0.2080,0.2090,633976
2003-01-27 09:44:00,0.2080,0.2090,0.2080,0.2080,2262624
2003-01-27 09:43:00,0.2080,0.2090,0.2080,0.2090,1260000
2003-01-27 09:42:00,0.2090,0.2090,0.2080,0.2080,2097200
2003-01-27 09:41:00,0.2080,0.2090,0.2080,0.2090,963200
2003-01-27 09:40:00,0.2090,0.2100,0.2080,0.2090,1430688
2003-01-27 09:39:00,0.2100,0.2100,0.2090,0.2090,218400
2003-01-27 09:38:00,0.2100,0.2100,0.2090,0.2090,487200
2003-01-27 09:37:00,0.2100,0.2100,0.2090,0.2090,851200
2003-01-27 09:36:00,0.2100,0.2100,0.2100,0.2100,481600
2003-01-27 09:35:00,0.2100,0.2100,0.2100,0.2100,817600
2003-01-27 09:34:00,0.2100,0.2100,0.2100,0.2100,988568
2003-01-27 09:33:00,0.2120,0.2120,0.2080,0.2100,1061480
2003-01-27 09:32:00,0.2110,0.2120,0.2070,0.2120,974960
2003-01-27 09:31:00,0.2070,0.2120,0.2070,0.2110,4997048
2003-01-27 09:30:00,0.2070,0.2090,0.2070,0.2080,3854928
2003-01-27 09:29:00,0.2080,0.2090,0.2070,0.2070,196000
2003-01-27 09:20:00,0.2090,0.2090,0.2060,0.2080,229600
2003-01-27 09:13:00,0.2080,0.2080,0.2070,0.2080,84000
2003-01-27 09:10:00,0.2080,0.2090,0.2080,0.2080,56000
2003-01-27 09:09:00,0.2080,0.2080,0.2070,0.2080,50400
2003-01-27 09:03:00,0.2060,0.2070,0.2060,0.2060,56000
2003-01-27 08:01:00,0.2090,0.2090,0.2060,0.2060,151200
2003-01-24 18:06:00,0.2090,0.2100,0.2090,0.2090,117600
2003-01-24 17:42:00,0.2110,0.2110,0.2100,0.2110,5600
2003-01-24 16:52:00,0.2090,0.2090,0.2090,0.2090,487200
2003-01-24 16:48:00,0.2090,0.2090,0.2090,0.2090,487200
2003-01-24 16:33:00,0.2090,0.2090,0.2090,0.2090,991200
2003-01-24 16:20:00,0.2070,0.2070,0.2070,0.2070,33600
2003-01-24 16:17:00,0.2100,0.2100,0.2090,0.2100,84000
2003-01-24 16:16:00,0.2100,0.2100,0.2100,0.2100,22400
2003-01-24 16:14:00,0.2090,0.2090,0.2090,0.2090,16800
2003-01-24 16:10:00,0.2090,0.2090,0.2090,0.2090,1372000
2003-01-24 16:09:00,0.2090,0.2090,0.2090,0.2090,3600800
2003-01-24 16:08:00,0.2090,0.2090,0.2090,0.2090,28000
2003-01-24 16:07:00,0.2090,0.2090,0.2090,0.2090,5600
2003-01-24 16:06:00,0.2090,0.2090,0.2080,0.2090,504000
2003-01-24 16:05:00,0.2090,0.2090,0.2090,0.2090,33600
2003-01-24 16:04:00,0.2110,0.2110,0.2100,0.2100,2212000
2003-01-24 16:02:00,0.2100,0.2100,0.2090,0.2100,5600
2003-01-24 16:01:00,0.2090,0.2100,0.2080,0.2090,408800
2003-01-24 16:00:00,0.2090,0.2100,0.2090,0.2100,1349712
2003-01-24 15:59:00,0.2090,0.2100,0.2080,0.2090,4849152
2003-01-24 15:58:00,0.2100,0.2100,0.2090,0.2090,2842784
2003-01-24 15:57:00,0.2100,0.2100,0.2100,0.2100,1079176
2003-01-24 15:56:00,0.2100,0.2100,0.2100,0.2100,929600
2003-01-24 15:55:00,0.2100,0.2100,0.2100,0.2100,616000
2003-01-24 15:54:00,0.2100,0.2100,0.2100,0.2100,313600
2003-01-24 15:53:00,0.2100,0.2100,0.2100,0.2100,810880
2003-01-24 15:52:00,0.2100,0.2100,0.2100,0.2100,173600
2003-01-24 15:51:00,0.2100,0.2110,0.2100,0.2100,711200
2003-01-24 15:50:00,0.2100,0.2100,0.2100,0.2100,448000
2003-01-24 15:49:00,0.2100,0.2110,0.2100,0.2100,392000
2003-01-24 15:48:00,0.2110,0.2110,0.2100,0.2100,610400
2003-01-24 15:47:00,0.2110,0.2110,0.2100,0.2110,1158192
2003-01-24 15:46:00,0.2110,0.2110,0.2100,0.2110,985600
2003-01-24 15:45:00,0.2100,0.2110,0.2100,0.2110,386400
2003-01-24 15:44:00,0.2110,0.2110,0.2100,0.2110,330400
2003-01-24 15:43:00,0.2110,0.2110,0.2100,0.2110,738584
2003-01-24 15:42:00,0.2110,0.2110,0.2100,0.2100,1015672
2003-01-24 15:41:00,0.2100,0.2110,0.2100,0.2110,522088
2003-01-24 15:40:00,0.2100,0.2110,0.2100,0.2100,698320
2003-01-24 15:39:00,0.2110,0.2110,0.2100,0.2100,593600
2003-01-24 15:38:00,0.2110,0.2110,0.2100,0.2100,263200
2003-01-24 15:37:00,0.2100,0.2110,0.2100,0.2110,165200
2003-01-24 15:36:00,0.2100,0.2110,0.2100,0.2100,1002400
2003-01-24 15:35:00,0.2100,0.2100,0.2100,0.2100,2234400
2003-01-24 15:34:00,0.2100,0.2100,0.2100,0.2100,918400
2003-01-24 15:33:00,0.2100,0.2100,0.2100,0.2100,660800
2003-01-24 15:32:00,0.2100,0.2100,0.2100,0.2100,397600
2003-01-24 15:31:00,0.2110,0.2110,0.2100,0.2100,1021440
2003-01-24 15:30:00,0.2110,0.2110,0.2100,0.2110,364000
2003-01-24 15:29:00,0.2110,0.2110,0.2100,0.2110,963648
2003-01-24 15:28:00,0.2110,0.2110,0.2100,0.2110,442400
2003-01-24 15:27:00,0.2110,0.2110,0.2100,0.2110,330400
2003-01-24 15:26:00,0.2110,0.2110,0.2100,0.2110,576800
2003-01-24 15:25:00,0.2110,0.2110,0.2100,0.2110,604800
2003-01-24 15:24:00,0.2100,0.2110,0.2100,0.2110,274400
2003-01-24 15:23:00,0.2100,0.2100,0.2100,0.2100,1108800
2003-01-24 15:22:00,0.2100,0.2100,0.2090,0.2100,380800
2003-01-24 15:21:00,0.2100,0.2100,0.2090,0.2100,369600
2003-01-24 15:20:00,0.2100,0.2100,0.2090,0.2100,612584
2003-01-24 15:19:00,0.2100,0.2100,0.2090,0.2100,1534400
2003-01-24 15:18:00,0.2100,0.2100,0.2100,0.2100,974400
2003-01-24 15:17:00,0.2100,0.2100,0.2100,0.2100,128800
2003-01-24 15:16:00,0.2110,0.2110,0.2100,0.2100,140000
2003-01-24 15:15:00,0.2100,0.2100,0.2100,0.2100,599200
2003-01-24 15:14:00,0.2110,0.2110,0.2100,0.2100,184800
2003-01-24 15:13:00,0.2110,0.2110,0.2100,0.2110,677600
2003-01-24 15:12:00,0.2110,0.2110,0.2100,0.2110,375200
2003-01-24 15:11:00,0.2100,0.2110,0.2100,0.2100,632800
2003-01-24 15:10:00,0.2100,0.2100,0.2090,0.2100,498400
2003-01-24 15:09:00,0.2100,0.2100,0.2090,0.2090,408800
2003-01-24 15:08:00,0.2100,0.2100,0.2090,0.2100,100800
2003-01-24 15:07:00,0.2100,0.2100,0.2090,0.2100,434168
2003-01-24 15:06:00,0.2100,0.2100,0.2090,0.2100,618744
2003-01-24 15:05:00,0.2100,0.2100,0.2100,0.2100,660800
2003-01-24 15:04:00,0.2100,0.2100,0.2090,0.2100,1002400
2003-01-24 15:03:00,0.2100,0.2100,0.2100,0.2100,565600
2003-01-24 15:02:00,0.2100,0.2100,0.2100,0.2100,39200
2003-01-24 15:01:00,0.2100,0.2100,0.2100,0.2100,173600
2003-01-24 15:00:00,0.2100,0.2100,0.2090,0.2100,1257312
2003-01-24 14:59:00,0.2100,0.2100,0.2100,0.2100,621600
2003-01-24 14:58:00,0.2100,0.2100,0.2100,0.2100,1107624
2003-01-24 14:57:00,0.2110,0.2110,0.2100,0.2100,388024
2003-01-24 14:56:00,0.2110,0.2110,0.2100,0.2110,459200
2003-01-24 14:55:00,0.2100,0.2110,0.2100,0.2100,943656
2003-01-24 14:54:00,0.2100,0.2110,0.2100,0.2100,156800
2003-01-24 14:53:00,0.2110,0.2110,0.2100,0.2110,376432
2003-01-24 14:52:00,0.2110,0.2110,0.2100,0.2110,884800
2003-01-24 14:51:00,0.2110,0.2110,0.2100,0.2110,330400
2003-01-24 14:50:00,0.2110,0.2110,0.2100,0.2110,352800
2003-01-24 14:49:00,0.2110,0.2110,0.2100,0.2110,257600
2003-01-24 14:48:00,0.2110,0.2110,0.2100,0.2110,358400
2003-01-24 14:47:00,0.2110,0.2110,0.2100,0.2110,128800
2003-01-24 14:46:00,0.2110,0.2110,0.2100,0.2110,16800
2003-01-24 14:45:00,0.2100,0.2110,0.2100,0.2100,599200
2003-01-24 14:44:00,0.2100,0.2110,0.2100,0.2100,336000
2003-01-24 14:43:00,0.2100,0.2110,0.2100,0.2100,128800
2003-01-24 14:42:00,0.2100,0.2110,0.2100,0.2100,492800
2003-01-24 14:41:00,0.2100,0.2100,0.2100,0.2100,576800
2003-01-24 14:40:00,0.2100,0.2100,0.2100,0.2100,1265600
2003-01-24 14:39:00,0.2100,0.2100,0.2100,0.2100,89600
2003-01-24 14:38:00,0.2100,0.2100,0.2100,0.2100,397600
2003-01-24 14:37:00,0.2100,0.2100,0.2100,0.2100,268800
2003-01-24 14:36:00,0.2110,0.2110,0.2090,0.2100,1013600
2003-01-24 14:35:00,0.2110,0.2110,0.2100,0.2110,509600
2003-01-24 14:34:00,0.2110,0.2110,0.2100,0.2110,978432
2003-01-24 14:33:00,0.2110,0.2120,0.2110,0.2110,291200
2003-01-24 14:32:00,0.2110,0.2120,0.2110,0.2110,128800
2003-01-24 14:31:00,0.2110,0.2120,0.2110,0.2110,308000
2003-01-24 14:30:00,0.2110,0.2120,0.2110,0.2110,201600
2003-01-24 14:29:00,0.2120,0.2120,0.2110,0.2120,11200
2003-01-24 14:28:00,0.2110,0.2120,0.2110,0.2110,50400
2003-01-24 14:27:00,0.2110,0.2120,0.2110,0.2110,268800
2003-01-24 14:26:00,0.2120,0.2120,0.2110,0.2110,95200
2003-01-24 14:25:00,0.2110,0.2120,0.2110,0.2110,918400
2003-01-24 14:24:00,0.2110,0.2110,0.2110,0.2110,61600
2003-01-24 14:23:00,0.2110,0.2110,0.2110,0.2110,313712
2003-01-24 14:22:00,0.2110,0.2110,0.2110,0.2110,71232
2003-01-24 14:21:00,0.2110,0.2120,0.2110,0.2110,268800
2003-01-24 14:20:00,0.2110,0.2120,0.2110,0.2110,151200
2003-01-24 14:19:00,0.2110,0.2120,0.2110,0.2110,112000
2003-01-24 14:18:00,0.2110,0.2120,0.2110,0.2110,151200
2003-01-24 14:17:00,0.2110,0.2120,0.2110,0.2110,809256
2003-01-24 14:16:00,0.2110,0.2110,0.2110,0.2110,229600
2003-01-24 14:15:00,0.2110,0.2120,0.2110,0.2110,414400
2003-01-24 14:14:00,0.2110,0.2120,0.2110,0.2110,319200
2003-01-24 14:13:00,0.2110,0.2120,0.2110,0.2110,721784
2003-01-24 14:12:00,0.2110,0.2120,0.2110,0.2110,397600
2003-01-24 14:11:00,0.2110,0.2120,0.2110,0.2120,854392
2003-01-24 14:10:00,0.2110,0.2120,0.2110,0.2110,499688
2003-01-24 14:09:00,0.2110,0.2120,0.2110,0.2110,50400
2003-01-24 14:08:00,0.2110,0.2120,0.2110,0.2110,56000
2003-01-24 14:07:00,0.2110,0.2120,0.2110,0.2110,39200
2003-01-24 14:06:00,0.2110,0.2120,0.2110,0.2110,145600
2003-01-24 14:05:00,0.2110,0.2120,0.2110,0.2110,128800
2003-01-24 14:04:00,0.2110,0.2120,0.2110,0.2110,319200
2003-01-24 14:03:00,0.2110,0.2110,0.2110,0.2110,212800
2003-01-24 14:02:00,0.2110,0.2110,0.2100,0.2110,425600
2003-01-24 14:01:00,0.2110,0.2110,0.2100,0.2110,22400
2003-01-24 14:00:00,0.2110,0.2110,0.2110,0.2110,694400
2003-01-24 13:59:00,0.2110,0.2120,0.2100,0.2110,660800
2003-01-24 13:58:00,0.2110,0.2110,0.2100,0.2110,263200
2003-01-24 13:56:00,0.2110,0.2110,0.2100,0.2110,28000
2003-01-24 13:55:00,0.2110,0.2110,0.2100,0.2110,89600
2003-01-24 13:54:00,0.2110,0.2110,0.2110,0.2110,95200
2003-01-24 13:53:00,0.2110,0.2120,0.2110,0.2110,201600
2003-01-24 13:52:00,0.2110,0.2120,0.2110,0.2110,686392
2003-01-24 13:51:00,0.2110,0.2120,0.2110,0.2110,140000
2003-01-24 13:50:00,0.2110,0.2120,0.2110,0.2110,28000
2003-01-24 13:49:00,0.2110,0.2120,0.2100,0.2110,2077600
2003-01-24 13:48:00,0.2120,0.2120,0.2110,0.2110,629720
2003-01-24 13:47:00,0.2120,0.2120,0.2110,0.2110,778400
2003-01-24 13:46:00,0.2120,0.2120,0.2110,0.2120,957600
2003-01-24 13:45:00,0.2120,0.2120,0.2110,0.2120,1198400
2003-01-24 13:44:00,0.2110,0.2120,0.2110,0.2110,78400
2003-01-24 13:43:00,0.2110,0.2120,0.2110,0.2110,84000
2003-01-24 13:42:00,0.2110,0.2120,0.2110,0.2110,498400
2003-01-24 13:41:00,0.2110,0.2120,0.2110,0.2120,296800
2003-01-24 13:40:00,0.2110,0.2120,0.2110,0.2110,498400
2003-01-24 13:39:00,0.2110,0.2120,0.2110,0.2110,686280
2003-01-24 13:38:00,0.2110,0.2120,0.2110,0.2110,683200
2003-01-24 13:37:00,0.2110,0.2120,0.2100,0.2110,1388800
2003-01-24 13:36:00,0.2100,0.2110,0.2100,0.2110,950320
2003-01-24 13:35:00,0.2100,0.2110,0.2100,0.2110,557480
2003-01-24 13:34:00,0.2100,0.2110,0.2100,0.2100,89600
2003-01-24 13:33:00,0.2100,0.2110,0.2100,0.2100,56000
2003-01-24 13:32:00,0.2100,0.2110,0.2100,0.2100,347200
2003-01-24 13:31:00,0.2100,0.2110,0.2100,0.2100,156800
2003-01-24 13:30:00,0.2100,0.2100,0.2100,0.2100,117600
2003-01-24 13:29:00,0.2100,0.2100,0.2100,0.2100,235200
2003-01-24 13:28:00,0.2100,0.2110,0.2100,0.2100,162400
2003-01-24 13:27:00,0.2110,0.2110,0.2100,0.2110,750400
2003-01-24 13:26:00,0.2110,0.2110,0.2100,0.2100,229600
2003-01-24 13:25:00,0.2100,0.2110,0.2100,0.2100,252000
2003-01-24 13:24:00,0.2100,0.2110,0.2100,0.2100,425600
2003-01-24 13:23:00,0.2100,0.2100,0.2100,0.2100,33600
2003-01-24 13:21:00,0.2100,0.2100,0.2100,0.2100,431200
2003-01-24 13:20:00,0.2100,0.2100,0.2100,0.2100,134400
2003-01-24 13:19:00,0.2100,0.2100,0.2100,0.2100,257600
2003-01-24 13:18:00,0.2100,0.2100,0.2100,0.2100,179200
2003-01-24 13:17:00,0.2100,0.2100,0.2090,0.2100,907200
2003-01-24 13:16:00,0.2100,0.2100,0.2100,0.2100,190400
2003-01-24 13:15:00,0.2100,0.2100,0.2100,0.2100,162400
2003-01-24 13:14:00,0.2100,0.2100,0.2100,0.2100,78400
2003-01-24 13:13:00,0.2100,0.2100,0.2090,0.2100,756000
2003-01-24 13:12:00,0.2100,0.2100,0.2100,0.2100,861000
2003-01-24 13:11:00,0.2100,0.2100,0.2100,0.2100,151200
2003-01-24 13:10:00,0.2100,0.2100,0.2100,0.2100,341600
2003-01-24 13:09:00,0.2100,0.2110,0.2100,0.2100,1380400
2003-01-24 13:08:00,0.2100,0.2100,0.2100,0.2100,828800
2003-01-24 13:07:00,0.2100,0.2100,0.2100,0.2100,924000
2003-01-24 13:06:00,0.2100,0.2100,0.2100,0.2100,16800
2003-01-24 13:05:00,0.2100,0.2100,0.2100,0.2100,184800
2003-01-24 13:04:00,0.2100,0.2100,0.2100,0.2100,823200
2003-01-24 13:03:00,0.2100,0.2100,0.2090,0.2100,386400
2003-01-24 13:02:00,0.2100,0.2100,0.2090,0.2100,733600
2003-01-24 13:01:00,0.2100,0.2100,0.2100,0.2100,449456
2003-01-24 13:00:00,0.2100,0.2100,0.2100,0.2100,694400
2003-01-24 12:59:00,0.2100,0.2100,0.2100,0.2100,252000
2003-01-24 12:58:00,0.2100,0.2100,0.2100,0.2100,380800
2003-01-24 12:57:00,0.2110,0.2110,0.2100,0.2100,453600
2003-01-24 12:56:00,0.2100,0.2110,0.2100,0.2110,296800
2003-01-24 12:55:00,0.2100,0.2110,0.2100,0.2110,246400
2003-01-24 12:54:00,0.2110,0.2110,0.2100,0.2100,408800
2003-01-24 12:53:00,0.2100,0.2110,0.2100,0.2100,67200
2003-01-24 12:52:00,0.2110,0.2110,0.2100,0.2110,22400
2003-01-24 12:51:00,0.2100,0.2110,0.2100,0.2110,151200
2003-01-24 12:50:00,0.2100,0.2110,0.2100,0.2100,78400
2003-01-24 12:49:00,0.2100,0.2110,0.2100,0.2100,173600
2003-01-24 12:48:00,0.2100,0.2110,0.2100,0.2100,33600
2003-01-24 12:47:00,0.2100,0.2110,0.2100,0.2100,420000
2003-01-24 12:46:00,0.2100,0.2100,0.2100,0.2100,190400
2003-01-24 12:45:00,0.2100,0.2100,0.2100,0.2100,341600
2003-01-24 12:44:00,0.2100,0.2100,0.2100,0.2100,33600
2003-01-24 12:43:00,0.2100,0.2100,0.2100,0.2100,173600
2003-01-24 12:42:00,0.2100,0.2100,0.2100,0.2100,1551200
2003-01-24 12:41:00,0.2100,0.2100,0.2100,0.2100,106400
2003-01-24 12:40:00,0.2100,0.2100,0.2100,0.2100,2200240
2003-01-24 12:39:00,0.2100,0.2100,0.2100,0.2100,128800
2003-01-24 12:38:00,0.2100,0.2100,0.2100,0.2100,341600
2003-01-24 12:37:00,0.2100,0.2100,0.2100,0.2100,11200
2003-01-24 12:36:00,0.2100,0.2100,0.2100,0.2100,560000
2003-01-24 12:35:00,0.2100,0.2110,0.2100,0.2100,134400
2003-01-24 12:34:00,0.2110,0.2110,0.2100,0.2100,89600
2003-01-24 12:33:00,0.2110,0.2110,0.2100,0.2110,156800
2003-01-24 12:32:00,0.2100,0.2110,0.2100,0.2110,207200
2003-01-24 12:31:00,0.2110,0.2110,0.2100,0.2100,162400
2003-01-24 12:30:00,0.2110,0.2110,0.2100,0.2110,16800
2003-01-24 12:29:00,0.2100,0.2110,0.2100,0.2110,1204000
2003-01-24 12:28:00,0.2100,0.2110,0.2100,0.2100,551040
2003-01-24 12:27:00,0.2100,0.2100,0.2100,0.2100,224000
2003-01-24 12:26:00,0.2100,0.2100,0.2100,0.2100,358400
2003-01-24 12:25:00,0.2100,0.2100,0.2100,0.2100,544544
2003-01-24 12:24:00,0.2100,0.2100,0.2100,0.2100,11200
2003-01-24 12:23:00,0.2100,0.2100,0.2090,0.2100,350000
2003-01-24 12:22:00,0.2100,0.2100,0.2090,0.2100,44800
2003-01-24 12:21:00,0.2090,0.2100,0.2090,0.2100,436800
2003-01-24 12:20:00,0.2090,0.2100,0.2090,0.2090,672000
2003-01-24 12:19:00,0.2090,0.2100,0.2090,0.2090,789600
2003-01-24 12:18:00,0.2090,0.2090,0.2090,0.2090,28000
2003-01-24 12:17:00,0.2090,0.2090,0.2090,0.2090,95200
2003-01-24 12:16:00,0.2090,0.2090,0.2080,0.2090,190400
2003-01-24 12:15:00,0.2090,0.2090,0.2080,0.2090,218400
2003-01-24 12:14:00,0.2090,0.2090,0.2080,0.2090,431200
2003-01-24 12:13:00,0.2090,0.2090,0.2080,0.2090,526400
2003-01-24 12:12:00,0.2090,0.2090,0.2080,0.2090,252000
2003-01-24 12:11:00,0.2090,0.2090,0.2080,0.2090,61600
2003-01-24 12:10:00,0.2080,0.2090,0.2080,0.2090,768600
2003-01-24 12:09:00,0.2080,0.2090,0.2080,0.2080,436800
2003-01-24 12:08:00,0.2080,0.2090,0.2080,0.2080,336000
2003-01-24 12:07:00,0.2090,0.2090,0.2080,0.2080,557200
2003-01-24 12:06:00,0.2080,0.2090,0.2080,0.2080,28000
2003-01-24 12:05:00,0.2080,0.2090,0.2080,0.2090,95200
2003-01-24 12:04:00,0.2090,0.2090,0.2080,0.2090,445760
2003-01-24 12:03:00,0.2090,0.2090,0.2080,0.2080,700000
2003-01-24 12:02:00,0.2090,0.2090,0.2080,0.2090,57120
2003-01-24 12:01:00,0.2090,0.2090,0.2080,0.2090,106400
2003-01-24 12:00:00,0.2090,0.2100,0.2090,0.2090,95200
2003-01-24 11:59:00,0.2090,0.2100,0.2090,0.2090,952000
2003-01-24 11:58:00,0.2090,0.2090,0.2090,0.2090,414400
2003-01-24 11:57:00,0.2090,0.2090,0.2080,0.2090,22400
2003-01-24 11:56:00,0.2080,0.2090,0.2080,0.2090,212800
2003-01-24 11:55:00,0.2080,0.2090,0.2080,0.2080,364000
2003-01-24 11:54:00,0.2080,0.2090,0.2080,0.2080,414400
2003-01-24 11:53:00,0.2090,0.2090,0.2080,0.2080,168000
2003-01-24 11:52:00,0.2090,0.2090,0.2080,0.2080,321664
2003-01-24 11:51:00,0.2090,0.2090,0.2080,0.2090,330400
2003-01-24 11:50:00,0.2090,0.2090,0.2080,0.2090,179200
2003-01-24 11:49:00,0.2090,0.2090,0.2080,0.2090,1596000
2003-01-24 11:48:00,0.2080,0.2090,0.2080,0.2090,207200
2003-01-24 11:47:00,0.2090,0.2090,0.2080,0.2090,430808
2003-01-24 11:46:00,0.2090,0.2090,0.2090,0.2090,117600
2003-01-24 11:45:00,0.2090,0.2090,0.2080,0.2090,1170400
2003-01-24 11:44:00,0.2090,0.2090,0.2080,0.2090,436800
2003-01-24 11:43:00,0.2100,0.2100,0.2090,0.2090,268800
2003-01-24 11:42:00,0.2100,0.2100,0.2090,0.2100,268800
2003-01-24 11:41:00,0.2100,0.2110,0.2100,0.2100,442400
2003-01-24 11:40:00,0.2100,0.2110,0.2100,0.2100,240800
2003-01-24 11:39:00,0.2100,0.2110,0.2100,0.2100,14117600
2003-01-24 11:38:00,0.2100,0.2110,0.2100,0.2100,89600
2003-01-24 11:37:00,0.2100,0.2110,0.2100,0.2100,343784
2003-01-24 11:36:00,0.2100,0.2100,0.2090,0.2100,442400
2003-01-24 11:35:00,0.2090,0.2100,0.2090,0.2090,285600
2003-01-24 11:34:00,0.2090,0.2090,0.2090,0.2090,5600
2003-01-24 11:33:00,0.2090,0.2100,0.2090,0.2090,184800
2003-01-24 11:32:00,0.2090,0.2090,0.2080,0.2090,472360
2003-01-24 11:31:00,0.2100,0.2100,0.2080,0.2090,610400
2003-01-24 11:30:00,0.2100,0.2100,0.2090,0.2100,470400
2003-01-24 11:29:00,0.2100,0.2100,0.2100,0.2100,800800
2003-01-24 11:28:00,0.2100,0.2100,0.2090,0.2100,1747200
2003-01-24 11:27:00,0.2100,0.2110,0.2100,0.2100,420000
2003-01-24 11:26:00,0.2100,0.2100,0.2100,0.2100,61600
2003-01-24 11:25:00,0.2100,0.2100,0.2100,0.2100,134400
2003-01-24 11:24:00,0.2100,0.2110,0.2100,0.2100,100800
2003-01-24 11:23:00,0.2110,0.2110,0.2100,0.2100,1304800
2003-01-24 11:22:00,0.2100,0.2110,0.2100,0.2110,453600
2003-01-24 11:21:00,0.2100,0.2110,0.2100,0.2100,470400
2003-01-24 11:20:00,0.2100,0.2110,0.2100,0.2100,235200
2003-01-24 11:19:00,0.2110,0.2110,0.2100,0.2110,638400
2003-01-24 11:18:00,0.2110,0.2110,0.2100,0.2110,554400
2003-01-24 11:17:00,0.2110,0.2110,0.2100,0.2110,190400
2003-01-24 11:16:00,0.2110,0.2110,0.2100,0.2110,1680000
2003-01-24 11:15:00,0.2110,0.2110,0.2100,0.2110,498400
2003-01-24 11:14:00,0.2100,0.2110,0.2100,0.2110,788816
2003-01-24 11:13:00,0.2110,0.2110,0.2100,0.2100,1291920
2003-01-24 11:12:00,0.2100,0.2110,0.2090,0.2100,2262400
2003-01-24 11:11:00,0.2100,0.2100,0.2090,0.2100,2311400
2003-01-24 11:10:00,0.2090,0.2100,0.2090,0.2090,1002512
2003-01-24 11:09:00,0.2080,0.2090,0.2080,0.2090,856800
2003-01-24 11:08:00,0.2090,0.2090,0.2080,0.2090,1052800
2003-01-24 11:07:00,0.2090,0.2090,0.2080,0.2090,711200
2003-01-24 11:06:00,0.2090,0.2100,0.2090,0.2090,756000
2003-01-24 11:05:00,0.2090,0.2090,0.2080,0.2090,548800
2003-01-24 11:04:00,0.2090,0.2090,0.2080,0.2090,1002400
2003-01-24 11:03:00,0.2090,0.2090,0.2080,0.2090,218400
2003-01-24 11:02:00,0.2090,0.2090,0.2080,0.2080,448000
2003-01-24 11:01:00,0.2080,0.2090,0.2080,0.2090,994672
2003-01-24 11:00:00,0.2080,0.2090,0.2080,0.2080,2495192
2003-01-24 10:59:00,0.2080,0.2090,0.2070,0.2080,386400
2003-01-24 10:58:00,0.2090,0.2090,0.2080,0.2080,330400
2003-01-24 10:57:00,0.2080,0.2090,0.2070,0.2090,436800
2003-01-24 10:56:00,0.2080,0.2080,0.2070,0.2080,492800
2003-01-24 10:55:00,0.2080,0.2080,0.2070,0.2080,876792
2003-01-24 10:54:00,0.2080,0.2090,0.2080,0.2080,845600
2003-01-24 10:53:00,0.2080,0.2090,0.2080,0.2080,436800
2003-01-24 10:52:00,0.2080,0.2090,0.2080,0.2080,761600
2003-01-24 10:51:00,0.2080,0.2090,0.2080,0.2080,795200
2003-01-24 10:50:00,0.2080,0.2090,0.2080,0.2080,470400
2003-01-24 10:49:00,0.2080,0.2090,0.2080,0.2080,823200
2003-01-24 10:48:00,0.2080,0.2090,0.2080,0.2080,84000
2003-01-24 10:47:00,0.2080,0.2090,0.2080,0.2080,117600
2003-01-24 10:46:00,0.2080,0.2090,0.2070,0.2080,1254400
2003-01-24 10:45:00,0.2080,0.2090,0.2070,0.2080,1299872
2003-01-24 10:44:00,0.2070,0.2080,0.2070,0.2080,3208800
2003-01-24 10:43:00,0.2060,0.2080,0.2060,0.2070,1332800
2003-01-24 10:42:00,0.2070,0.2070,0.2060,0.2060,1982400
2003-01-24 10:41:00,0.2070,0.2070,0.2070,0.2070,571200
2003-01-24 10:40:00,0.2070,0.2070,0.2070,0.2070,498400
2003-01-24 10:39:00,0.2080,0.2080,0.2070,0.2070,1064000
2003-01-24 10:38:00,0.2080,0.2080,0.2070,0.2070,1988000
2003-01-24 10:37:00,0.2080,0.2080,0.2070,0.2070,417200
2003-01-24 10:36:00,0.2080,0.2080,0.2070,0.2080,772408
2003-01-24 10:35:00,0.2080,0.2080,0.2070,0.2070,924000
2003-01-24 10:34:00,0.2070,0.2080,0.2070,0.2070,179200
2003-01-24 10:33:00,0.2080,0.2080,0.2070,0.2070,907200
2003-01-24 10:32:00,0.2080,0.2080,0.2070,0.2080,806400
2003-01-24 10:31:00,0.2080,0.2080,0.2070,0.2070,683200
2003-01-24 10:30:00,0.2080,0.2080,0.2070,0.2080,963200
2003-01-24 10:29:00,0.2080,0.2080,0.2060,0.2080,3923584
2003-01-24 10:28:00,0.2070,0.2080,0.2060,0.2080,1812496
2003-01-24 10:27:00,0.2070,0.2070,0.2060,0.2070,724808
2003-01-24 10:26:00,0.2070,0.2070,0.2060,0.2070,688800
2003-01-24 10:25:00,0.2060,0.2070,0.2050,0.2070,1366400
2003-01-24 10:24:00,0.2060,0.2070,0.2050,0.2060,1464568
2003-01-24 10:23:00,0.2070,0.2070,0.2060,0.2060,2197888
2003-01-24 10:22:00,0.2080,0.2090,0.2070,0.2070,3240832
2003-01-24 10:21:00,0.2090,0.2100,0.2080,0.2080,3505152
2003-01-24 10:20:00,0.2100,0.2100,0.2090,0.2090,2458400
2003-01-24 10:19:00,0.2100,0.2100,0.2090,0.2090,594048
2003-01-24 10:18:00,0.2100,0.2100,0.2090,0.2100,2220008
2003-01-24 10:17:00,0.2100,0.2100,0.2090,0.2100,2122736
2003-01-24 10:16:00,0.2110,0.2110,0.2100,0.2100,3253600
2003-01-24 10:15:00,0.2110,0.2110,0.2100,0.2110,907200
2003-01-24 10:14:00,0.2110,0.2110,0.2100,0.2110,347200
2003-01-24 10:13:00,0.2110,0.2120,0.2110,0.2110,322560
2003-01-24 10:12:00,0.2110,0.2120,0.2100,0.2110,616000
2003-01-24 10:11:00,0.2110,0.2110,0.2100,0.2110,4004504
2003-01-24 10:10:00,0.2110,0.2110,0.2100,0.2110,644000
2003-01-24 10:09:00,0.2110,0.2110,0.2100,0.2110,1299200
2003-01-24 10:08:00,0.2110,0.2110,0.2100,0.2110,1248800
2003-01-24 10:07:00,0.2110,0.2120,0.2110,0.2110,994448
2003-01-24 10:06:00,0.2110,0.2120,0.2110,0.2110,1086624
2003-01-24 10:05:00,0.2100,0.2110,0.2100,0.2110,758688
2003-01-24 10:04:00,0.2100,0.2110,0.2100,0.2100,484680
2003-01-24 10:03:00,0.2100,0.2110,0.2100,0.2100,1212400
2003-01-24 10:02:00,0.2100,0.2110,0.2100,0.2100,921200
2003-01-24 10:01:00,0.2100,0.2110,0.2100,0.2100,1243200
2003-01-24 10:00:00,0.2110,0.2110,0.2100,0.2110,1670256
2003-01-24 09:59:00,0.2110,0.2120,0.2100,0.2110,2660672
2003-01-24 09:58:00,0.2110,0.2120,0.2110,0.2110,1416800
2003-01-24 09:57:00,0.2120,0.2120,0.2110,0.2110,886480
2003-01-24 09:56:00,0.2120,0.2120,0.2110,0.2120,929600
2003-01-24 09:55:00,0.2120,0.2120,0.2110,0.2120,1251544
2003-01-24 09:54:00,0.2120,0.2120,0.2110,0.2120,1416800
2003-01-24 09:53:00,0.2120,0.2120,0.2110,0.2120,1143296
2003-01-24 09:52:00,0.2120,0.2120,0.2110,0.2120,2111200
2003-01-24 09:51:00,0.2120,0.2120,0.2110,0.2120,565600
2003-01-24 09:50:00,0.2120,0.2130,0.2120,0.2120,1220800
2003-01-24 09:49:00,0.2120,0.2130,0.2120,0.2120,392000
2003-01-24 09:48:00,0.2120,0.2130,0.2120,0.2120,268632
2003-01-24 09:47:00,0.2120,0.2130,0.2120,0.2120,362432
2003-01-24 09:46:00,0.2120,0.2130,0.2120,0.2120,649600
2003-01-24 09:45:00,0.2120,0.2120,0.2110,0.2120,1906856
2003-01-24 09:44:00,0.2130,0.2130,0.2120,0.2120,1933680
2003-01-24 09:43:00,0.2130,0.2130,0.2120,0.2130,498400
2003-01-24 09:42:00,0.2130,0.2130,0.2120,0.2130,44800
2003-01-24 09:41:00,0.2130,0.2130,0.2120,0.2130,711200
2003-01-24 09:40:00,0.2130,0.2130,0.2120,0.2130,2430400
2003-01-24 09:39:00,0.2130,0.2130,0.2120,0.2130,224000
2003-01-24 09:38:00,0.2130,0.2130,0.2120,0.2130,554400
2003-01-24 09:37:00,0.2140,0.2140,0.2120,0.2120,1232000
2003-01-24 09:36:00,0.2140,0.2140,0.2130,0.2140,520800
2003-01-24 09:35:00,0.2140,0.2140,0.2130,0.2130,3218768
2003-01-24 09:34:00,0.2140,0.2140,0.2130,0.2140,492800
2003-01-24 09:33:00,0.2140,0.2150,0.2140,0.2140,1103200
2003-01-24 09:32:00,0.2140,0.2150,0.2140,0.2140,352800
2003-01-24 09:31:00,0.2140,0.2150,0.2130,0.2140,716800
2003-01-24 09:30:00,0.2160,0.2160,0.2130,0.2140,2849224
2003-01-24 09:29:00,0.2150,0.2160,0.2140,0.2150,313600
2003-01-24 09:24:00,0.2150,0.2160,0.2150,0.2150,16800
2003-01-24 09:22:00,0.2150,0.2160,0.2150,0.2150,16800
2003-01-24 09:20:00,0.2150,0.2160,0.2150,0.2150,11200
2003-01-24 09:10:00,0.2160,0.2160,0.2150,0.2160,5600
2003-01-24 09:05:00,0.2160,0.2160,0.2150,0.2150,39200
2003-01-24 08:45:00,0.2160,0.2170,0.2160,0.2160,44800
2003-01-24 08:40:00,0.2170,0.2170,0.2160,0.2160,33600
2003-01-24 08:33:00,0.2150,0.2160,0.2150,0.2150,16800
2003-01-24 08:25:00,0.2150,0.2160,0.2150,0.2150,11200
2003-01-23 17:39:00,0.2190,0.2190,0.2190,0.2190,5600
2003-01-23 17:21:00,0.2150,0.2150,0.2140,0.2150,621600
2003-01-23 17:18:00,0.2170,0.2190,0.2170,0.2180,40264
2003-01-23 17:10:00,0.2150,0.2150,0.2140,0.2150,666400
2003-01-23 16:52:00,0.2150,0.2150,0.2140,0.2150,11200
2003-01-23 16:39:00,0.2170,0.2170,0.2160,0.2160,168000
2003-01-23 16:33:00,0.2140,0.2150,0.2140,0.2140,16800
2003-01-23 16:30:00,0.2150,0.2150,0.2140,0.2150,403200
2003-01-23 16:27:00,0.2150,0.2150,0.2140,0.2150,487200
2003-01-23 16:24:00,0.2150,0.2150,0.2140,0.2150,263200
2003-01-23 16:17:00,0.2150,0.2150,0.2140,0.2140,78400
2003-01-23 16:16:00,0.2150,0.2150,0.2150,0.2150,22400
2003-01-23 16:15:00,0.2140,0.2140,0.2140,0.2140,117600
2003-01-23 16:14:00,0.2140,0.2140,0.2140,0.2140,16800
2003-01-23 16:13:00,0.2140,0.2140,0.2130,0.2140,33600
2003-01-23 16:09:00,0.2150,0.2150,0.2140,0.2150,3332000
2003-01-23 16:08:00,0.2140,0.2150,0.2140,0.2140,156800
2003-01-23 16:07:00,0.2150,0.2150,0.2140,0.2150,403200
2003-01-23 16:05:00,0.2150,0.2150,0.2140,0.2150,257600
2003-01-23 16:04:00,0.2150,0.2160,0.2140,0.2150,156800
2003-01-23 16:02:00,0.2150,0.2150,0.2140,0.2150,11200
2003-01-23 16:00:00,0.2150,0.2160,0.2140,0.2150,369600
2003-01-23 15:59:00,0.2150,0.2160,0.2140,0.2160,3046400
2003-01-23 15:58:00,0.2150,0.2160,0.2150,0.2150,1879808
2003-01-23 15:57:00,0.2160,0.2160,0.2150,0.2150,1131200
2003-01-23 15:56:00,0.2160,0.2160,0.2150,0.2160,289520
2003-01-23 15:55:00,0.2160,0.2160,0.2150,0.2160,375648
2003-01-23 15:54:00,0.2160,0.2160,0.2150,0.2160,716800
2003-01-23 15:53:00,0.2160,0.2170,0.2150,0.2160,1166256
2003-01-23 15:52:00,0.2170,0.2170,0.2160,0.2160,162400
2003-01-23 15:51:00,0.2170,0.2170,0.2160,0.2160,201600
2003-01-23 15:50:00,0.2160,0.2170,0.2160,0.2160,1631672
2003-01-23 15:49:00,0.2170,0.2170,0.2160,0.2160,464800
2003-01-23 15:48:00,0.2170,0.2170,0.2160,0.2170,524440
2003-01-23 15:47:00,0.2180,0.2180,0.2160,0.2170,957600
2003-01-23 15:46:00,0.2170,0.2180,0.2170,0.2170,999712
2003-01-23 15:45:00,0.2170,0.2180,0.2170,0.2170,2029832
2003-01-23 15:44:00,0.2170,0.2180,0.2170,0.2170,442400
2003-01-23 15:43:00,0.2170,0.2180,0.2160,0.2170,1400000
2003-01-23 15:42:00,0.2160,0.2170,0.2160,0.2170,1282400
2003-01-23 15:41:00,0.2160,0.2170,0.2160,0.2160,571200
2003-01-23 15:40:00,0.2170,0.2170,0.2160,0.2170,330400
2003-01-23 15:39:00,0.2170,0.2170,0.2160,0.2170,257600
2003-01-23 15:38:00,0.2170,0.2170,0.2170,0.2170,588000
2003-01-23 15:37:00,0.2170,0.2180,0.2170,0.2170,145600
2003-01-23 15:36:00,0.2170,0.2180,0.2170,0.2170,659120
2003-01-23 15:35:00,0.2170,0.2170,0.2160,0.2170,397600
2003-01-23 15:34:00,0.2170,0.2170,0.2160,0.2170,851200
2003-01-23 15:33:00,0.2170,0.2170,0.2160,0.2170,117600
2003-01-23 15:32:00,0.2170,0.2170,0.2160,0.2170,1318800
2003-01-23 15:31:00,0.2170,0.2170,0.2160,0.2170,1463280
2003-01-23 15:30:00,0.2160,0.2180,0.2160,0.2170,3130344
2003-01-23 15:29:00,0.2160,0.2170,0.2160,0.2160,1120672
2003-01-23 15:28:00,0.2160,0.2170,0.2160,0.2160,991200
2003-01-23 15:27:00,0.2160,0.2170,0.2160,0.2160,44800
2003-01-23 15:26:00,0.2160,0.2170,0.2160,0.2160,61600
2003-01-23 15:25:00,0.2160,0.2170,0.2160,0.2160,946400
2003-01-23 15:24:00,0.2160,0.2170,0.2160,0.2160,1993880
2003-01-23 15:23:00,0.2160,0.2170,0.2160,0.2160,985600
2003-01-23 15:22:00,0.2160,0.2170,0.2160,0.2160,197232
2003-01-23 15:21:00,0.2160,0.2170,0.2160,0.2160,1976800
2003-01-23 15:20:00,0.2160,0.2170,0.2160,0.2160,268800
2003-01-23 15:19:00,0.2160,0.2170,0.2160,0.2160,324800
2003-01-23 15:18:00,0.2160,0.2170,0.2160,0.2160,352800
2003-01-23 15:17:00,0.2160,0.2170,0.2160,0.2170,198744
2003-01-23 15:16:00,0.2160,0.2170,0.2160,0.2160,434448
2003-01-23 15:15:00,0.2160,0.2170,0.2160,0.2160,263200
2003-01-23 15:14:00,0.2160,0.2170,0.2160,0.2160,1463952
2003-01-23 15:13:00,0.2160,0.2160,0.2160,0.2160,128800
2003-01-23 15:12:00,0.2160,0.2160,0.2160,0.2160,655200
2003-01-23 15:11:00,0.2160,0.2160,0.2160,0.2160,476000
2003-01-23 15:10:00,0.2160,0.2160,0.2160,0.2160,352800
2003-01-23 15:09:00,0.2160,0.2160,0.2160,0.2160,263200
2003-01-23 15:08:00,0.2160,0.2160,0.2160,0.2160,33600
2003-01-23 15:07:00,0.2160,0.2160,0.2160,0.2160,156800
2003-01-23 15:06:00,0.2160,0.2160,0.2150,0.2160,868000
2003-01-23 15:05:00,0.2160,0.2170,0.2160,0.2160,621600
2003-01-23 15:04:00,0.2160,0.2170,0.2160,0.2160,969920
2003-01-23 15:03:00,0.2160,0.2170,0.2160,0.2160,218400
2003-01-23 15:02:00,0.2160,0.2170,0.2150,0.2160,2038400
2003-01-23 15:01:00,0.2160,0.2160,0.2150,0.2160,1788640
2003-01-23 15:00:00,0.2160,0.2160,0.2150,0.2160,498400
2003-01-23 14:59:00,0.2160,0.2160,0.2150,0.2160,1136800
2003-01-23 14:58:00,0.2160,0.2160,0.2150,0.2160,711200
2003-01-23 14:57:00,0.2160,0.2160,0.2150,0.2160,168000
2003-01-23 14:56:00,0.2160,0.2160,0.2150,0.2160,117600
2003-01-23 14:55:00,0.2160,0.2160,0.2150,0.2160,179200
2003-01-23 14:54:00,0.2150,0.2160,0.2150,0.2160,229600
2003-01-23 14:53:00,0.2150,0.2160,0.2150,0.2150,12208
2003-01-23 14:52:00,0.2150,0.2160,0.2150,0.2150,56000
2003-01-23 14:51:00,0.2160,0.2160,0.2150,0.2160,886760
2003-01-23 14:50:00,0.2160,0.2160,0.2150,0.2160,1139096
2003-01-23 14:49:00,0.2160,0.2160,0.2150,0.2160,1556800
2003-01-23 14:48:00,0.2160,0.2160,0.2150,0.2160,5600
2003-01-23 14:47:00,0.2160,0.2160,0.2150,0.2160,378112
2003-01-23 14:46:00,0.2160,0.2160,0.2150,0.2160,543200
2003-01-23 14:45:00,0.2160,0.2160,0.2150,0.2160,896000
2003-01-23 14:44:00,0.2160,0.2160,0.2150,0.2160,123200
2003-01-23 14:43:00,0.2150,0.2160,0.2150,0.2150,246400
2003-01-23 14:41:00,0.2150,0.2160,0.2150,0.2150,100800
2003-01-23 14:40:00,0.2150,0.2150,0.2150,0.2150,240800
2003-01-23 14:39:00,0.2150,0.2150,0.2140,0.2150,995232
2003-01-23 14:38:00,0.2150,0.2150,0.2140,0.2150,1002400
2003-01-23 14:37:00,0.2140,0.2150,0.2140,0.2140,5600
2003-01-23 14:36:00,0.2150,0.2150,0.2140,0.2140,607208
2003-01-23 14:35:00,0.2150,0.2150,0.2140,0.2150,138152
2003-01-23 14:34:00,0.2150,0.2150,0.2140,0.2150,5600
2003-01-23 14:33:00,0.2150,0.2150,0.2140,0.2150,33600
2003-01-23 14:32:00,0.2150,0.2150,0.2140,0.2150,95200
2003-01-23 14:30:00,0.2150,0.2150,0.2140,0.2150,470400
2003-01-23 14:29:00,0.2150,0.2150,0.2140,0.2150,235200
2003-01-23 14:28:00,0.2150,0.2150,0.2140,0.2150,196000
2003-01-23 14:27:00,0.2150,0.2150,0.2140,0.2150,296800
2003-01-23 14:26:00,0.2150,0.2150,0.2140,0.2150,217616
2003-01-23 14:25:00,0.2150,0.2160,0.2140,0.2150,621600
2003-01-23 14:24:00,0.2150,0.2160,0.2150,0.2150,78400
2003-01-23 14:22:00,0.2160,0.2160,0.2150,0.2150,207200
2003-01-23 14:21:00,0.2160,0.2160,0.2150,0.2160,403760
2003-01-23 14:20:00,0.2160,0.2160,0.2150,0.2160,112000
2003-01-23 14:19:00,0.2160,0.2160,0.2150,0.2160,436800
2003-01-23 14:18:00,0.2160,0.2160,0.2150,0.2160,263200
2003-01-23 14:17:00,0.2150,0.2160,0.2150,0.2160,117600
2003-01-23 14:16:00,0.2150,0.2160,0.2150,0.2150,576800
2003-01-23 14:15:00,0.2150,0.2160,0.2150,0.2150,380800
2003-01-23 14:14:00,0.2150,0.2160,0.2150,0.2150,375200
2003-01-23 14:13:00,0.2160,0.2160,0.2150,0.2160,218400
2003-01-23 14:12:00,0.2160,0.2160,0.2150,0.2160,383152
2003-01-23 14:11:00,0.2160,0.2160,0.2150,0.2160,336000
2003-01-23 14:10:00,0.2160,0.2160,0.2150,0.2160,201600
2003-01-23 14:08:00,0.2160,0.2160,0.2150,0.2160,134400
2003-01-23 14:07:00,0.2160,0.2160,0.2150,0.2160,112000
2003-01-23 14:06:00,0.2160,0.2160,0.2150,0.2160,337176
2003-01-23 14:05:00,0.2160,0.2160,0.2150,0.2160,11200
2003-01-23 14:04:00,0.2160,0.2160,0.2150,0.2160,201600
2003-01-23 14:03:00,0.2160,0.2160,0.2150,0.2160,190400
2003-01-23 14:02:00,0.2160,0.2160,0.2150,0.2160,72800
2003-01-23 14:01:00,0.2160,0.2160,0.2150,0.2160,392000
2003-01-23 14:00:00,0.2160,0.2160,0.2150,0.2160,110320
2003-01-23 13:59:00,0.2160,0.2160,0.2150,0.2160,414400
2003-01-23 13:57:00,0.2160,0.2160,0.2150,0.2160,1596000
2003-01-23 13:56:00,0.2160,0.2160,0.2150,0.2160,705600
2003-01-23 13:55:00,0.2160,0.2160,0.2160,0.2160,778400
2003-01-23 13:54:00,0.2160,0.2160,0.2150,0.2160,268800
2003-01-23 13:53:00,0.2160,0.2160,0.2150,0.2150,61600
2003-01-23 13:52:00,0.2160,0.2160,0.2150,0.2160,268800
2003-01-23 13:51:00,0.2160,0.2160,0.2150,0.2160,336840
2003-01-23 13:50:00,0.2160,0.2160,0.2150,0.2160,36680
2003-01-23 13:49:00,0.2160,0.2160,0.2150,0.2150,106400
2003-01-23 13:48:00,0.2160,0.2160,0.2150,0.2160,351624
2003-01-23 13:47:00,0.2160,0.2160,0.2150,0.2160,30800
2003-01-23 13:46:00,0.2160,0.2160,0.2150,0.2160,308000
2003-01-23 13:45:00,0.2150,0.2160,0.2150,0.2160,560000
2003-01-23 13:44:00,0.2150,0.2160,0.2150,0.2150,16800
2003-01-23 13:43:00,0.2150,0.2160,0.2150,0.2150,212800
2003-01-23 13:42:00,0.2150,0.2150,0.2150,0.2150,56000
2003-01-23 13:41:00,0.2150,0.2160,0.2150,0.2150,145600
2003-01-23 13:40:00,0.2150,0.2150,0.2150,0.2150,16800
2003-01-23 13:39:00,0.2150,0.2150,0.2150,0.2150,151200
2003-01-23 13:38:00,0.2150,0.2160,0.2150,0.2150,459200
2003-01-23 13:37:00,0.2150,0.2160,0.2140,0.2150,617400
2003-01-23 13:36:00,0.2150,0.2150,0.2140,0.2150,134400
2003-01-23 13:35:00,0.2150,0.2150,0.2140,0.2150,11200
2003-01-23 13:34:00,0.2150,0.2150,0.2140,0.2150,11200
2003-01-23 13:33:00,0.2150,0.2150,0.2140,0.2150,72800
2003-01-23 13:32:00,0.2150,0.2150,0.2140,0.2150,235200
2003-01-23 13:31:00,0.2150,0.2150,0.2140,0.2150,431200
2003-01-23 13:30:00,0.2150,0.2150,0.2140,0.2150,862400
2003-01-23 13:29:00,0.2150,0.2160,0.2150,0.2150,134400
2003-01-23 13:28:00,0.2150,0.2160,0.2150,0.2150,201600
2003-01-23 13:27:00,0.2150,0.2160,0.2150,0.2150,128800
2003-01-23 13:25:00,0.2150,0.2160,0.2150,0.2150,277032
2003-01-23 13:24:00,0.2150,0.2160,0.2150,0.2150,532000
2003-01-23 13:23:00,0.2150,0.2160,0.2150,0.2150,576800
2003-01-23 13:22:00,0.2160,0.2160,0.2150,0.2150,438648
2003-01-23 13:21:00,0.2150,0.2160,0.2150,0.2160,626752
2003-01-23 13:20:00,0.2150,0.2160,0.2150,0.2150,296800
2003-01-23 13:19:00,0.2150,0.2160,0.2150,0.2160,39200
2003-01-23 13:18:00,0.2160,0.2160,0.2150,0.2150,576800
2003-01-23 13:17:00,0.2160,0.2160,0.2150,0.2160,229600
2003-01-23 13:16:00,0.2160,0.2160,0.2150,0.2150,100800
2003-01-23 13:15:00,0.2150,0.2160,0.2150,0.2150,235200
2003-01-23 13:14:00,0.2160,0.2160,0.2150,0.2150,117600
2003-01-23 13:13:00,0.2160,0.2160,0.2150,0.2160,50400
2003-01-23 13:12:00,0.2160,0.2160,0.2150,0.2160,501760
2003-01-23 13:11:00,0.2160,0.2160,0.2150,0.2160,28000
2003-01-23 13:10:00,0.2160,0.2160,0.2150,0.2160,84000
2003-01-23 13:09:00,0.2160,0.2160,0.2150,0.2160,358400
2003-01-23 13:08:00,0.2160,0.2160,0.2150,0.2160,420000
2003-01-23 13:07:00,0.2160,0.2160,0.2150,0.2160,68544
2003-01-23 13:06:00,0.2160,0.2160,0.2150,0.2160,218400
2003-01-23 13:05:00,0.2160,0.2160,0.2150,0.2160,184800
2003-01-23 13:04:00,0.2160,0.2160,0.2150,0.2160,67200
2003-01-23 13:03:00,0.2160,0.2160,0.2150,0.2160,105504
2003-01-23 13:02:00,0.2160,0.2160,0.2150,0.2160,167216
2003-01-23 13:01:00,0.2160,0.2160,0.2150,0.2160,106400
2003-01-23 13:00:00,0.2160,0.2160,0.2150,0.2160,128800
2003-01-23 12:59:00,0.2160,0.2160,0.2150,0.2160,16800
2003-01-23 12:58:00,0.2160,0.2160,0.2150,0.2160,33600
2003-01-23 12:57:00,0.2160,0.2170,0.2150,0.2160,274400
2003-01-23 12:56:00,0.2160,0.2170,0.2160,0.2160,334432
2003-01-23 12:55:00,0.2160,0.2170,0.2160,0.2160,397600
2003-01-23 12:54:00,0.2160,0.2170,0.2150,0.2160,1517600
2003-01-23 12:53:00,0.2150,0.2160,0.2150,0.2160,1568280
2003-01-23 12:52:00,0.2150,0.2160,0.2150,0.2150,23128
2003-01-23 12:51:00,0.2150,0.2160,0.2150,0.2150,219296
2003-01-23 12:50:00,0.2150,0.2160,0.2150,0.2150,464016
2003-01-23 12:49:00,0.2150,0.2150,0.2140,0.2150,497616
2003-01-23 12:48:00,0.2150,0.2150,0.2140,0.2140,218400
2003-01-23 12:47:00,0.2150,0.2150,0.2140,0.2140,78400
2003-01-23 12:46:00,0.2150,0.2150,0.2140,0.2150,145600
2003-01-23 12:45:00,0.2140,0.2150,0.2140,0.2140,459200
2003-01-23 12:44:00,0.2150,0.2150,0.2140,0.2140,2951200
2003-01-23 12:43:00,0.2140,0.2150,0.2140,0.2140,470400
2003-01-23 12:42:00,0.2140,0.2150,0.2140,0.2140,28000
2003-01-23 12:41:00,0.2140,0.2150,0.2140,0.2140,16800
2003-01-23 12:40:00,0.2150,0.2150,0.2140,0.2140,72800
2003-01-23 12:39:00,0.2150,0.2150,0.2140,0.2140,5600
2003-01-23 12:38:00,0.2140,0.2150,0.2140,0.2140,470400
2003-01-23 12:37:00,0.2140,0.2150,0.2140,0.2140,128800
2003-01-23 12:36:00,0.2140,0.2140,0.2140,0.2140,50400
2003-01-23 12:35:00,0.2140,0.2140,0.2140,0.2140,184800
2003-01-23 12:34:00,0.2140,0.2150,0.2140,0.2140,285600
2003-01-23 12:33:00,0.2140,0.2150,0.2140,0.2140,184800
2003-01-23 12:32:00,0.2140,0.2150,0.2140,0.2140,184800
2003-01-23 12:31:00,0.2150,0.2150,0.2140,0.2140,78400
2003-01-23 12:30:00,0.2150,0.2150,0.2140,0.2140,369600
2003-01-23 12:29:00,0.2150,0.2150,0.2130,0.2140,2816800
2003-01-23 12:28:00,0.2140,0.2150,0.2140,0.2140,414400
2003-01-23 12:27:00,0.2140,0.2150,0.2140,0.2140,397600
2003-01-23 12:26:00,0.2140,0.2150,0.2140,0.2140,89600
2003-01-23 12:25:00,0.2150,0.2150,0.2140,0.2140,89600
2003-01-23 12:24:00,0.2150,0.2150,0.2140,0.2140,85960
2003-01-23 12:23:00,0.2140,0.2150,0.2140,0.2140,268800
2003-01-23 12:22:00,0.2140,0.2140,0.2140,0.2140,240800
2003-01-23 12:21:00,0.2140,0.2140,0.2140,0.2140,386680
2003-01-23 12:20:00,0.2140,0.2140,0.2130,0.2140,1334760
2003-01-23 12:19:00,0.2140,0.2150,0.2140,0.2140,273000
2003-01-23 12:18:00,0.2140,0.2140,0.2140,0.2140,1254400
2003-01-23 12:17:00,0.2140,0.2140,0.2140,0.2140,67200
2003-01-23 12:16:00,0.2140,0.2140,0.2140,0.2140,84000
2003-01-23 12:15:00,0.2140,0.2140,0.2140,0.2140,218400
2003-01-23 12:14:00,0.2140,0.2140,0.2140,0.2140,134400
2003-01-23 12:13:00,0.2140,0.2150,0.2140,0.2140,173600
2003-01-23 12:12:00,0.2140,0.2140,0.2140,0.2140,28000
2003-01-23 12:11:00,0.2140,0.2150,0.2140,0.2140,274400
2003-01-23 12:10:00,0.2150,0.2150,0.2140,0.2140,28000
2003-01-23 12:09:00,0.2150,0.2150,0.2140,0.2140,123200
2003-01-23 12:08:00,0.2150,0.2150,0.2140,0.2150,67200
2003-01-23 12:07:00,0.2150,0.2150,0.2140,0.2150,610624
2003-01-23 12:06:00,0.2150,0.2150,0.2140,0.2150,207200
2003-01-23 12:05:00,0.2150,0.2150,0.2140,0.2150,302400
2003-01-23 12:04:00,0.2150,0.2160,0.2140,0.2150,795200
2003-01-23 12:03:00,0.2160,0.2160,0.2150,0.2150,520800
2003-01-23 12:02:00,0.2150,0.2160,0.2150,0.2150,106400
2003-01-23 12:01:00,0.2150,0.2160,0.2150,0.2160,1174208
2003-01-23 12:00:00,0.2150,0.2150,0.2150,0.2150,215544
2003-01-23 11:59:00,0.2150,0.2150,0.2150,0.2150,523880
2003-01-23 11:58:00,0.2150,0.2150,0.2150,0.2150,11200
2003-01-23 11:57:00,0.2150,0.2160,0.2140,0.2150,912800
2003-01-23 11:56:00,0.2150,0.2150,0.2140,0.2150,756000
2003-01-23 11:55:00,0.2150,0.2150,0.2140,0.2150,644000
2003-01-23 11:54:00,0.2150,0.2150,0.2140,0.2150,56000
2003-01-23 11:53:00,0.2150,0.2150,0.2140,0.2150,364000
2003-01-23 11:52:00,0.2150,0.2150,0.2140,0.2150,296800
2003-01-23 11:51:00,0.2150,0.2150,0.2140,0.2140,95200
2003-01-23 11:50:00,0.2150,0.2150,0.2140,0.2150,652680
2003-01-23 11:49:00,0.2150,0.2150,0.2140,0.2150,1534400
2003-01-23 11:48:00,0.2150,0.2150,0.2140,0.2150,1570352
2003-01-23 11:47:00,0.2140,0.2150,0.2140,0.2140,235200
2003-01-23 11:46:00,0.2140,0.2140,0.2130,0.2140,1041600
2003-01-23 11:45:00,0.2140,0.2140,0.2130,0.2140,246400
2003-01-23 11:44:00,0.2140,0.2140,0.2130,0.2140,93800
2003-01-23 11:43:00,0.2140,0.2140,0.2130,0.2140,207200
2003-01-23 11:42:00,0.2140,0.2140,0.2120,0.2140,128800
2003-01-23 11:41:00,0.2130,0.2140,0.2130,0.2130,72800
2003-01-23 11:40:00,0.2130,0.2140,0.2130,0.2130,380800
2003-01-23 11:39:00,0.2130,0.2140,0.2130,0.2130,492800
2003-01-23 11:38:00,0.2130,0.2140,0.2130,0.2130,168000
2003-01-23 11:37:00,0.2130,0.2140,0.2130,0.2130,95200
2003-01-23 11:36:00,0.2130,0.2140,0.2130,0.2130,134400
2003-01-23 11:35:00,0.2140,0.2140,0.2130,0.2130,520800
2003-01-23 11:34:00,0.2130,0.2140,0.2130,0.2130,733600
2003-01-23 11:33:00,0.2130,0.2140,0.2130,0.2130,487200
2003-01-23 11:32:00,0.2130,0.2140,0.2130,0.2130,100800
2003-01-23 11:31:00,0.2130,0.2140,0.2130,0.2130,1327200
2003-01-23 11:30:00,0.2140,0.2140,0.2130,0.2130,649600
2003-01-23 11:29:00,0.2140,0.2140,0.2130,0.2140,140000
2003-01-23 11:28:00,0.2140,0.2140,0.2130,0.2140,612472
2003-01-23 11:27:00,0.2140,0.2140,0.2130,0.2130,224000
2003-01-23 11:26:00,0.2140,0.2140,0.2130,0.2140,84000
2003-01-23 11:25:00,0.2140,0.2140,0.2130,0.2140,688800
2003-01-23 11:24:00,0.2140,0.2140,0.2130,0.2130,823200
2003-01-23 11:23:00,0.2140,0.2140,0.2130,0.2140,358400
2003-01-23 11:22:00,0.2140,0.2140,0.2130,0.2140,330400
2003-01-23 11:21:00,0.2140,0.2140,0.2130,0.2140,218400
2003-01-23 11:20:00,0.2140,0.2140,0.2130,0.2140,190400
2003-01-23 11:19:00,0.2140,0.2140,0.2130,0.2140,106400
2003-01-23 11:18:00,0.2140,0.2140,0.2130,0.2140,296800
2003-01-23 11:17:00,0.2140,0.2150,0.2130,0.2140,676312
2003-01-23 11:16:00,0.2140,0.2140,0.2130,0.2140,78400
2003-01-23 11:15:00,0.2140,0.2140,0.2130,0.2140,397600
2003-01-23 11:14:00,0.2140,0.2140,0.2130,0.2140,134400
2003-01-23 11:13:00,0.2140,0.2140,0.2130,0.2140,537600
2003-01-23 11:12:00,0.2140,0.2150,0.2130,0.2140,695016
2003-01-23 11:11:00,0.2140,0.2140,0.2130,0.2140,605640
2003-01-23 11:10:00,0.2130,0.2140,0.2130,0.2130,394240
2003-01-23 11:09:00,0.2130,0.2140,0.2130,0.2130,495600
2003-01-23 11:08:00,0.2130,0.2130,0.2130,0.2130,117152
2003-01-23 11:07:00,0.2130,0.2140,0.2130,0.2130,207200
2003-01-23 11:06:00,0.2140,0.2140,0.2130,0.2140,1205848
2003-01-23 11:05:00,0.2130,0.2140,0.2130,0.2130,274400
2003-01-23 11:04:00,0.2140,0.2140,0.2130,0.2140,806400
2003-01-23 11:03:00,0.2130,0.2140,0.2130,0.2130,78400
2003-01-23 11:02:00,0.2130,0.2140,0.2130,0.2130,868000
2003-01-23 11:01:00,0.2140,0.2140,0.2130,0.2130,263200
2003-01-23 11:00:00,0.2140,0.2140,0.2130,0.2140,812000
2003-01-23 10:59:00,0.2130,0.2140,0.2130,0.2140,50400
2003-01-23 10:58:00,0.2130,0.2140,0.2130,0.2140,1024800
2003-01-23 10:57:00,0.2130,0.2130,0.2130,0.2130,5600
2003-01-23 10:56:00,0.2130,0.2130,0.2120,0.2130,1120000
2003-01-23 10:55:00,0.2130,0.2130,0.2120,0.2130,520800
2003-01-23 10:54:00,0.2130,0.2130,0.2120,0.2130,229600
2003-01-23 10:53:00,0.2130,0.2130,0.2120,0.2130,145600
2003-01-23 10:52:00,0.2130,0.2130,0.2120,0.2130,106400
2003-01-23 10:51:00,0.2130,0.2130,0.2120,0.2130,686000
2003-01-23 10:50:00,0.2130,0.2130,0.2120,0.2120,3617600
2003-01-23 10:49:00,0.2120,0.2130,0.2120,0.2130,694400
2003-01-23 10:48:00,0.2120,0.2130,0.2120,0.2120,168000
2003-01-23 10:47:00,0.2120,0.2130,0.2120,0.2120,918400
2003-01-23 10:46:00,0.2120,0.2130,0.2120,0.2120,420000
2003-01-23 10:45:00,0.2120,0.2130,0.2120,0.2120,1052800
2003-01-23 10:44:00,0.2120,0.2130,0.2120,0.2130,855456
2003-01-23 10:43:00,0.2130,0.2130,0.2120,0.2120,1077888
2003-01-23 10:42:00,0.2130,0.2130,0.2120,0.2120,257600
2003-01-23 10:41:00,0.2130,0.2130,0.2120,0.2130,291200
2003-01-23 10:40:00,0.2120,0.2130,0.2120,0.2130,246400
2003-01-23 10:39:00,0.2120,0.2130,0.2120,0.2130,648088
2003-01-23 10:38:00,0.2120,0.2130,0.2120,0.2120,592424
2003-01-23 10:37:00,0.2120,0.2130,0.2120,0.2120,1220800
2003-01-23 10:36:00,0.2120,0.2130,0.2120,0.2120,1064000
2003-01-23 10:35:00,0.2120,0.2130,0.2120,0.2120,593600
2003-01-23 10:34:00,0.2120,0.2120,0.2120,0.2120,1198400
2003-01-23 10:33:00,0.2120,0.2120,0.2110,0.2120,296800
2003-01-23 10:32:00,0.2120,0.2120,0.2110,0.2120,871080
2003-01-23 10:31:00,0.2120,0.2130,0.2120,0.2120,84000
2003-01-23 10:30:00,0.2120,0.2130,0.2120,0.2120,2816800
2003-01-23 10:29:00,0.2120,0.2130,0.2120,0.2120,1299200
2003-01-23 10:28:00,0.2120,0.2130,0.2120,0.2120,593600
2003-01-23 10:27:00,0.2120,0.2130,0.2120,0.2120,666400
2003-01-23 10:26:00,0.2120,0.2130,0.2120,0.2120,146664
2003-01-23 10:25:00,0.2120,0.2130,0.2120,0.2120,1932000
2003-01-23 10:24:00,0.2120,0.2120,0.2120,0.2120,201600
2003-01-23 10:23:00,0.2120,0.2120,0.2110,0.2120,744800
2003-01-23 10:22:00,0.2120,0.2120,0.2110,0.2120,201600
2003-01-23 10:21:00,0.2120,0.2120,0.2110,0.2120,233016
2003-01-23 10:20:00,0.2120,0.2120,0.2110,0.2120,1080520
2003-01-23 10:19:00,0.2120,0.2120,0.2120,0.2120,492800
2003-01-23 10:18:00,0.2120,0.2120,0.2120,0.2120,173600
2003-01-23 10:17:00,0.2120,0.2120,0.2120,0.2120,565600
2003-01-23 10:16:00,0.2120,0.2130,0.2120,0.2120,621600
2003-01-23 10:15:00,0.2120,0.2130,0.2120,0.2120,510160
2003-01-23 10:14:00,0.2120,0.2130,0.2120,0.2120,1181600
2003-01-23 10:13:00,0.2130,0.2130,0.2120,0.2120,1853824
2003-01-23 10:12:00,0.2130,0.2130,0.2120,0.2130,128800
2003-01-23 10:11:00,0.2130,0.2130,0.2120,0.2130,263200
2003-01-23 10:10:00,0.2130,0.2130,0.2120,0.2130,477680
2003-01-23 10:09:00,0.2130,0.2130,0.2120,0.2130,537600
2003-01-23 10:08:00,0.2130,0.2130,0.2120,0.2130,929600
2003-01-23 10:07:00,0.2130,0.2130,0.2120,0.2130,196000
2003-01-23 10:06:00,0.2130,0.2130,0.2120,0.2130,1769600
2003-01-23 10:05:00,0.2130,0.2130,0.2120,0.2130,1024800
2003-01-23 10:04:00,0.2130,0.2130,0.2120,0.2120,2086784
2003-01-23 10:03:00,0.2120,0.2130,0.2120,0.2130,1052800
2003-01-23 10:02:00,0.2120,0.2130,0.2120,0.2120,1559936
2003-01-23 10:01:00,0.2130,0.2130,0.2120,0.2120,1153600
2003-01-23 10:00:00,0.2130,0.2140,0.2120,0.2130,1131200
2003-01-23 09:59:00,0.2130,0.2140,0.2120,0.2120,1516872
2003-01-23 09:58:00,0.2120,0.2130,0.2120,0.2120,403200
2003-01-23 09:57:00,0.2130,0.2130,0.2120,0.2120,22400
2003-01-23 09:56:00,0.2130,0.2140,0.2120,0.2130,582400
2003-01-23 09:55:00,0.2130,0.2140,0.2120,0.2130,420000
2003-01-23 09:54:00,0.2130,0.2130,0.2120,0.2130,1454544
2003-01-23 09:53:00,0.2130,0.2130,0.2120,0.2120,414400
2003-01-23 09:52:00,0.2130,0.2140,0.2120,0.2130,1338400
2003-01-23 09:51:00,0.2130,0.2130,0.2120,0.2130,974400
2003-01-23 09:50:00,0.2130,0.2140,0.2130,0.2130,838712
2003-01-23 09:49:00,0.2120,0.2140,0.2120,0.2130,274400
2003-01-23 09:48:00,0.2120,0.2130,0.2120,0.2120,716800
2003-01-23 09:47:00,0.2130,0.2130,0.2120,0.2120,837536
2003-01-23 09:46:00,0.2130,0.2140,0.2130,0.2130,190960
2003-01-23 09:45:00,0.2130,0.2140,0.2130,0.2130,470400
2003-01-23 09:44:00,0.2130,0.2140,0.2130,0.2130,287840
2003-01-23 09:43:00,0.2130,0.2130,0.2130,0.2130,201600
2003-01-23 09:42:00,0.2130,0.2140,0.2130,0.2130,487200
2003-01-23 09:41:00,0.2130,0.2140,0.2130,0.2130,78400
2003-01-23 09:40:00,0.2130,0.2140,0.2130,0.2130,838208
2003-01-23 09:39:00,0.2140,0.2140,0.2130,0.2130,739200
2003-01-23 09:38:00,0.2130,0.2140,0.2130,0.2130,1148000
2003-01-23 09:37:00,0.2130,0.2140,0.2130,0.2130,89600
2003-01-23 09:36:00,0.2130,0.2140,0.2130,0.2130,1248800
2003-01-23 09:35:00,0.2130,0.2140,0.2120,0.2130,420000
2003-01-23 09:34:00,0.2130,0.2140,0.2120,0.2120,291200
2003-01-23 09:33:00,0.2140,0.2140,0.2120,0.2130,845600
2003-01-23 09:32:00,0.2130,0.2150,0.2120,0.2140,1332800
2003-01-23 09:31:00,0.2130,0.2140,0.2110,0.2130,2721936
2003-01-23 09:30:00,0.2130,0.2130,0.2120,0.2120,1337728
2003-01-23 09:29:00,0.2130,0.2130,0.2120,0.2130,184800
2003-01-23 09:28:00,0.2130,0.2130,0.2120,0.2130,67200
2003-01-23 09:25:00,0.2130,0.2130,0.2120,0.2130,11200
2003-01-23 09:22:00,0.2130,0.2130,0.2120,0.2120,123200
2003-01-23 09:18:00,0.2140,0.2150,0.2110,0.2110,56000
2003-01-23 09:08:00,0.2120,0.2120,0.2120,0.2120,39200
2003-01-23 09:07:00,0.2120,0.2120,0.2110,0.2120,50400
2003-01-23 09:00:00,0.2130,0.2130,0.2120,0.2130,67200
2003-01-23 08:57:00,0.2120,0.2130,0.2120,0.2120,5600
2003-01-23 08:56:00,0.2120,0.2120,0.2120,0.2120,84000
2003-01-23 08:52:00,0.2110,0.2120,0.2110,0.2110,5600
2003-01-23 08:51:00,0.2120,0.2120,0.2110,0.2120,28000
2003-01-23 08:37:00,0.2120,0.2130,0.2120,0.2120,134400
2003-01-23 08:30:00,0.2110,0.2120,0.2100,0.2110,296800
2003-01-23 08:17:00,0.2120,0.2130,0.2120,0.2120,128800
2003-01-23 08:09:00,0.2120,0.2120,0.2120,0.2120,11200
2003-01-23 08:07:00,0.2120,0.2120,0.2120,0.2120,134400
2003-01-23 08:02:00,0.2110,0.2110,0.2110,0.2110,67200
2003-01-22 17:54:00,0.2120,0.2120,0.2120,0.2120,56000
2003-01-22 17:28:00,0.2110,0.2110,0.2100,0.2100,16800
2003-01-22 17:27:00,0.2110,0.2120,0.2110,0.2110,5600
2003-01-22 17:21:00,0.2110,0.2120,0.2110,0.2110,22400
2003-01-22 17:13:00,0.2110,0.2110,0.2110,0.2110,16800
2003-01-22 17:09:00,0.2110,0.2110,0.2110,0.2110,72800
2003-01-22 16:49:00,0.2110,0.2110,0.2110,0.2110,11200
2003-01-22 16:37:00,0.2100,0.2110,0.2100,0.2100,117600
2003-01-22 16:33:00,0.2130,0.2130,0.2120,0.2120,56000
2003-01-22 16:25:00,0.2110,0.2110,0.2100,0.2110,112000
2003-01-22 16:23:00,0.2100,0.2110,0.2100,0.2100,84000
2003-01-22 16:19:00,0.2120,0.2140,0.2120,0.2120,151200
2003-01-22 16:18:00,0.2110,0.2110,0.2100,0.2110,33600
2003-01-22 16:16:00,0.2100,0.2110,0.2100,0.2110,212800
2003-01-22 16:14:00,0.2100,0.2100,0.2090,0.2100,11200
2003-01-22 16:13:00,0.2100,0.2110,0.2100,0.2100,11200
2003-01-22 16:12:00,0.2100,0.2100,0.2100,0.2100,39200
2003-01-22 16:10:00,0.2100,0.2110,0.2090,0.2110,285600
2003-01-22 16:09:00,0.2100,0.2110,0.2090,0.2090,9430400
2003-01-22 16:08:00,0.2090,0.2100,0.2090,0.2100,22400
2003-01-22 16:07:00,0.2100,0.2110,0.2090,0.2100,67200
2003-01-22 16:06:00,0.2100,0.2100,0.2100,0.2100,11200
2003-01-22 16:05:00,0.2100,0.2110,0.2100,0.2100,280000
2003-01-22 16:04:00,0.2100,0.2110,0.2100,0.2100,128800
2003-01-22 16:03:00,0.2100,0.2110,0.2100,0.2100,84000
2003-01-22 16:02:00,0.2100,0.2110,0.2100,0.2100,173600
2003-01-22 16:01:00,0.2100,0.2110,0.2100,0.2100,50400
2003-01-22 16:00:00,0.2100,0.2110,0.2100,0.2100,638400
2003-01-22 15:59:00,0.2100,0.2110,0.2100,0.2100,6993616
2003-01-22 15:58:00,0.2110,0.2110,0.2100,0.2100,2777600
2003-01-22 15:57:00,0.2110,0.2110,0.2100,0.2110,3423000
2003-01-22 15:56:00,0.2100,0.2110,0.2100,0.2110,1136464
2003-01-22 15:55:00,0.2110,0.2110,0.2100,0.2110,694400
2003-01-22 15:54:00,0.2110,0.2110,0.2100,0.2110,724248
2003-01-22 15:53:00,0.2110,0.2120,0.2110,0.2110,779912
2003-01-22 15:52:00,0.2110,0.2120,0.2110,0.2110,876176
2003-01-22 15:51:00,0.2110,0.2120,0.2110,0.2110,89600
2003-01-22 15:50:00,0.2110,0.2120,0.2110,0.2110,364000
2003-01-22 15:49:00,0.2110,0.2120,0.2110,0.2110,439656
2003-01-22 15:48:00,0.2120,0.2120,0.2110,0.2110,668920
2003-01-22 15:47:00,0.2120,0.2120,0.2110,0.2120,1333920
2003-01-22 15:46:00,0.2120,0.2130,0.2120,0.2120,1019200
2003-01-22 15:45:00,0.2120,0.2130,0.2110,0.2120,1159200
2003-01-22 15:44:00,0.2110,0.2120,0.2110,0.2120,957600
2003-01-22 15:43:00,0.2120,0.2120,0.2110,0.2110,240800
2003-01-22 15:42:00,0.2110,0.2120,0.2110,0.2120,1237600
2003-01-22 15:41:00,0.2120,0.2120,0.2110,0.2110,884800
2003-01-22 15:40:00,0.2110,0.2120,0.2110,0.2120,554400
2003-01-22 15:39:00,0.2120,0.2120,0.2110,0.2110,696920
2003-01-22 15:38:00,0.2120,0.2120,0.2110,0.2110,262416
2003-01-22 15:37:00,0.2120,0.2120,0.2110,0.2110,4496800
2003-01-22 15:36:00,0.2120,0.2120,0.2110,0.2110,1057840
2003-01-22 15:35:00,0.2120,0.2120,0.2110,0.2120,910224
2003-01-22 15:34:00,0.2120,0.2120,0.2110,0.2120,1683192
2003-01-22 15:33:00,0.2120,0.2120,0.2110,0.2120,1506400
2003-01-22 15:32:00,0.2120,0.2120,0.2110,0.2120,688800
2003-01-22 15:31:00,0.2120,0.2120,0.2110,0.2120,980000
2003-01-22 15:30:00,0.2120,0.2120,0.2110,0.2120,2979200
2003-01-22 15:29:00,0.2120,0.2130,0.2120,0.2120,1450400
2003-01-22 15:28:00,0.2120,0.2120,0.2120,0.2120,145600
2003-01-22 15:27:00,0.2130,0.2130,0.2120,0.2120,235200
2003-01-22 15:26:00,0.2120,0.2130,0.2120,0.2120,404824
2003-01-22 15:25:00,0.2130,0.2130,0.2120,0.2120,151200
2003-01-22 15:24:00,0.2120,0.2130,0.2120,0.2120,11200
2003-01-22 15:23:00,0.2120,0.2130,0.2120,0.2120,61600
2003-01-22 15:22:00,0.2120,0.2130,0.2120,0.2120,1712760
2003-01-22 15:21:00,0.2120,0.2130,0.2120,0.2120,1744400
2003-01-22 15:20:00,0.2120,0.2120,0.2120,0.2120,1420496
2003-01-22 15:19:00,0.2120,0.2120,0.2120,0.2120,117600
2003-01-22 15:18:00,0.2120,0.2130,0.2120,0.2120,140000
2003-01-22 15:17:00,0.2120,0.2120,0.2120,0.2120,543200
2003-01-22 15:16:00,0.2120,0.2130,0.2120,0.2120,660240
2003-01-22 15:15:00,0.2120,0.2130,0.2120,0.2120,140000
2003-01-22 15:14:00,0.2130,0.2130,0.2120,0.2120,145600
2003-01-22 15:13:00,0.2130,0.2130,0.2120,0.2130,414400
2003-01-22 15:12:00,0.2120,0.2130,0.2120,0.2130,319200
2003-01-22 15:11:00,0.2120,0.2130,0.2120,0.2120,72800
2003-01-22 15:10:00,0.2120,0.2130,0.2120,0.2120,207200
2003-01-22 15:09:00,0.2130,0.2130,0.2120,0.2120,249200
2003-01-22 15:08:00,0.2130,0.2130,0.2120,0.2120,100800
2003-01-22 15:07:00,0.2130,0.2130,0.2120,0.2130,470400
2003-01-22 15:06:00,0.2120,0.2130,0.2120,0.2120,172480
2003-01-22 15:05:00,0.2120,0.2130,0.2120,0.2120,613480
2003-01-22 15:04:00,0.2130,0.2130,0.2120,0.2120,478352
2003-01-22 15:03:00,0.2120,0.2130,0.2120,0.2120,33600
2003-01-22 15:02:00,0.2130,0.2130,0.2120,0.2120,112000
2003-01-22 15:01:00,0.2130,0.2130,0.2120,0.2130,342944
2003-01-22 15:00:00,0.2130,0.2130,0.2120,0.2130,118888
2003-01-22 14:59:00,0.2120,0.2130,0.2120,0.2130,106400
2003-01-22 14:58:00,0.2130,0.2130,0.2120,0.2120,324800
2003-01-22 14:57:00,0.2130,0.2130,0.2120,0.2130,173600
2003-01-22 14:56:00,0.2130,0.2130,0.2120,0.2120,604800
2003-01-22 14:55:00,0.2130,0.2130,0.2120,0.2130,375200
2003-01-22 14:54:00,0.2130,0.2130,0.2120,0.2130,212800
2003-01-22 14:53:00,0.2120,0.2130,0.2120,0.2120,95200
2003-01-22 14:52:00,0.2130,0.2130,0.2120,0.2120,1064056
2003-01-22 14:51:00,0.2130,0.2130,0.2120,0.2130,598248
2003-01-22 14:50:00,0.2130,0.2130,0.2130,0.2130,5600
2003-01-22 14:49:00,0.2130,0.2130,0.2130,0.2130,78400
2003-01-22 14:48:00,0.2130,0.2130,0.2130,0.2130,274400
2003-01-22 14:47:00,0.2130,0.2130,0.2130,0.2130,11200
2003-01-22 14:46:00,0.2130,0.2130,0.2130,0.2130,5600
2003-01-22 14:45:00,0.2130,0.2130,0.2130,0.2130,22400
2003-01-22 14:44:00,0.2130,0.2130,0.2130,0.2130,453600
2003-01-22 14:43:00,0.2130,0.2140,0.2130,0.2130,61600
2003-01-22 14:42:00,0.2130,0.2140,0.2130,0.2130,117600
2003-01-22 14:41:00,0.2130,0.2140,0.2130,0.2130,100800
2003-01-22 14:40:00,0.2140,0.2140,0.2130,0.2130,212800
2003-01-22 14:39:00,0.2130,0.2130,0.2130,0.2130,5600
2003-01-22 14:38:00,0.2130,0.2140,0.2130,0.2130,211232
2003-01-22 14:37:00,0.2130,0.2140,0.2130,0.2130,228200
2003-01-22 14:36:00,0.2130,0.2140,0.2130,0.2130,190400
2003-01-22 14:35:00,0.2140,0.2140,0.2130,0.2140,39200
2003-01-22 14:34:00,0.2140,0.2140,0.2130,0.2140,39200
2003-01-22 14:33:00,0.2140,0.2140,0.2130,0.2140,151200
2003-01-22 14:32:00,0.2140,0.2140,0.2130,0.2140,310408
2003-01-22 14:31:00,0.2140,0.2140,0.2130,0.2140,470400
2003-01-22 14:30:00,0.2140,0.2140,0.2130,0.2140,134400
2003-01-22 14:29:00,0.2140,0.2140,0.2140,0.2140,341600
2003-01-22 14:28:00,0.2140,0.2140,0.2130,0.2140,565600
2003-01-22 14:27:00,0.2140,0.2140,0.2130,0.2140,22400
2003-01-22 14:26:00,0.2140,0.2140,0.2130,0.2140,484960
2003-01-22 14:25:00,0.2140,0.2140,0.2130,0.2140,15400
2003-01-22 14:24:00,0.2140,0.2140,0.2140,0.2140,453600
2003-01-22 14:23:00,0.2140,0.2150,0.2140,0.2140,408800
2003-01-22 14:22:00,0.2140,0.2150,0.2140,0.2140,117600
2003-01-22 14:21:00,0.2140,0.2150,0.2140,0.2140,324800
2003-01-22 14:20:00,0.2140,0.2150,0.2140,0.2140,435400
2003-01-22 14:19:00,0.2140,0.2140,0.2140,0.2140,291200
2003-01-22 14:18:00,0.2140,0.2140,0.2140,0.2140,336896
2003-01-22 14:17:00,0.2140,0.2140,0.2140,0.2140,280000
2003-01-22 14:16:00,0.2140,0.2150,0.2130,0.2140,984816
2003-01-22 14:15:00,0.2140,0.2140,0.2130,0.2140,568960
2003-01-22 14:14:00,0.2130,0.2140,0.2130,0.2140,151200
2003-01-22 14:13:00,0.2130,0.2140,0.2130,0.2130,72800
2003-01-22 14:12:00,0.2130,0.2140,0.2130,0.2130,67200
2003-01-22 14:11:00,0.2130,0.2140,0.2130,0.2130,548184
2003-01-22 14:10:00,0.2130,0.2140,0.2130,0.2130,117600
2003-01-22 14:09:00,0.2130,0.2140,0.2130,0.2130,22400
2003-01-22 14:08:00,0.2130,0.2140,0.2130,0.2130,22400
2003-01-22 14:07:00,0.2130,0.2140,0.2130,0.2130,145600
2003-01-22 14:06:00,0.2130,0.2140,0.2130,0.2130,116032
2003-01-22 14:05:00,0.2130,0.2140,0.2130,0.2130,457072
2003-01-22 14:04:00,0.2130,0.2140,0.2130,0.2130,660800
2003-01-22 14:03:00,0.2130,0.2140,0.2120,0.2130,604128
2003-01-22 14:02:00,0.2130,0.2130,0.2130,0.2130,28000
2003-01-22 14:01:00,0.2130,0.2130,0.2120,0.2130,328832
2003-01-22 14:00:00,0.2130,0.2130,0.2120,0.2130,364000
2003-01-22 13:59:00,0.2130,0.2130,0.2130,0.2130,100800
2003-01-22 13:57:00,0.2130,0.2130,0.2120,0.2130,436800
2003-01-22 13:56:00,0.2130,0.2130,0.2130,0.2130,50400
2003-01-22 13:55:00,0.2130,0.2130,0.2130,0.2130,39200
2003-01-22 13:53:00,0.2130,0.2130,0.2130,0.2130,44800
2003-01-22 13:52:00,0.2130,0.2140,0.2130,0.2130,218400
2003-01-22 13:51:00,0.2130,0.2140,0.2130,0.2130,95200
2003-01-22 13:50:00,0.2130,0.2140,0.2130,0.2130,56000
2003-01-22 13:49:00,0.2130,0.2140,0.2130,0.2130,100800
2003-01-22 13:48:00,0.2130,0.2140,0.2130,0.2130,134400
2003-01-22 13:47:00,0.2130,0.2140,0.2130,0.2130,1001560
2003-01-22 13:45:00,0.2130,0.2140,0.2130,0.2130,72800
2003-01-22 13:44:00,0.2130,0.2140,0.2130,0.2130,117600
2003-01-22 13:43:00,0.2130,0.2140,0.2130,0.2130,201600
2003-01-22 13:42:00,0.2130,0.2140,0.2130,0.2130,72800
2003-01-22 13:41:00,0.2140,0.2140,0.2130,0.2130,282632
2003-01-22 13:40:00,0.2140,0.2140,0.2130,0.2140,100800
2003-01-22 13:39:00,0.2140,0.2140,0.2130,0.2140,33600
2003-01-22 13:38:00,0.2140,0.2140,0.2130,0.2140,162400
2003-01-22 13:37:00,0.2140,0.2140,0.2130,0.2140,106400
2003-01-22 13:36:00,0.2140,0.2140,0.2130,0.2140,106400
2003-01-22 13:35:00,0.2140,0.2140,0.2130,0.2140,28000
2003-01-22 13:34:00,0.2140,0.2140,0.2130,0.2140,50400
2003-01-22 13:33:00,0.2140,0.2140,0.2130,0.2140,117600
2003-01-22 13:32:00,0.2140,0.2140,0.2130,0.2140,140000
2003-01-22 13:31:00,0.2140,0.2140,0.2130,0.2140,22400
2003-01-22 13:30:00,0.2140,0.2140,0.2130,0.2140,11200
2003-01-22 13:29:00,0.2140,0.2140,0.2130,0.2140,44800
2003-01-22 13:28:00,0.2140,0.2150,0.2130,0.2140,1178408
2003-01-22 13:27:00,0.2140,0.2140,0.2130,0.2140,224000
2003-01-22 13:26:00,0.2140,0.2140,0.2130,0.2140,39200
2003-01-22 13:25:00,0.2140,0.2140,0.2140,0.2140,39200
2003-01-22 13:24:00,0.2140,0.2140,0.2140,0.2140,89600
2003-01-22 13:23:00,0.2140,0.2140,0.2140,0.2140,246400
2003-01-22 13:22:00,0.2140,0.2140,0.2140,0.2140,22400
2003-01-22 13:21:00,0.2140,0.2150,0.2140,0.2140,1489600
2003-01-22 13:20:00,0.2140,0.2150,0.2130,0.2140,666400
2003-01-22 13:19:00,0.2140,0.2140,0.2130,0.2140,5600
2003-01-22 13:18:00,0.2140,0.2140,0.2130,0.2140,47544
2003-01-22 13:17:00,0.2140,0.2140,0.2140,0.2140,39200
2003-01-22 13:16:00,0.2140,0.2140,0.2130,0.2140,123200
2003-01-22 13:15:00,0.2140,0.2140,0.2140,0.2140,22400
2003-01-22 13:13:00,0.2140,0.2140,0.2140,0.2140,72800
2003-01-22 13:12:00,0.2140,0.2140,0.2130,0.2140,748496
2003-01-22 13:11:00,0.2140,0.2140,0.2140,0.2140,39200
2003-01-22 13:10:00,0.2140,0.2140,0.2140,0.2140,22400
2003-01-22 13:09:00,0.2140,0.2150,0.2140,0.2140,1221976
2003-01-22 13:08:00,0.2140,0.2150,0.2140,0.2140,1349600
2003-01-22 13:07:00,0.2140,0.2150,0.2140,0.2140,313600
2003-01-22 13:06:00,0.2140,0.2150,0.2140,0.2140,772800
2003-01-22 13:05:00,0.2140,0.2150,0.2140,0.2140,323736
2003-01-22 13:04:00,0.2140,0.2140,0.2130,0.2140,392000
2003-01-22 13:03:00,0.2140,0.2150,0.2140,0.2140,565600
2003-01-22 13:02:00,0.2140,0.2140,0.2140,0.2140,431200
2003-01-22 13:01:00,0.2140,0.2140,0.2130,0.2140,858424
2003-01-22 13:00:00,0.2130,0.2140,0.2130,0.2140,156800
2003-01-22 12:59:00,0.2130,0.2140,0.2130,0.2130,145600
2003-01-22 12:58:00,0.2130,0.2140,0.2130,0.2140,414400
2003-01-22 12:57:00,0.2130,0.2140,0.2130,0.2130,413728
2003-01-22 12:56:00,0.2130,0.2140,0.2130,0.2130,55552
2003-01-22 12:55:00,0.2130,0.2140,0.2130,0.2130,106400
2003-01-22 12:53:00,0.2140,0.2140,0.2130,0.2140,126000
2003-01-22 12:52:00,0.2140,0.2140,0.2130,0.2130,112000
2003-01-22 12:51:00,0.2140,0.2140,0.2130,0.2140,170800
2003-01-22 12:50:00,0.2130,0.2140,0.2130,0.2140,72800
2003-01-22 12:48:00,0.2130,0.2140,0.2130,0.2130,927416
2003-01-22 12:47:00,0.2130,0.2130,0.2130,0.2130,117600
2003-01-22 12:46:00,0.2130,0.2130,0.2130,0.2130,11200
2003-01-22 12:45:00,0.2130,0.2130,0.2130,0.2130,84000
2003-01-22 12:44:00,0.2130,0.2130,0.2130,0.2130,95200
2003-01-22 12:43:00,0.2130,0.2130,0.2130,0.2130,162400
2003-01-22 12:42:00,0.2130,0.2130,0.2130,0.2130,11200
2003-01-22 12:41:00,0.2130,0.2130,0.2130,0.2130,22400
2003-01-22 12:39:00,0.2130,0.2130,0.2130,0.2130,11200
2003-01-22 12:38:00,0.2130,0.2130,0.2130,0.2130,16800
2003-01-22 12:37:00,0.2130,0.2140,0.2130,0.2130,61600
2003-01-22 12:35:00,0.2130,0.2130,0.2130,0.2130,11200
2003-01-22 12:34:00,0.2130,0.2130,0.2130,0.2130,324800
2003-01-22 12:33:00,0.2130,0.2130,0.2130,0.2130,330400
2003-01-22 12:32:00,0.2130,0.2130,0.2130,0.2130,358400
2003-01-22 12:31:00,0.2130,0.2130,0.2130,0.2130,252000
2003-01-22 12:30:00,0.2130,0.2130,0.2120,0.2130,504000
2003-01-22 12:29:00,0.2130,0.2130,0.2120,0.2130,56000
2003-01-22 12:28:00,0.2130,0.2130,0.2120,0.2130,44800
2003-01-22 12:27:00,0.2130,0.2130,0.2120,0.2130,72800
2003-01-22 12:26:00,0.2120,0.2130,0.2120,0.2120,1019200
2003-01-22 12:25:00,0.2130,0.2130,0.2120,0.2120,879648
2003-01-22 12:24:00,0.2130,0.2130,0.2120,0.2130,1915200
2003-01-22 12:23:00,0.2130,0.2130,0.2120,0.2130,243656
2003-01-22 12:22:00,0.2130,0.2140,0.2130,0.2130,1220800
2003-01-22 12:21:00,0.2130,0.2130,0.2130,0.2130,22400
2003-01-22 12:20:00,0.2130,0.2140,0.2130,0.2130,201600
2003-01-22 12:19:00,0.2130,0.2140,0.2130,0.2130,313600
2003-01-22 12:18:00,0.2130,0.2140,0.2130,0.2130,386400
2003-01-22 12:17:00,0.2140,0.2140,0.2130,0.2140,347200
2003-01-22 12:16:00,0.2140,0.2140,0.2130,0.2140,806400
2003-01-22 12:15:00,0.2140,0.2140,0.2130,0.2140,319200
2003-01-22 12:14:00,0.2140,0.2140,0.2130,0.2140,674464
2003-01-22 12:13:00,0.2140,0.2140,0.2130,0.2140,240800
2003-01-22 12:12:00,0.2140,0.2140,0.2130,0.2140,56000
2003-01-22 12:11:00,0.2140,0.2140,0.2130,0.2130,67200
2003-01-22 12:10:00,0.2130,0.2140,0.2130,0.2140,117600
2003-01-22 12:09:00,0.2130,0.2140,0.2130,0.2140,151200
2003-01-22 12:08:00,0.2140,0.2140,0.2130,0.2140,1665160
2003-01-22 12:07:00,0.2130,0.2140,0.2130,0.2130,212800
2003-01-22 12:06:00,0.2140,0.2140,0.2130,0.2140,218400
2003-01-22 12:05:00,0.2130,0.2140,0.2130,0.2140,128800
2003-01-22 12:04:00,0.2130,0.2140,0.2130,0.2130,11200
2003-01-22 12:03:00,0.2130,0.2140,0.2130,0.2130,414400
2003-01-22 12:02:00,0.2130,0.2140,0.2130,0.2130,610400
2003-01-22 12:01:00,0.2130,0.2130,0.2130,0.2130,627200
2003-01-22 12:00:00,0.2130,0.2130,0.2130,0.2130,28000
2003-01-22 11:59:00,0.2130,0.2140,0.2130,0.2130,470400
2003-01-22 11:58:00,0.2130,0.2140,0.2130,0.2130,280000
2003-01-22 11:57:00,0.2130,0.2130,0.2130,0.2130,162400
2003-01-22 11:56:00,0.2130,0.2130,0.2130,0.2130,22400
2003-01-22 11:55:00,0.2130,0.2140,0.2130,0.2130,16800
2003-01-22 11:54:00,0.2130,0.2130,0.2130,0.2130,28000
2003-01-22 11:53:00,0.2130,0.2140,0.2130,0.2130,627200
2003-01-22 11:52:00,0.2130,0.2140,0.2130,0.2130,1047704
2003-01-22 11:51:00,0.2130,0.2140,0.2130,0.2130,61600
2003-01-22 11:50:00,0.2130,0.2130,0.2130,0.2130,133896
2003-01-22 11:49:00,0.2130,0.2140,0.2130,0.2130,50400
2003-01-22 11:48:00,0.2130,0.2140,0.2130,0.2130,33600
2003-01-22 11:46:00,0.2130,0.2140,0.2130,0.2130,117600
2003-01-22 11:45:00,0.2130,0.2140,0.2130,0.2130,330400
2003-01-22 11:44:00,0.2130,0.2130,0.2130,0.2130,324800
2003-01-22 11:43:00,0.2130,0.2130,0.2130,0.2130,235200
2003-01-22 11:42:00,0.2130,0.2130,0.2120,0.2130,579600
2003-01-22 11:41:00,0.2130,0.2130,0.2130,0.2130,50400
2003-01-22 11:40:00,0.2130,0.2130,0.2130,0.2130,151200
2003-01-22 11:39:00,0.2130,0.2130,0.2130,0.2130,16800
2003-01-22 11:38:00,0.2130,0.2140,0.2130,0.2130,168000
2003-01-22 11:37:00,0.2130,0.2140,0.2130,0.2130,72800
2003-01-22 11:36:00,0.2130,0.2140,0.2130,0.2130,44800
2003-01-22 11:35:00,0.2130,0.2140,0.2130,0.2130,56112
2003-01-22 11:34:00,0.2130,0.2140,0.2130,0.2130,354368
2003-01-22 11:33:00,0.2130,0.2130,0.2130,0.2130,162400
2003-01-22 11:32:00,0.2130,0.2140,0.2130,0.2130,894600
2003-01-22 11:31:00,0.2130,0.2130,0.2130,0.2130,537600
2003-01-22 11:29:00,0.2130,0.2130,0.2130,0.2130,324800
2003-01-22 11:28:00,0.2130,0.2130,0.2130,0.2130,263200
2003-01-22 11:27:00,0.2130,0.2130,0.2130,0.2130,364000
2003-01-22 11:26:00,0.2130,0.2140,0.2130,0.2130,280000
2003-01-22 11:25:00,0.2130,0.2130,0.2130,0.2130,98560
2003-01-22 11:24:00,0.2130,0.2140,0.2130,0.2130,33600
2003-01-22 11:23:00,0.2130,0.2140,0.2130,0.2130,39200
2003-01-22 11:22:00,0.2130,0.2140,0.2130,0.2130,442400
2003-01-22 11:21:00,0.2130,0.2140,0.2130,0.2130,33600
2003-01-22 11:20:00,0.2130,0.2140,0.2130,0.2130,117600
2003-01-22 11:19:00,0.2130,0.2140,0.2130,0.2130,408800
2003-01-22 11:18:00,0.2130,0.2140,0.2130,0.2130,274624
2003-01-22 11:17:00,0.2130,0.2140,0.2130,0.2130,98560
2003-01-22 11:16:00,0.2130,0.2140,0.2130,0.2130,43400
2003-01-22 11:15:00,0.2130,0.2140,0.2130,0.2140,308000
2003-01-22 11:14:00,0.2130,0.2140,0.2130,0.2130,207200
2003-01-22 11:13:00,0.2130,0.2140,0.2130,0.2130,744800
2003-01-22 11:12:00,0.2130,0.2140,0.2130,0.2130,509600
2003-01-22 11:11:00,0.2130,0.2140,0.2130,0.2130,375200
2003-01-22 11:10:00,0.2130,0.2140,0.2130,0.2130,16800
2003-01-22 11:09:00,0.2140,0.2140,0.2130,0.2130,84000
2003-01-22 11:08:00,0.2140,0.2140,0.2130,0.2130,95200
2003-01-22 11:07:00,0.2140,0.2140,0.2130,0.2140,22400
2003-01-22 11:06:00,0.2140,0.2140,0.2130,0.2140,224000
2003-01-22 11:05:00,0.2140,0.2140,0.2130,0.2140,224000
2003-01-22 11:04:00,0.2140,0.2140,0.2130,0.2140,28000
2003-01-22 11:02:00,0.2140,0.2140,0.2130,0.2140,218400
2003-01-22 11:01:00,0.2130,0.2140,0.2130,0.2130,240800
2003-01-22 11:00:00,0.2140,0.2140,0.2130,0.2130,403200
2003-01-22 10:59:00,0.2140,0.2140,0.2130,0.2140,78400
2003-01-22 10:58:00,0.2140,0.2140,0.2130,0.2140,784000
2003-01-22 10:57:00,0.2130,0.2140,0.2130,0.2140,442064
2003-01-22 10:56:00,0.2130,0.2140,0.2130,0.2130,1156736
2003-01-22 10:55:00,0.2130,0.2140,0.2130,0.2130,1176000
2003-01-22 10:54:00,0.2140,0.2140,0.2130,0.2130,336728
2003-01-22 10:53:00,0.2140,0.2140,0.2130,0.2140,100800
2003-01-22 10:52:00,0.2140,0.2140,0.2130,0.2140,509600
2003-01-22 10:51:00,0.2140,0.2140,0.2130,0.2140,106400
2003-01-22 10:50:00,0.2130,0.2140,0.2130,0.2140,386400
2003-01-22 10:49:00,0.2130,0.2140,0.2130,0.2130,223888
2003-01-22 10:48:00,0.2140,0.2140,0.2130,0.2130,436800
2003-01-22 10:47:00,0.2130,0.2140,0.2130,0.2140,1583792
2003-01-22 10:46:00,0.2130,0.2140,0.2130,0.2140,308000
2003-01-22 10:45:00,0.2130,0.2140,0.2130,0.2130,253848
2003-01-22 10:44:00,0.2130,0.2140,0.2130,0.2130,184800
2003-01-22 10:43:00,0.2140,0.2140,0.2130,0.2140,302400
2003-01-22 10:42:00,0.2130,0.2140,0.2130,0.2130,834400
2003-01-22 10:41:00,0.2130,0.2140,0.2130,0.2130,789600
2003-01-22 10:40:00,0.2140,0.2140,0.2130,0.2130,212800
2003-01-22 10:39:00,0.2140,0.2140,0.2130,0.2140,481600
2003-01-22 10:38:00,0.2140,0.2140,0.2130,0.2140,2161600
2003-01-22 10:37:00,0.2140,0.2140,0.2130,0.2140,1030400
2003-01-22 10:36:00,0.2130,0.2140,0.2130,0.2140,432936
2003-01-22 10:35:00,0.2130,0.2140,0.2130,0.2130,1595440
2003-01-22 10:34:00,0.2130,0.2140,0.2130,0.2130,403200
2003-01-22 10:33:00,0.2130,0.2140,0.2130,0.2130,868000
2003-01-22 10:32:00,0.2140,0.2140,0.2130,0.2140,919408
2003-01-22 10:31:00,0.2130,0.2140,0.2130,0.2130,918568
2003-01-22 10:30:00,0.2130,0.2140,0.2130,0.2130,591864
2003-01-22 10:29:00,0.2130,0.2140,0.2130,0.2130,644000
2003-01-22 10:28:00,0.2130,0.2140,0.2130,0.2130,179200
2003-01-22 10:27:00,0.2130,0.2140,0.2130,0.2130,347200
2003-01-22 10:26:00,0.2130,0.2140,0.2130,0.2130,425600
2003-01-22 10:25:00,0.2140,0.2140,0.2130,0.2130,392000
2003-01-22 10:24:00,0.2130,0.2140,0.2130,0.2140,565600
2003-01-22 10:23:00,0.2130,0.2140,0.2130,0.2130,257600
2003-01-22 10:22:00,0.2130,0.2140,0.2130,0.2130,257600
2003-01-22 10:21:00,0.2130,0.2140,0.2130,0.2130,947688
2003-01-22 10:20:00,0.2130,0.2140,0.2130,0.2130,571200
2003-01-22 10:19:00,0.2130,0.2140,0.2130,0.2130,565600
2003-01-22 10:18:00,0.2130,0.2140,0.2130,0.2130,332584
2003-01-22 10:17:00,0.2130,0.2140,0.2130,0.2130,817600
2003-01-22 10:16:00,0.2130,0.2140,0.2120,0.2130,996800
2003-01-22 10:15:00,0.2130,0.2140,0.2120,0.2130,995288
2003-01-22 10:14:00,0.2130,0.2130,0.2120,0.2130,1478400
2003-01-22 10:13:00,0.2120,0.2130,0.2120,0.2120,1097600
2003-01-22 10:12:00,0.2120,0.2130,0.2120,0.2120,604688
2003-01-22 10:11:00,0.2130,0.2130,0.2120,0.2120,518336
2003-01-22 10:10:00,0.2130,0.2130,0.2120,0.2130,610400
2003-01-22 10:09:00,0.2130,0.2130,0.2120,0.2130,173600
2003-01-22 10:08:00,0.2130,0.2130,0.2120,0.2130,963200
2003-01-22 10:07:00,0.2130,0.2130,0.2120,0.2120,543200
2003-01-22 10:06:00,0.2130,0.2140,0.2120,0.2130,1376984
2003-01-22 10:05:00,0.2130,0.2140,0.2130,0.2130,95200
2003-01-22 10:04:00,0.2130,0.2140,0.2130,0.2130,778400
2003-01-22 10:03:00,0.2130,0.2140,0.2130,0.2130,828800
2003-01-22 10:02:00,0.2130,0.2130,0.2120,0.2130,509600
2003-01-22 10:01:00,0.2130,0.2140,0.2120,0.2130,1360800
2003-01-22 10:00:00,0.2130,0.2140,0.2120,0.2130,229600
2003-01-22 09:59:00,0.2140,0.2140,0.2130,0.2140,459200
2003-01-22 09:58:00,0.2140,0.2140,0.2130,0.2140,638400
2003-01-22 09:57:00,0.2140,0.2140,0.2130,0.2140,1087520
2003-01-22 09:56:00,0.2140,0.2140,0.2130,0.2140,1086400
2003-01-22 09:55:00,0.2130,0.2140,0.2130,0.2140,750400
2003-01-22 09:54:00,0.2130,0.2140,0.2130,0.2130,1428000
2003-01-22 09:53:00,0.2130,0.2140,0.2130,0.2130,1287160
2003-01-22 09:52:00,0.2130,0.2140,0.2130,0.2130,246400
2003-01-22 09:51:00,0.2130,0.2130,0.2120,0.2130,207200
2003-01-22 09:50:00,0.2130,0.2130,0.2120,0.2130,1696800
2003-01-22 09:49:00,0.2130,0.2130,0.2120,0.2130,844704
2003-01-22 09:48:00,0.2130,0.2130,0.2120,0.2120,1870400
2003-01-22 09:47:00,0.2130,0.2130,0.2120,0.2130,655200
2003-01-22 09:46:00,0.2130,0.2130,0.2120,0.2130,968800
2003-01-22 09:45:00,0.2120,0.2130,0.2120,0.2120,916888
2003-01-22 09:44:00,0.2130,0.2130,0.2120,0.2120,1321600
2003-01-22 09:43:00,0.2120,0.2130,0.2120,0.2130,582400
2003-01-22 09:42:00,0.2120,0.2130,0.2120,0.2130,1352680
2003-01-22 09:41:00,0.2130,0.2130,0.2120,0.2120,1209488
2003-01-22 09:40:00,0.2130,0.2140,0.2120,0.2130,800800
2003-01-22 09:39:00,0.2120,0.2130,0.2120,0.2130,1181600
2003-01-22 09:38:00,0.2120,0.2130,0.2120,0.2120,1832320
2003-01-22 09:37:00,0.2130,0.2130,0.2120,0.2130,1009680
2003-01-22 09:36:00,0.2120,0.2140,0.2120,0.2130,2525600
2003-01-22 09:35:00,0.2120,0.2130,0.2110,0.2120,1903888
2003-01-22 09:34:00,0.2120,0.2120,0.2120,0.2120,705600
2003-01-22 09:33:00,0.2120,0.2120,0.2110,0.2120,1713600
2003-01-22 09:32:00,0.2110,0.2120,0.2110,0.2120,851200
2003-01-22 09:31:00,0.2120,0.2120,0.2110,0.2110,588672
2003-01-22 09:30:00,0.2120,0.2120,0.2110,0.2120,2478000
2003-01-22 09:29:00,0.2120,0.2120,0.2120,0.2120,50400
2003-01-22 09:28:00,0.2120,0.2120,0.2120,0.2120,72800
2003-01-22 09:27:00,0.2120,0.2120,0.2120,0.2120,5600
2003-01-22 09:24:00,0.2120,0.2120,0.2120,0.2120,22400
2003-01-22 09:21:00,0.2110,0.2120,0.2110,0.2110,145600
2003-01-22 09:17:00,0.2110,0.2110,0.2110,0.2110,28000
2003-01-22 09:13:00,0.2110,0.2120,0.2110,0.2110,16800
2003-01-21 19:36:00,0.2150,0.2150,0.2140,0.2140,218400
2003-01-21 16:51:00,0.2120,0.2120,0.2110,0.2120,280000
2003-01-21 16:49:00,0.2120,0.2120,0.2110,0.2120,280000
2003-01-21 16:46:00,0.2130,0.2130,0.2120,0.2120,728000
2003-01-21 16:38:00,0.2130,0.2130,0.2120,0.2120,1204000
2003-01-21 16:34:00,0.2130,0.2130,0.2120,0.2120,5600
2003-01-21 16:17:00,0.2130,0.2130,0.2120,0.2120,78400
2003-01-21 16:16:00,0.2120,0.2130,0.2120,0.2120,5600
2003-01-21 16:15:00,0.2130,0.2130,0.2120,0.2120,39200
2003-01-21 16:13:00,0.2130,0.2130,0.2120,0.2120,16800
2003-01-21 16:10:00,0.2130,0.2130,0.2120,0.2120,341600
2003-01-21 16:09:00,0.2130,0.2130,0.2120,0.2120,1366400
2003-01-21 16:07:00,0.2130,0.2130,0.2120,0.2120,117600
2003-01-21 16:05:00,0.2130,0.2130,0.2120,0.2120,548800
2003-01-21 16:03:00,0.2130,0.2130,0.2120,0.2120,28000
2003-01-21 16:02:00,0.2140,0.2140,0.2120,0.2130,89600
2003-01-21 16:01:00,0.2120,0.2130,0.2120,0.2120,16800
2003-01-21 16:00:00,0.2130,0.2130,0.2120,0.2120,1226400
2003-01-21 15:59:00,0.2120,0.2130,0.2120,0.2120,2517872
2003-01-21 15:58:00,0.2120,0.2130,0.2120,0.2120,5353600
2003-01-21 15:57:00,0.2130,0.2130,0.2120,0.2120,2623600
2003-01-21 15:56:00,0.2130,0.2130,0.2120,0.2130,834568
2003-01-21 15:55:00,0.2130,0.2140,0.2130,0.2130,683200
2003-01-21 15:54:00,0.2130,0.2140,0.2130,0.2130,537600
2003-01-21 15:53:00,0.2130,0.2140,0.2130,0.2130,1273216
2003-01-21 15:52:00,0.2130,0.2140,0.2130,0.2140,896000
2003-01-21 15:51:00,0.2130,0.2140,0.2130,0.2130,280000
2003-01-21 15:50:00,0.2130,0.2130,0.2130,0.2130,637000
2003-01-21 15:49:00,0.2130,0.2140,0.2130,0.2130,470400
2003-01-21 15:48:00,0.2130,0.2140,0.2130,0.2130,952000
2003-01-21 15:47:00,0.2130,0.2130,0.2130,0.2130,996800
2003-01-21 15:46:00,0.2130,0.2130,0.2130,0.2130,389200
2003-01-21 15:45:00,0.2130,0.2130,0.2130,0.2130,235200
2003-01-21 15:44:00,0.2130,0.2130,0.2130,0.2130,352968
2003-01-21 15:43:00,0.2140,0.2140,0.2130,0.2130,846104
2003-01-21 15:42:00,0.2130,0.2140,0.2130,0.2130,518448
2003-01-21 15:41:00,0.2140,0.2140,0.2130,0.2130,2251200
2003-01-21 15:40:00,0.2140,0.2140,0.2130,0.2140,1940176
2003-01-21 15:39:00,0.2140,0.2140,0.2130,0.2140,806400
2003-01-21 15:38:00,0.2140,0.2140,0.2130,0.2140,117600
2003-01-21 15:37:00,0.2140,0.2140,0.2130,0.2140,481600
2003-01-21 15:36:00,0.2140,0.2140,0.2140,0.2140,83720
2003-01-21 15:35:00,0.2140,0.2140,0.2140,0.2140,515200
2003-01-21 15:34:00,0.2140,0.2140,0.2140,0.2140,436800
2003-01-21 15:33:00,0.2140,0.2140,0.2140,0.2140,224000
2003-01-21 15:32:00,0.2140,0.2140,0.2140,0.2140,352800
2003-01-21 15:31:00,0.2140,0.2140,0.2130,0.2140,683200
2003-01-21 15:30:00,0.2140,0.2140,0.2130,0.2140,169960
2003-01-21 15:29:00,0.2140,0.2140,0.2130,0.2140,644000
2003-01-21 15:28:00,0.2140,0.2140,0.2130,0.2140,324800
2003-01-21 15:27:00,0.2140,0.2140,0.2130,0.2130,134400
2003-01-21 15:26:00,0.2130,0.2140,0.2130,0.2130,72800
2003-01-21 15:25:00,0.2130,0.2140,0.2130,0.2130,638400
2003-01-21 15:24:00,0.2130,0.2140,0.2130,0.2130,224000
2003-01-21 15:23:00,0.2130,0.2140,0.2130,0.2130,927920
2003-01-21 15:22:00,0.2140,0.2140,0.2130,0.2130,1495200
2003-01-21 15:21:00,0.2140,0.2140,0.2130,0.2140,414400
2003-01-21 15:20:00,0.2140,0.2140,0.2130,0.2140,330400
2003-01-21 15:19:00,0.2140,0.2140,0.2130,0.2140,448000
2003-01-21 15:18:00,0.2140,0.2140,0.2130,0.2140,598920
2003-01-21 15:17:00,0.2140,0.2140,0.2130,0.2140,1383200
2003-01-21 15:16:00,0.2140,0.2140,0.2130,0.2140,408800
2003-01-21 15:15:00,0.2130,0.2140,0.2130,0.2140,1584800
2003-01-21 15:14:00,0.2140,0.2140,0.2130,0.2130,1898400
2003-01-21 15:13:00,0.2140,0.2140,0.2120,0.2140,2620800
2003-01-21 15:12:00,0.2140,0.2140,0.2130,0.2140,4032000
2003-01-21 15:11:00,0.2140,0.2140,0.2130,0.2130,1543864
2003-01-21 15:10:00,0.2140,0.2140,0.2130,0.2140,2546376
2003-01-21 15:09:00,0.2140,0.2140,0.2130,0.2140,1786400
2003-01-21 15:08:00,0.2140,0.2140,0.2140,0.2140,768880
2003-01-21 15:07:00,0.2140,0.2140,0.2140,0.2140,168000
2003-01-21 15:06:00,0.2140,0.2150,0.2140,0.2140,990416
2003-01-21 15:05:00,0.2140,0.2150,0.2140,0.2140,453600
2003-01-21 15:04:00,0.2140,0.2150,0.2140,0.2140,1248800
2003-01-21 15:03:00,0.2140,0.2150,0.2140,0.2140,1019200
2003-01-21 15:02:00,0.2140,0.2150,0.2140,0.2140,224000
2003-01-21 15:01:00,0.2140,0.2150,0.2140,0.2140,184800
2003-01-21 15:00:00,0.2140,0.2150,0.2140,0.2140,641368
2003-01-21 14:59:00,0.2150,0.2150,0.2140,0.2140,952504
2003-01-21 14:58:00,0.2150,0.2150,0.2140,0.2150,526400
2003-01-21 14:57:00,0.2150,0.2150,0.2140,0.2150,196000
2003-01-21 14:56:00,0.2150,0.2150,0.2140,0.2150,134400
2003-01-21 14:55:00,0.2150,0.2150,0.2140,0.2140,744800
2003-01-21 14:54:00,0.2150,0.2150,0.2140,0.2150,72800
2003-01-21 14:53:00,0.2150,0.2150,0.2140,0.2150,218400
2003-01-21 14:52:00,0.2150,0.2150,0.2140,0.2150,806400
2003-01-21 14:51:00,0.2150,0.2150,0.2140,0.2140,235200
2003-01-21 14:50:00,0.2150,0.2150,0.2140,0.2150,618240
2003-01-21 14:49:00,0.2150,0.2150,0.2140,0.2150,2149000
2003-01-21 14:48:00,0.2150,0.2150,0.2140,0.2150,2436000
2003-01-21 14:47:00,0.2150,0.2150,0.2140,0.2150,464800
2003-01-21 14:46:00,0.2150,0.2150,0.2140,0.2150,973336
2003-01-21 14:45:00,0.2150,0.2150,0.2150,0.2150,896000
2003-01-21 14:44:00,0.2150,0.2150,0.2140,0.2150,628264
2003-01-21 14:43:00,0.2150,0.2150,0.2140,0.2150,852432
2003-01-21 14:42:00,0.2150,0.2150,0.2140,0.2150,342216
2003-01-21 14:41:00,0.2150,0.2150,0.2150,0.2150,169232
2003-01-21 14:40:00,0.2150,0.2160,0.2150,0.2150,772800
2003-01-21 14:39:00,0.2150,0.2160,0.2150,0.2150,84000
2003-01-21 14:38:00,0.2150,0.2150,0.2150,0.2150,425600
2003-01-21 14:37:00,0.2150,0.2150,0.2150,0.2150,268800
2003-01-21 14:36:00,0.2150,0.2150,0.2140,0.2150,993496
2003-01-21 14:35:00,0.2150,0.2160,0.2150,0.2150,1654688
2003-01-21 14:34:00,0.2150,0.2160,0.2150,0.2150,543200
2003-01-21 14:33:00,0.2150,0.2160,0.2150,0.2150,711200
2003-01-21 14:32:00,0.2150,0.2160,0.2150,0.2150,352800
2003-01-21 14:31:00,0.2150,0.2160,0.2150,0.2150,268800
2003-01-21 14:30:00,0.2150,0.2150,0.2140,0.2150,330904
2003-01-21 14:29:00,0.2150,0.2160,0.2150,0.2150,392000
2003-01-21 14:28:00,0.2150,0.2160,0.2150,0.2150,2822400
2003-01-21 14:27:00,0.2150,0.2150,0.2150,0.2150,56000
2003-01-21 14:26:00,0.2150,0.2150,0.2150,0.2150,336000
2003-01-21 14:25:00,0.2150,0.2150,0.2140,0.2150,56000
2003-01-21 14:24:00,0.2150,0.2150,0.2150,0.2150,347200
2003-01-21 14:23:00,0.2150,0.2160,0.2150,0.2150,845600
2003-01-21 14:22:00,0.2150,0.2160,0.2150,0.2150,403200
2003-01-21 14:21:00,0.2150,0.2160,0.2150,0.2150,61600
2003-01-21 14:20:00,0.2150,0.2160,0.2150,0.2150,44800
2003-01-21 14:19:00,0.2150,0.2160,0.2150,0.2150,89600
2003-01-21 14:18:00,0.2150,0.2160,0.2150,0.2150,520800
2003-01-21 14:17:00,0.2160,0.2160,0.2140,0.2150,1002400
2003-01-21 14:16:00,0.2160,0.2160,0.2150,0.2150,28000
2003-01-21 14:15:00,0.2160,0.2160,0.2150,0.2160,246400
2003-01-21 14:14:00,0.2150,0.2160,0.2150,0.2160,560000
2003-01-21 14:13:00,0.2150,0.2160,0.2150,0.2150,72800
2003-01-21 14:12:00,0.2150,0.2160,0.2150,0.2150,5072928
2003-01-21 14:11:00,0.2150,0.2160,0.2150,0.2150,94808
2003-01-21 14:10:00,0.2150,0.2160,0.2150,0.2150,570752
2003-01-21 14:09:00,0.2150,0.2160,0.2150,0.2150,246400
2003-01-21 14:08:00,0.2150,0.2160,0.2150,0.2150,33600
2003-01-21 14:07:00,0.2150,0.2160,0.2150,0.2150,649600
2003-01-21 14:06:00,0.2150,0.2160,0.2150,0.2150,961688
2003-01-21 14:05:00,0.2150,0.2160,0.2150,0.2150,1002400
2003-01-21 14:04:00,0.2160,0.2160,0.2150,0.2150,766528
2003-01-21 14:03:00,0.2160,0.2160,0.2150,0.2160,56000
2003-01-21 14:02:00,0.2150,0.2160,0.2150,0.2160,179200
2003-01-21 14:01:00,0.2160,0.2160,0.2150,0.2160,125160
2003-01-21 14:00:00,0.2160,0.2160,0.2150,0.2160,72800
2003-01-21 13:59:00,0.2160,0.2160,0.2150,0.2160,125440
2003-01-21 13:58:00,0.2160,0.2160,0.2150,0.2160,28000
2003-01-21 13:57:00,0.2160,0.2160,0.2150,0.2160,408800
2003-01-21 13:56:00,0.2160,0.2160,0.2150,0.2160,84000
2003-01-21 13:55:00,0.2160,0.2160,0.2150,0.2160,89600
2003-01-21 13:54:00,0.2160,0.2160,0.2150,0.2160,184800
2003-01-21 13:53:00,0.2150,0.2160,0.2150,0.2150,1338400
2003-01-21 13:52:00,0.2150,0.2160,0.2150,0.2150,683200
2003-01-21 13:51:00,0.2150,0.2160,0.2150,0.2150,352800
2003-01-21 13:50:00,0.2150,0.2160,0.2150,0.2150,56000
2003-01-21 13:49:00,0.2150,0.2160,0.2150,0.2150,156800
2003-01-21 13:48:00,0.2150,0.2160,0.2150,0.2150,67200
2003-01-21 13:47:00,0.2150,0.2160,0.2150,0.2150,604800
2003-01-21 13:46:00,0.2150,0.2160,0.2150,0.2150,156800
2003-01-21 13:45:00,0.2160,0.2160,0.2150,0.2150,509600
2003-01-21 13:44:00,0.2160,0.2160,0.2150,0.2160,168000
2003-01-21 13:43:00,0.2160,0.2160,0.2150,0.2160,380800
2003-01-21 13:42:00,0.2160,0.2160,0.2150,0.2160,28000
2003-01-21 13:41:00,0.2160,0.2160,0.2150,0.2160,196000
2003-01-21 13:40:00,0.2160,0.2160,0.2150,0.2160,39200
2003-01-21 13:39:00,0.2160,0.2160,0.2150,0.2160,50400
2003-01-21 13:38:00,0.2160,0.2160,0.2150,0.2160,22400
2003-01-21 13:37:00,0.2160,0.2160,0.2150,0.2160,336000
2003-01-21 13:36:00,0.2160,0.2160,0.2150,0.2160,162400
2003-01-21 13:35:00,0.2160,0.2160,0.2150,0.2160,250264
2003-01-21 13:34:00,0.2160,0.2160,0.2150,0.2160,523600
2003-01-21 13:33:00,0.2160,0.2160,0.2150,0.2160,22400
2003-01-21 13:32:00,0.2160,0.2160,0.2150,0.2160,56000
2003-01-21 13:31:00,0.2160,0.2160,0.2150,0.2160,50400
2003-01-21 13:30:00,0.2160,0.2170,0.2160,0.2160,1036000
2003-01-21 13:29:00,0.2160,0.2160,0.2160,0.2160,14000
2003-01-21 13:28:00,0.2160,0.2170,0.2160,0.2160,341600
2003-01-21 13:27:00,0.2170,0.2170,0.2160,0.2160,84000
2003-01-21 13:26:00,0.2160,0.2170,0.2160,0.2170,184800
2003-01-21 13:25:00,0.2170,0.2170,0.2160,0.2170,240800
2003-01-21 13:24:00,0.2170,0.2170,0.2160,0.2170,28000
2003-01-21 13:23:00,0.2170,0.2170,0.2160,0.2170,123200
2003-01-21 13:22:00,0.2170,0.2170,0.2160,0.2170,201600
2003-01-21 13:21:00,0.2170,0.2170,0.2160,0.2170,392000
2003-01-21 13:20:00,0.2170,0.2170,0.2160,0.2170,84000
2003-01-21 13:19:00,0.2170,0.2170,0.2160,0.2170,5600
2003-01-21 13:18:00,0.2170,0.2170,0.2160,0.2170,22400
2003-01-21 13:17:00,0.2170,0.2170,0.2160,0.2170,33600
2003-01-21 13:16:00,0.2170,0.2170,0.2160,0.2170,218400
2003-01-21 13:15:00,0.2170,0.2170,0.2160,0.2170,190400
2003-01-21 13:14:00,0.2170,0.2170,0.2170,0.2170,5600
2003-01-21 13:13:00,0.2170,0.2170,0.2160,0.2170,302400
2003-01-21 13:12:00,0.2170,0.2170,0.2160,0.2170,95200
2003-01-21 13:11:00,0.2160,0.2170,0.2160,0.2170,403200
2003-01-21 13:10:00,0.2160,0.2170,0.2160,0.2160,257600
2003-01-21 13:09:00,0.2160,0.2170,0.2160,0.2160,61600
2003-01-21 13:08:00,0.2160,0.2170,0.2160,0.2160,525672
2003-01-21 13:07:00,0.2160,0.2170,0.2160,0.2160,84000
2003-01-21 13:06:00,0.2170,0.2170,0.2160,0.2170,448840
2003-01-21 13:05:00,0.2170,0.2170,0.2170,0.2170,887936
2003-01-21 13:04:00,0.2170,0.2180,0.2170,0.2170,168000
2003-01-21 13:03:00,0.2170,0.2180,0.2170,0.2170,246400
2003-01-21 13:02:00,0.2170,0.2180,0.2170,0.2170,206472
2003-01-21 13:01:00,0.2170,0.2170,0.2160,0.2170,588000
2003-01-21 13:00:00,0.2160,0.2170,0.2160,0.2170,89600
2003-01-21 12:59:00,0.2160,0.2170,0.2150,0.2160,1030400
2003-01-21 12:58:00,0.2160,0.2160,0.2160,0.2160,140000
2003-01-21 12:57:00,0.2160,0.2160,0.2150,0.2160,593600
2003-01-21 12:56:00,0.2160,0.2160,0.2150,0.2160,128800
2003-01-21 12:55:00,0.2160,0.2160,0.2150,0.2160,509600
2003-01-21 12:54:00,0.2160,0.2160,0.2150,0.2160,179200
2003-01-21 12:53:00,0.2160,0.2160,0.2150,0.2160,296800
2003-01-21 12:52:00,0.2150,0.2160,0.2150,0.2160,240800
2003-01-21 12:51:00,0.2150,0.2160,0.2150,0.2160,515200
2003-01-21 12:50:00,0.2150,0.2160,0.2150,0.2150,274400
2003-01-21 12:49:00,0.2150,0.2160,0.2150,0.2150,224000
2003-01-21 12:48:00,0.2150,0.2160,0.2150,0.2150,78400
2003-01-21 12:47:00,0.2150,0.2160,0.2150,0.2150,218400
2003-01-21 12:46:00,0.2160,0.2160,0.2150,0.2160,420112
2003-01-21 12:45:00,0.2160,0.2160,0.2150,0.2160,179200
2003-01-21 12:44:00,0.2160,0.2160,0.2150,0.2160,61600
2003-01-21 12:43:00,0.2160,0.2160,0.2150,0.2160,173600
2003-01-21 12:41:00,0.2160,0.2160,0.2150,0.2160,149800
2003-01-21 12:40:00,0.2160,0.2160,0.2150,0.2160,207200
2003-01-21 12:39:00,0.2160,0.2160,0.2150,0.2160,610400
2003-01-21 12:38:00,0.2150,0.2160,0.2150,0.2150,61600
2003-01-21 12:37:00,0.2150,0.2160,0.2150,0.2150,148848
2003-01-21 12:36:00,0.2160,0.2160,0.2150,0.2150,50400
2003-01-21 12:35:00,0.2150,0.2160,0.2150,0.2150,218400
2003-01-21 12:34:00,0.2150,0.2160,0.2150,0.2150,190400
2003-01-21 12:33:00,0.2160,0.2160,0.2150,0.2160,16800
2003-01-21 12:32:00,0.2160,0.2160,0.2150,0.2160,240800
2003-01-21 12:31:00,0.2160,0.2160,0.2150,0.2160,123200
2003-01-21 12:30:00,0.2160,0.2160,0.2150,0.2150,739200
2003-01-21 12:29:00,0.2150,0.2160,0.2150,0.2160,713496
2003-01-21 12:28:00,0.2160,0.2160,0.2150,0.2160,565600
2003-01-21 12:27:00,0.2160,0.2160,0.2160,0.2160,11200
2003-01-21 12:26:00,0.2160,0.2160,0.2160,0.2160,120232
2003-01-21 12:24:00,0.2160,0.2160,0.2160,0.2160,515200
2003-01-21 12:23:00,0.2160,0.2170,0.2160,0.2160,672000
2003-01-21 12:22:00,0.2160,0.2170,0.2160,0.2160,599592
2003-01-21 12:21:00,0.2160,0.2170,0.2160,0.2160,817600
2003-01-21 12:20:00,0.2160,0.2160,0.2160,0.2160,464800
2003-01-21 12:19:00,0.2160,0.2170,0.2160,0.2160,100800
2003-01-21 12:18:00,0.2160,0.2170,0.2160,0.2160,78400
2003-01-21 12:17:00,0.2160,0.2160,0.2160,0.2160,106400
2003-01-21 12:16:00,0.2160,0.2170,0.2150,0.2160,697424
2003-01-21 12:15:00,0.2160,0.2170,0.2160,0.2160,254240
2003-01-21 12:14:00,0.2160,0.2160,0.2150,0.2160,392000
2003-01-21 12:13:00,0.2160,0.2160,0.2150,0.2160,502264
2003-01-21 12:12:00,0.2160,0.2160,0.2150,0.2160,582400
2003-01-21 12:11:00,0.2160,0.2160,0.2150,0.2160,543200
2003-01-21 12:10:00,0.2160,0.2160,0.2150,0.2160,464800
2003-01-21 12:09:00,0.2160,0.2160,0.2150,0.2160,789600
2003-01-21 12:08:00,0.2160,0.2160,0.2150,0.2160,593600
2003-01-21 12:07:00,0.2160,0.2160,0.2150,0.2160,72800
2003-01-21 12:06:00,0.2160,0.2160,0.2150,0.2160,190400
2003-01-21 12:05:00,0.2160,0.2160,0.2150,0.2160,403200
2003-01-21 12:04:00,0.2150,0.2160,0.2150,0.2160,694400
2003-01-21 12:03:00,0.2160,0.2160,0.2150,0.2160,548800
2003-01-21 12:02:00,0.2160,0.2160,0.2150,0.2160,89600
2003-01-21 12:01:00,0.2150,0.2160,0.2150,0.2150,162400
2003-01-21 12:00:00,0.2160,0.2160,0.2150,0.2160,319200
2003-01-21 11:59:00,0.2150,0.2160,0.2150,0.2150,1388800
2003-01-21 11:58:00,0.2160,0.2160,0.2150,0.2150,756000
2003-01-21 11:57:00,0.2150,0.2160,0.2150,0.2160,90104
2003-01-21 11:56:00,0.2150,0.2160,0.2150,0.2160,448616
2003-01-21 11:55:00,0.2160,0.2160,0.2150,0.2150,632800
2003-01-21 11:54:00,0.2150,0.2160,0.2150,0.2150,291200
2003-01-21 11:53:00,0.2150,0.2160,0.2150,0.2150,285600
2003-01-21 11:52:00,0.2150,0.2160,0.2150,0.2150,184800
2003-01-21 11:51:00,0.2150,0.2160,0.2150,0.2150,235200
2003-01-21 11:50:00,0.2150,0.2160,0.2150,0.2150,134400
2003-01-21 11:49:00,0.2150,0.2160,0.2150,0.2150,220192
2003-01-21 11:48:00,0.2150,0.2160,0.2150,0.2150,72800
2003-01-21 11:47:00,0.2150,0.2160,0.2150,0.2150,420000
2003-01-21 11:46:00,0.2160,0.2160,0.2150,0.2150,156800
2003-01-21 11:45:00,0.2150,0.2160,0.2150,0.2150,221200
2003-01-21 11:44:00,0.2150,0.2160,0.2150,0.2150,78400
2003-01-21 11:43:00,0.2150,0.2160,0.2150,0.2150,229600
2003-01-21 11:42:00,0.2150,0.2160,0.2150,0.2150,218400
2003-01-21 11:41:00,0.2150,0.2160,0.2150,0.2150,302400
2003-01-21 11:40:00,0.2150,0.2160,0.2150,0.2150,464800
2003-01-21 11:39:00,0.2150,0.2160,0.2150,0.2150,991200
2003-01-21 11:38:00,0.2150,0.2160,0.2150,0.2150,599200
2003-01-21 11:37:00,0.2150,0.2160,0.2150,0.2150,308000
2003-01-21 11:36:00,0.2160,0.2160,0.2140,0.2160,2648800
2003-01-21 11:35:00,0.2150,0.2160,0.2150,0.2150,313600
2003-01-21 11:34:00,0.2160,0.2160,0.2150,0.2160,408800
2003-01-21 11:33:00,0.2160,0.2160,0.2150,0.2160,767200
2003-01-21 11:32:00,0.2150,0.2160,0.2150,0.2160,168000
2003-01-21 11:31:00,0.2150,0.2160,0.2150,0.2150,509600
2003-01-21 11:30:00,0.2150,0.2160,0.2150,0.2150,502600
2003-01-21 11:29:00,0.2150,0.2160,0.2150,0.2150,571200
2003-01-21 11:28:00,0.2150,0.2160,0.2150,0.2150,666400
2003-01-21 11:27:00,0.2150,0.2150,0.2150,0.2150,341600
2003-01-21 11:26:00,0.2150,0.2160,0.2150,0.2150,235200
2003-01-21 11:25:00,0.2150,0.2160,0.2150,0.2150,280000
2003-01-21 11:24:00,0.2150,0.2150,0.2140,0.2150,404600
2003-01-21 11:23:00,0.2150,0.2150,0.2140,0.2150,380800
2003-01-21 11:22:00,0.2150,0.2150,0.2140,0.2150,907200
2003-01-21 11:21:00,0.2150,0.2150,0.2150,0.2150,134400
2003-01-21 11:20:00,0.2150,0.2160,0.2150,0.2150,169680
2003-01-21 11:19:00,0.2150,0.2150,0.2140,0.2150,50400
2003-01-21 11:18:00,0.2150,0.2150,0.2140,0.2150,252000
2003-01-21 11:17:00,0.2150,0.2150,0.2150,0.2150,218400
2003-01-21 11:16:00,0.2150,0.2160,0.2150,0.2150,476000
2003-01-21 11:15:00,0.2150,0.2160,0.2150,0.2150,565600
2003-01-21 11:14:00,0.2150,0.2150,0.2150,0.2150,163016
2003-01-21 11:13:00,0.2150,0.2150,0.2140,0.2150,354256
2003-01-21 11:12:00,0.2150,0.2150,0.2140,0.2150,162344
2003-01-21 11:11:00,0.2150,0.2150,0.2140,0.2150,1019200
2003-01-21 11:10:00,0.2150,0.2150,0.2140,0.2150,151200
2003-01-21 11:09:00,0.2150,0.2160,0.2150,0.2150,803600
2003-01-21 11:08:00,0.2150,0.2160,0.2150,0.2150,935144
2003-01-21 11:07:00,0.2150,0.2160,0.2150,0.2150,145600
2003-01-21 11:06:00,0.2150,0.2160,0.2150,0.2150,16800
2003-01-21 11:05:00,0.2160,0.2160,0.2150,0.2160,179200
2003-01-21 11:04:00,0.2160,0.2160,0.2150,0.2160,44800
2003-01-21 11:03:00,0.2160,0.2160,0.2150,0.2150,240800
2003-01-21 11:02:00,0.2160,0.2160,0.2150,0.2150,403200
2003-01-21 11:01:00,0.2160,0.2160,0.2150,0.2150,16800
2003-01-21 11:00:00,0.2150,0.2160,0.2150,0.2160,168000
2003-01-21 10:59:00,0.2150,0.2160,0.2150,0.2150,472248
2003-01-21 10:58:00,0.2150,0.2150,0.2150,0.2150,16800
2003-01-21 10:57:00,0.2150,0.2150,0.2150,0.2150,313600
2003-01-21 10:56:00,0.2150,0.2150,0.2140,0.2150,16800
2003-01-21 10:55:00,0.2150,0.2150,0.2140,0.2150,341600
2003-01-21 10:54:00,0.2150,0.2160,0.2140,0.2150,106400
2003-01-21 10:53:00,0.2150,0.2160,0.2150,0.2150,211064
2003-01-21 10:52:00,0.2150,0.2160,0.2140,0.2150,408800
2003-01-21 10:51:00,0.2150,0.2150,0.2140,0.2150,1115800
2003-01-21 10:50:00,0.2150,0.2150,0.2140,0.2150,134400
2003-01-21 10:49:00,0.2150,0.2150,0.2140,0.2150,117600
2003-01-21 10:48:00,0.2150,0.2150,0.2140,0.2150,224000
2003-01-21 10:47:00,0.2150,0.2150,0.2140,0.2150,934528
2003-01-21 10:46:00,0.2150,0.2150,0.2140,0.2150,196000
2003-01-21 10:45:00,0.2150,0.2150,0.2140,0.2150,985600
2003-01-21 10:44:00,0.2150,0.2150,0.2140,0.2150,896000
2003-01-21 10:43:00,0.2150,0.2150,0.2140,0.2150,632800
2003-01-21 10:42:00,0.2150,0.2160,0.2140,0.2150,526400
2003-01-21 10:41:00,0.2160,0.2160,0.2150,0.2150,823200
2003-01-21 10:40:00,0.2160,0.2160,0.2150,0.2150,543200
2003-01-21 10:39:00,0.2160,0.2170,0.2160,0.2160,884800
2003-01-21 10:38:00,0.2160,0.2170,0.2160,0.2160,375200
2003-01-21 10:37:00,0.2160,0.2160,0.2160,0.2160,56000
2003-01-21 10:36:00,0.2160,0.2170,0.2160,0.2160,235144
2003-01-21 10:35:00,0.2160,0.2170,0.2160,0.2160,145600
2003-01-21 10:34:00,0.2160,0.2170,0.2160,0.2160,940800
2003-01-21 10:33:00,0.2160,0.2160,0.2160,0.2160,520800
2003-01-21 10:32:00,0.2160,0.2170,0.2150,0.2160,207200
2003-01-21 10:31:00,0.2160,0.2170,0.2160,0.2160,1055040
2003-01-21 10:30:00,0.2170,0.2170,0.2160,0.2170,459200
2003-01-21 10:29:00,0.2170,0.2170,0.2160,0.2170,308000
2003-01-21 10:28:00,0.2170,0.2170,0.2160,0.2170,728000
2003-01-21 10:27:00,0.2170,0.2170,0.2160,0.2170,151200
2003-01-21 10:26:00,0.2170,0.2170,0.2160,0.2170,151200
2003-01-21 10:25:00,0.2170,0.2170,0.2160,0.2170,168000
2003-01-21 10:24:00,0.2170,0.2170,0.2160,0.2170,504000
2003-01-21 10:23:00,0.2170,0.2170,0.2160,0.2170,403200
2003-01-21 10:22:00,0.2170,0.2170,0.2160,0.2170,666400
2003-01-21 10:21:00,0.2170,0.2170,0.2160,0.2170,492800
2003-01-21 10:20:00,0.2160,0.2170,0.2160,0.2170,248192
2003-01-21 10:19:00,0.2160,0.2170,0.2160,0.2160,257600
2003-01-21 10:18:00,0.2170,0.2170,0.2160,0.2160,476000
2003-01-21 10:17:00,0.2160,0.2170,0.2150,0.2160,677600
2003-01-21 10:16:00,0.2160,0.2170,0.2160,0.2160,436800
2003-01-21 10:15:00,0.2160,0.2170,0.2160,0.2160,89600
2003-01-21 10:14:00,0.2160,0.2170,0.2160,0.2160,1444800
2003-01-21 10:13:00,0.2160,0.2160,0.2150,0.2160,450800
2003-01-21 10:12:00,0.2160,0.2160,0.2150,0.2160,1540000
2003-01-21 10:11:00,0.2160,0.2160,0.2150,0.2160,100800
2003-01-21 10:10:00,0.2160,0.2160,0.2150,0.2160,341600
2003-01-21 10:09:00,0.2160,0.2160,0.2150,0.2160,604800
2003-01-21 10:08:00,0.2160,0.2160,0.2150,0.2160,1336944
2003-01-21 10:07:00,0.2160,0.2160,0.2150,0.2160,434560
2003-01-21 10:06:00,0.2160,0.2160,0.2150,0.2160,1469440
2003-01-21 10:05:00,0.2160,0.2160,0.2150,0.2160,212800
2003-01-21 10:04:00,0.2160,0.2160,0.2150,0.2160,588000
2003-01-21 10:03:00,0.2160,0.2160,0.2150,0.2160,823200
2003-01-21 10:02:00,0.2160,0.2170,0.2150,0.2160,263200
2003-01-21 10:01:00,0.2160,0.2170,0.2160,0.2160,229600
2003-01-21 10:00:00,0.2160,0.2170,0.2160,0.2160,912800
2003-01-21 09:59:00,0.2170,0.2170,0.2160,0.2170,274400
2003-01-21 09:58:00,0.2170,0.2170,0.2160,0.2170,280000
2003-01-21 09:57:00,0.2160,0.2170,0.2160,0.2170,414400
2003-01-21 09:56:00,0.2170,0.2170,0.2160,0.2160,767200
2003-01-21 09:55:00,0.2160,0.2170,0.2160,0.2170,648312
2003-01-21 09:54:00,0.2170,0.2170,0.2160,0.2160,828800
2003-01-21 09:53:00,0.2170,0.2170,0.2160,0.2170,811160
2003-01-21 09:52:00,0.2170,0.2180,0.2170,0.2170,614880
2003-01-21 09:51:00,0.2170,0.2180,0.2170,0.2170,547512
2003-01-21 09:50:00,0.2170,0.2180,0.2170,0.2170,484176
2003-01-21 09:49:00,0.2170,0.2180,0.2170,0.2170,515200
2003-01-21 09:48:00,0.2170,0.2170,0.2170,0.2170,952000
2003-01-21 09:47:00,0.2170,0.2170,0.2160,0.2170,341376
2003-01-21 09:46:00,0.2170,0.2170,0.2160,0.2170,162400
2003-01-21 09:45:00,0.2170,0.2170,0.2160,0.2170,782992
2003-01-21 09:44:00,0.2170,0.2180,0.2160,0.2170,1590400
2003-01-21 09:43:00,0.2180,0.2180,0.2170,0.2170,308000
2003-01-21 09:42:00,0.2180,0.2180,0.2170,0.2170,627200
2003-01-21 09:41:00,0.2180,0.2180,0.2170,0.2180,2486400
2003-01-21 09:40:00,0.2180,0.2180,0.2170,0.2180,240800
2003-01-21 09:39:00,0.2170,0.2180,0.2170,0.2180,3007200
2003-01-21 09:38:00,0.2170,0.2180,0.2170,0.2170,789600
2003-01-21 09:37:00,0.2180,0.2180,0.2170,0.2170,1209600
2003-01-21 09:36:00,0.2180,0.2190,0.2170,0.2180,2626736
2003-01-21 09:35:00,0.2180,0.2190,0.2170,0.2180,1203664
2003-01-21 09:34:00,0.2170,0.2190,0.2170,0.2170,2766400
2003-01-21 09:33:00,0.2170,0.2180,0.2160,0.2180,3067232
2003-01-21 09:32:00,0.2170,0.2170,0.2150,0.2170,1372000
2003-01-21 09:31:00,0.2170,0.2180,0.2150,0.2170,4522000
2003-01-21 09:30:00,0.2150,0.2170,0.2150,0.2160,2790144
2003-01-21 09:29:00,0.2150,0.2160,0.2150,0.2150,33600
2003-01-21 09:27:00,0.2150,0.2160,0.2150,0.2150,22400
2003-01-21 09:26:00,0.2150,0.2160,0.2150,0.2150,100800
2003-01-21 09:25:00,0.2150,0.2160,0.2150,0.2150,274400
2003-01-21 09:08:00,0.2150,0.2160,0.2150,0.2150,16800
2003-01-21 08:55:00,0.2150,0.2150,0.2140,0.2140,56000
2003-01-21 08:44:00,0.2150,0.2150,0.2140,0.2140,56000
2003-01-21 08:23:00,0.2150,0.2150,0.2140,0.2140,33600
2003-01-17 17:48:00,0.2140,0.2140,0.2130,0.2140,33600
2003-01-17 17:25:00,0.2140,0.2140,0.2130,0.2140,1590400
2003-01-17 17:19:00,0.2140,0.2140,0.2130,0.2140,3572800
2003-01-17 16:48:00,0.2160,0.2160,0.2160,0.2160,100800
2003-01-17 16:47:00,0.2160,0.2170,0.2150,0.2160,347200
2003-01-17 16:46:00,0.2160,0.2180,0.2150,0.2160,229600
2003-01-17 16:45:00,0.2150,0.2160,0.2140,0.2160,252000
2003-01-17 16:44:00,0.2150,0.2150,0.2140,0.2150,112000
2003-01-17 16:43:00,0.2160,0.2170,0.2150,0.2160,246400
2003-01-17 16:42:00,0.2170,0.2180,0.2160,0.2170,347200
2003-01-17 16:41:00,0.2170,0.2170,0.2170,0.2170,95200
2003-01-17 16:40:00,0.2170,0.2170,0.2160,0.2170,224000
2003-01-17 16:27:00,0.2140,0.2140,0.2130,0.2140,39200
2003-01-17 16:16:00,0.2140,0.2140,0.2130,0.2140,352800
2003-01-17 16:10:00,0.2140,0.2140,0.2130,0.2140,924000
2003-01-17 16:09:00,0.2140,0.2140,0.2130,0.2140,1131200
2003-01-17 16:07:00,0.2140,0.2140,0.2130,0.2140,246400
2003-01-17 16:06:00,0.2140,0.2140,0.2140,0.2140,28000
2003-01-17 16:05:00,0.2140,0.2140,0.2130,0.2140,268800
2003-01-17 16:03:00,0.2140,0.2140,0.2130,0.2140,78400
2003-01-17 16:01:00,0.2150,0.2150,0.2140,0.2140,420000
2003-01-17 16:00:00,0.2130,0.2150,0.2130,0.2150,1573600
2003-01-17 15:59:00,0.2150,0.2160,0.2130,0.2140,7092176
2003-01-17 15:58:00,0.2150,0.2160,0.2140,0.2140,4054792
2003-01-17 15:57:00,0.2160,0.2160,0.2150,0.2150,3279528
2003-01-17 15:56:00,0.2160,0.2160,0.2150,0.2160,2125816
2003-01-17 15:55:00,0.2160,0.2160,0.2150,0.2160,521472
2003-01-17 15:54:00,0.2160,0.2160,0.2150,0.2160,589456
2003-01-17 15:53:00,0.2160,0.2160,0.2150,0.2160,487200
2003-01-17 15:52:00,0.2160,0.2160,0.2150,0.2160,408800
2003-01-17 15:51:00,0.2160,0.2160,0.2150,0.2160,481600
2003-01-17 15:50:00,0.2160,0.2160,0.2150,0.2160,599200
2003-01-17 15:49:00,0.2160,0.2160,0.2150,0.2160,2077600
2003-01-17 15:48:00,0.2160,0.2160,0.2160,0.2160,688800
2003-01-17 15:47:00,0.2160,0.2160,0.2150,0.2160,431648
2003-01-17 15:46:00,0.2160,0.2160,0.2150,0.2160,395360
2003-01-17 15:45:00,0.2160,0.2160,0.2150,0.2160,858312
2003-01-17 15:44:00,0.2160,0.2170,0.2160,0.2160,212800
2003-01-17 15:43:00,0.2160,0.2170,0.2160,0.2160,302400
2003-01-17 15:42:00,0.2160,0.2170,0.2160,0.2160,112000
2003-01-17 15:41:00,0.2160,0.2170,0.2160,0.2160,744800
2003-01-17 15:40:00,0.2160,0.2170,0.2160,0.2160,481936
2003-01-17 15:39:00,0.2160,0.2170,0.2160,0.2160,78064
2003-01-17 15:38:00,0.2160,0.2170,0.2160,0.2160,106400
2003-01-17 15:37:00,0.2160,0.2170,0.2150,0.2160,347200
2003-01-17 15:36:00,0.2160,0.2160,0.2160,0.2160,56000
2003-01-17 15:35:00,0.2160,0.2160,0.2150,0.2160,442400
2003-01-17 15:34:00,0.2160,0.2160,0.2160,0.2160,78400
2003-01-17 15:33:00,0.2160,0.2160,0.2160,0.2160,22400
2003-01-17 15:32:00,0.2160,0.2170,0.2150,0.2160,301112
2003-01-17 15:31:00,0.2160,0.2160,0.2160,0.2160,716800
2003-01-17 15:30:00,0.2160,0.2160,0.2150,0.2160,335160
2003-01-17 15:29:00,0.2160,0.2160,0.2150,0.2160,358400
2003-01-17 15:28:00,0.2160,0.2160,0.2150,0.2160,67200
2003-01-17 15:27:00,0.2160,0.2160,0.2150,0.2160,263200
2003-01-17 15:26:00,0.2160,0.2160,0.2150,0.2160,67200
2003-01-17 15:25:00,0.2160,0.2160,0.2150,0.2160,117600
2003-01-17 15:24:00,0.2160,0.2160,0.2150,0.2160,257600
2003-01-17 15:23:00,0.2160,0.2160,0.2150,0.2160,106400
2003-01-17 15:22:00,0.2160,0.2160,0.2150,0.2160,588000
2003-01-17 15:21:00,0.2150,0.2160,0.2150,0.2150,56000
2003-01-17 15:20:00,0.2150,0.2160,0.2150,0.2150,78400
2003-01-17 15:18:00,0.2150,0.2160,0.2150,0.2150,235424
2003-01-17 15:17:00,0.2150,0.2160,0.2150,0.2150,156800
2003-01-17 15:16:00,0.2160,0.2160,0.2150,0.2150,801416
2003-01-17 15:15:00,0.2160,0.2160,0.2150,0.2160,157024
2003-01-17 15:14:00,0.2160,0.2160,0.2150,0.2160,84000
2003-01-17 15:13:00,0.2160,0.2160,0.2150,0.2160,117600
2003-01-17 15:12:00,0.2160,0.2160,0.2150,0.2160,212800
2003-01-17 15:11:00,0.2160,0.2160,0.2150,0.2160,61600
2003-01-17 15:10:00,0.2160,0.2160,0.2150,0.2160,190400
2003-01-17 15:09:00,0.2160,0.2160,0.2150,0.2160,268800
2003-01-17 15:08:00,0.2160,0.2160,0.2150,0.2160,166376
2003-01-17 15:07:00,0.2170,0.2170,0.2160,0.2160,409920
2003-01-17 15:06:00,0.2170,0.2170,0.2160,0.2170,39200
2003-01-17 15:05:00,0.2170,0.2170,0.2160,0.2170,11200
2003-01-17 15:04:00,0.2160,0.2170,0.2160,0.2170,296800
2003-01-17 15:03:00,0.2160,0.2170,0.2160,0.2160,190400
2003-01-17 15:02:00,0.2160,0.2170,0.2160,0.2160,274400
2003-01-17 15:01:00,0.2170,0.2170,0.2160,0.2160,342272
2003-01-17 15:00:00,0.2170,0.2170,0.2160,0.2170,414400
2003-01-17 14:59:00,0.2170,0.2180,0.2170,0.2170,248920
2003-01-17 14:58:00,0.2170,0.2180,0.2160,0.2170,781256
2003-01-17 14:57:00,0.2170,0.2170,0.2160,0.2170,470400
2003-01-17 14:56:00,0.2160,0.2170,0.2160,0.2170,405048
2003-01-17 14:55:00,0.2160,0.2170,0.2160,0.2170,251608
2003-01-17 14:54:00,0.2160,0.2170,0.2160,0.2160,140000
2003-01-17 14:53:00,0.2160,0.2170,0.2160,0.2160,230720
2003-01-17 14:52:00,0.2160,0.2170,0.2160,0.2160,137480
2003-01-17 14:51:00,0.2160,0.2170,0.2160,0.2160,554400
2003-01-17 14:50:00,0.2160,0.2160,0.2150,0.2160,1663200
2003-01-17 14:49:00,0.2160,0.2170,0.2160,0.2160,1055936
2003-01-17 14:48:00,0.2160,0.2170,0.2160,0.2160,380800
2003-01-17 14:47:00,0.2160,0.2160,0.2160,0.2160,229040
2003-01-17 14:46:00,0.2160,0.2160,0.2160,0.2160,84000
2003-01-17 14:45:00,0.2160,0.2160,0.2160,0.2160,89600
2003-01-17 14:44:00,0.2170,0.2170,0.2160,0.2160,823200
2003-01-17 14:43:00,0.2160,0.2170,0.2160,0.2160,2682400
2003-01-17 14:42:00,0.2160,0.2170,0.2160,0.2160,1170400
2003-01-17 14:41:00,0.2160,0.2170,0.2160,0.2160,123200
2003-01-17 14:40:00,0.2160,0.2170,0.2160,0.2160,260736
2003-01-17 14:39:00,0.2160,0.2170,0.2160,0.2160,341600
2003-01-17 14:38:00,0.2160,0.2170,0.2160,0.2160,1351840
2003-01-17 14:37:00,0.2160,0.2160,0.2160,0.2160,44800
2003-01-17 14:36:00,0.2160,0.2160,0.2150,0.2160,212800
2003-01-17 14:35:00,0.2160,0.2160,0.2150,0.2160,319200
2003-01-17 14:34:00,0.2160,0.2160,0.2150,0.2160,431200
2003-01-17 14:33:00,0.2160,0.2160,0.2150,0.2160,313600
2003-01-17 14:32:00,0.2160,0.2160,0.2150,0.2160,945056
2003-01-17 14:31:00,0.2160,0.2160,0.2150,0.2160,744800
2003-01-17 14:30:00,0.2160,0.2160,0.2150,0.2160,84000
2003-01-17 14:29:00,0.2160,0.2160,0.2150,0.2160,616000
2003-01-17 14:28:00,0.2150,0.2160,0.2150,0.2160,56000
2003-01-17 14:27:00,0.2150,0.2160,0.2150,0.2150,162400
2003-01-17 14:26:00,0.2160,0.2160,0.2150,0.2150,168000
2003-01-17 14:25:00,0.2150,0.2160,0.2150,0.2150,95200
2003-01-17 14:24:00,0.2150,0.2160,0.2150,0.2150,405384
2003-01-17 14:23:00,0.2150,0.2160,0.2150,0.2150,44800
2003-01-17 14:22:00,0.2150,0.2160,0.2150,0.2150,131600
2003-01-17 14:21:00,0.2150,0.2160,0.2150,0.2150,392000
2003-01-17 14:20:00,0.2150,0.2160,0.2150,0.2150,638400
2003-01-17 14:19:00,0.2150,0.2160,0.2140,0.2150,403200
2003-01-17 14:18:00,0.2150,0.2150,0.2150,0.2150,16800
2003-01-17 14:17:00,0.2150,0.2160,0.2150,0.2150,61600
2003-01-17 14:16:00,0.2150,0.2150,0.2140,0.2150,302400
2003-01-17 14:15:00,0.2150,0.2150,0.2140,0.2150,46200
2003-01-17 14:14:00,0.2150,0.2150,0.2140,0.2150,39200
2003-01-17 14:13:00,0.2150,0.2150,0.2140,0.2150,50400
2003-01-17 14:12:00,0.2150,0.2150,0.2140,0.2150,84000
2003-01-17 14:11:00,0.2150,0.2150,0.2140,0.2150,2968000
2003-01-17 14:10:00,0.2150,0.2150,0.2140,0.2150,330400
2003-01-17 14:09:00,0.2150,0.2150,0.2140,0.2150,106400
2003-01-17 14:08:00,0.2150,0.2150,0.2140,0.2150,364000
2003-01-17 14:07:00,0.2150,0.2150,0.2140,0.2140,11200
2003-01-17 14:06:00,0.2150,0.2150,0.2140,0.2140,196000
2003-01-17 14:05:00,0.2150,0.2150,0.2140,0.2140,67200
2003-01-17 14:04:00,0.2150,0.2150,0.2140,0.2140,11200
2003-01-17 14:03:00,0.2150,0.2150,0.2140,0.2140,268800
2003-01-17 14:02:00,0.2150,0.2150,0.2140,0.2140,212800
2003-01-17 14:01:00,0.2150,0.2150,0.2140,0.2150,3102400
2003-01-17 14:00:00,0.2150,0.2150,0.2140,0.2150,560000
2003-01-17 13:59:00,0.2150,0.2150,0.2140,0.2150,889672
2003-01-17 13:58:00,0.2150,0.2150,0.2140,0.2150,168000
2003-01-17 13:57:00,0.2150,0.2160,0.2140,0.2150,296800
2003-01-17 13:56:00,0.2150,0.2160,0.2150,0.2150,218400
2003-01-17 13:55:00,0.2150,0.2160,0.2150,0.2150,33600
2003-01-17 13:54:00,0.2140,0.2160,0.2140,0.2150,778176
2003-01-17 13:53:00,0.2150,0.2150,0.2140,0.2140,1360800
2003-01-17 13:52:00,0.2150,0.2150,0.2140,0.2150,100800
2003-01-17 13:51:00,0.2150,0.2150,0.2140,0.2150,162400
2003-01-17 13:50:00,0.2150,0.2150,0.2140,0.2150,489496
2003-01-17 13:49:00,0.2150,0.2150,0.2140,0.2150,772800
2003-01-17 13:48:00,0.2150,0.2150,0.2140,0.2150,571200
2003-01-17 13:47:00,0.2150,0.2150,0.2140,0.2150,218400
2003-01-17 13:46:00,0.2150,0.2150,0.2140,0.2150,789600
2003-01-17 13:45:00,0.2150,0.2150,0.2140,0.2150,520800
2003-01-17 13:44:00,0.2150,0.2150,0.2140,0.2150,683200
2003-01-17 13:43:00,0.2150,0.2150,0.2140,0.2150,1008000
2003-01-17 13:42:00,0.2150,0.2150,0.2140,0.2150,95200
2003-01-17 13:41:00,0.2150,0.2150,0.2140,0.2150,132384
2003-01-17 13:40:00,0.2150,0.2150,0.2140,0.2150,1024800
2003-01-17 13:39:00,0.2150,0.2150,0.2140,0.2150,411600
2003-01-17 13:38:00,0.2150,0.2150,0.2140,0.2150,190400
2003-01-17 13:37:00,0.2150,0.2150,0.2140,0.2140,588000
2003-01-17 13:36:00,0.2150,0.2150,0.2140,0.2150,196000
2003-01-17 13:35:00,0.2150,0.2150,0.2140,0.2150,784000
2003-01-17 13:34:00,0.2150,0.2160,0.2140,0.2150,1131200
2003-01-17 13:33:00,0.2150,0.2150,0.2140,0.2150,1004640
2003-01-17 13:32:00,0.2150,0.2150,0.2150,0.2150,117600
2003-01-17 13:31:00,0.2150,0.2160,0.2150,0.2150,392000
2003-01-17 13:30:00,0.2150,0.2160,0.2150,0.2150,296800
2003-01-17 13:29:00,0.2150,0.2160,0.2150,0.2150,296800
2003-01-17 13:28:00,0.2160,0.2160,0.2150,0.2150,231672
2003-01-17 13:27:00,0.2160,0.2160,0.2150,0.2160,268800
2003-01-17 13:26:00,0.2160,0.2160,0.2150,0.2160,33600
2003-01-17 13:25:00,0.2160,0.2160,0.2150,0.2160,140000
2003-01-17 13:24:00,0.2160,0.2160,0.2150,0.2160,739200
2003-01-17 13:23:00,0.2160,0.2160,0.2150,0.2160,235200
2003-01-17 13:22:00,0.2160,0.2160,0.2150,0.2160,11200
2003-01-17 13:21:00,0.2160,0.2160,0.2150,0.2160,481600
2003-01-17 13:20:00,0.2160,0.2160,0.2150,0.2160,515200
2003-01-17 13:19:00,0.2160,0.2160,0.2150,0.2160,56000
2003-01-17 13:18:00,0.2160,0.2160,0.2150,0.2160,291200
2003-01-17 13:17:00,0.2160,0.2160,0.2160,0.2160,397600
2003-01-17 13:16:00,0.2160,0.2160,0.2160,0.2160,263200
2003-01-17 13:15:00,0.2160,0.2160,0.2160,0.2160,190400
2003-01-17 13:14:00,0.2160,0.2160,0.2150,0.2160,89600
2003-01-17 13:13:00,0.2160,0.2160,0.2150,0.2160,123200
2003-01-17 13:12:00,0.2160,0.2160,0.2150,0.2160,212800
2003-01-17 13:11:00,0.2160,0.2160,0.2150,0.2160,586320
2003-01-17 13:10:00,0.2160,0.2160,0.2150,0.2160,190400
2003-01-17 13:09:00,0.2160,0.2160,0.2160,0.2160,16800
2003-01-17 13:08:00,0.2160,0.2170,0.2160,0.2160,688688
2003-01-17 13:07:00,0.2160,0.2170,0.2160,0.2170,470400
2003-01-17 13:06:00,0.2160,0.2170,0.2160,0.2160,28000
2003-01-17 13:05:00,0.2160,0.2160,0.2160,0.2160,5600
2003-01-17 13:04:00,0.2160,0.2160,0.2160,0.2160,5600
2003-01-17 13:03:00,0.2160,0.2170,0.2160,0.2160,532000
2003-01-17 13:02:00,0.2160,0.2170,0.2160,0.2160,246400
2003-01-17 13:01:00,0.2160,0.2170,0.2160,0.2160,593600
2003-01-17 13:00:00,0.2160,0.2170,0.2160,0.2160,442400
2003-01-17 12:59:00,0.2160,0.2170,0.2160,0.2160,732312
2003-01-17 12:58:00,0.2160,0.2160,0.2160,0.2160,314496
2003-01-17 12:57:00,0.2160,0.2170,0.2160,0.2160,134400
2003-01-17 12:56:00,0.2160,0.2170,0.2160,0.2160,199248
2003-01-17 12:55:00,0.2160,0.2160,0.2160,0.2160,151200
2003-01-17 12:54:00,0.2160,0.2170,0.2160,0.2160,95200
2003-01-17 12:53:00,0.2160,0.2170,0.2160,0.2160,2150400
2003-01-17 12:51:00,0.2160,0.2160,0.2160,0.2160,67200
2003-01-17 12:50:00,0.2160,0.2160,0.2150,0.2160,134400
2003-01-17 12:49:00,0.2160,0.2160,0.2150,0.2160,106400
2003-01-17 12:48:00,0.2160,0.2160,0.2150,0.2160,5600
2003-01-17 12:47:00,0.2160,0.2170,0.2150,0.2160,1159200
2003-01-17 12:46:00,0.2160,0.2160,0.2160,0.2160,196000
2003-01-17 12:45:00,0.2160,0.2160,0.2150,0.2160,159488
2003-01-17 12:44:00,0.2160,0.2160,0.2150,0.2160,313600
2003-01-17 12:43:00,0.2160,0.2160,0.2160,0.2160,140000
2003-01-17 12:42:00,0.2160,0.2160,0.2150,0.2160,50400
2003-01-17 12:41:00,0.2160,0.2160,0.2150,0.2160,123200
2003-01-17 12:40:00,0.2160,0.2160,0.2160,0.2160,72800
2003-01-17 12:39:00,0.2160,0.2160,0.2150,0.2160,173600
2003-01-17 12:38:00,0.2160,0.2160,0.2150,0.2160,582400
2003-01-17 12:37:00,0.2150,0.2160,0.2150,0.2160,1064000
2003-01-17 12:36:00,0.2150,0.2150,0.2150,0.2150,5600
2003-01-17 12:35:00,0.2150,0.2150,0.2150,0.2150,56000
2003-01-17 12:34:00,0.2150,0.2150,0.2150,0.2150,256424
2003-01-17 12:33:00,0.2150,0.2160,0.2140,0.2150,571200
2003-01-17 12:32:00,0.2160,0.2160,0.2140,0.2150,2562224
2003-01-17 12:31:00,0.2160,0.2160,0.2150,0.2160,313880
2003-01-17 12:30:00,0.2160,0.2160,0.2150,0.2160,56000
2003-01-17 12:28:00,0.2160,0.2160,0.2150,0.2160,33600
2003-01-17 12:26:00,0.2160,0.2160,0.2160,0.2160,300720
2003-01-17 12:25:00,0.2160,0.2160,0.2160,0.2160,44800
2003-01-17 12:24:00,0.2160,0.2160,0.2160,0.2160,33600
2003-01-17 12:23:00,0.2160,0.2170,0.2160,0.2160,67200
2003-01-17 12:21:00,0.2160,0.2170,0.2160,0.2160,151200
2003-01-17 12:20:00,0.2160,0.2170,0.2160,0.2160,274400
2003-01-17 12:19:00,0.2160,0.2170,0.2160,0.2160,168000
2003-01-17 12:17:00,0.2160,0.2170,0.2150,0.2160,290360
2003-01-17 12:16:00,0.2160,0.2160,0.2160,0.2160,162400
2003-01-17 12:15:00,0.2160,0.2170,0.2160,0.2160,174440
2003-01-17 12:14:00,0.2160,0.2170,0.2160,0.2160,22400
2003-01-17 12:13:00,0.2160,0.2170,0.2160,0.2160,39200
2003-01-17 12:12:00,0.2160,0.2170,0.2160,0.2160,173600
2003-01-17 12:11:00,0.2160,0.2170,0.2160,0.2160,39200
2003-01-17 12:10:00,0.2160,0.2170,0.2160,0.2160,358400
2003-01-17 12:09:00,0.2160,0.2160,0.2160,0.2160,5600
2003-01-17 12:08:00,0.2160,0.2160,0.2160,0.2160,22400
2003-01-17 12:07:00,0.2160,0.2160,0.2160,0.2160,44800
2003-01-17 12:06:00,0.2160,0.2160,0.2160,0.2160,291200
2003-01-17 12:05:00,0.2160,0.2160,0.2150,0.2160,1657600
2003-01-17 12:04:00,0.2160,0.2160,0.2150,0.2160,263200
2003-01-17 12:03:00,0.2160,0.2160,0.2150,0.2160,95200
2003-01-17 12:02:00,0.2160,0.2160,0.2150,0.2160,123200
2003-01-17 12:01:00,0.2160,0.2160,0.2150,0.2160,453600
2003-01-17 12:00:00,0.2160,0.2160,0.2150,0.2160,72800
2003-01-17 11:59:00,0.2160,0.2160,0.2150,0.2160,364000
2003-01-17 11:58:00,0.2160,0.2160,0.2150,0.2160,123200
2003-01-17 11:57:00,0.2160,0.2160,0.2150,0.2160,140000
2003-01-17 11:56:00,0.2160,0.2160,0.2150,0.2160,84000
2003-01-17 11:55:00,0.2160,0.2160,0.2150,0.2160,190400
2003-01-17 11:54:00,0.2160,0.2160,0.2150,0.2160,100800
2003-01-17 11:53:00,0.2160,0.2160,0.2150,0.2160,50400
2003-01-17 11:52:00,0.2160,0.2160,0.2150,0.2160,145600
2003-01-17 11:51:00,0.2160,0.2160,0.2150,0.2160,218400
2003-01-17 11:50:00,0.2160,0.2160,0.2150,0.2160,179200
2003-01-17 11:49:00,0.2160,0.2160,0.2150,0.2160,324800
2003-01-17 11:48:00,0.2160,0.2170,0.2150,0.2160,383600
2003-01-17 11:47:00,0.2160,0.2170,0.2160,0.2160,294056
2003-01-17 11:46:00,0.2160,0.2170,0.2160,0.2160,229600
2003-01-17 11:45:00,0.2160,0.2170,0.2160,0.2160,218400
2003-01-17 11:44:00,0.2160,0.2170,0.2160,0.2160,39200
2003-01-17 11:43:00,0.2160,0.2160,0.2160,0.2160,207200
2003-01-17 11:42:00,0.2160,0.2170,0.2160,0.2160,291200
2003-01-17 11:41:00,0.2160,0.2170,0.2160,0.2160,201600
2003-01-17 11:40:00,0.2160,0.2170,0.2160,0.2160,72800
2003-01-17 11:39:00,0.2160,0.2170,0.2160,0.2160,151200
2003-01-17 11:38:00,0.2160,0.2160,0.2150,0.2160,660800
2003-01-17 11:37:00,0.2160,0.2160,0.2160,0.2160,110320
2003-01-17 11:36:00,0.2160,0.2170,0.2150,0.2160,728000
2003-01-17 11:35:00,0.2160,0.2160,0.2150,0.2160,280000
2003-01-17 11:34:00,0.2160,0.2160,0.2150,0.2160,352800
2003-01-17 11:33:00,0.2160,0.2160,0.2150,0.2160,89600
2003-01-17 11:32:00,0.2160,0.2160,0.2150,0.2160,744800
2003-01-17 11:31:00,0.2160,0.2160,0.2150,0.2160,487200
2003-01-17 11:30:00,0.2160,0.2160,0.2150,0.2160,728000
2003-01-17 11:29:00,0.2160,0.2160,0.2160,0.2160,196000
2003-01-17 11:28:00,0.2160,0.2170,0.2150,0.2160,453600
2003-01-17 11:27:00,0.2160,0.2160,0.2150,0.2160,319200
2003-01-17 11:26:00,0.2160,0.2160,0.2150,0.2160,593600
2003-01-17 11:25:00,0.2160,0.2160,0.2150,0.2160,991200
2003-01-17 11:24:00,0.2160,0.2160,0.2150,0.2160,392000
2003-01-17 11:23:00,0.2160,0.2160,0.2150,0.2160,1080800
2003-01-17 11:22:00,0.2160,0.2170,0.2160,0.2160,302400
2003-01-17 11:21:00,0.2160,0.2160,0.2160,0.2160,386400
2003-01-17 11:20:00,0.2160,0.2170,0.2160,0.2160,504000
2003-01-17 11:19:00,0.2170,0.2170,0.2160,0.2160,588000
2003-01-17 11:18:00,0.2170,0.2170,0.2160,0.2170,716800
2003-01-17 11:17:00,0.2170,0.2170,0.2160,0.2170,834400
2003-01-17 11:16:00,0.2160,0.2170,0.2160,0.2170,529928
2003-01-17 11:15:00,0.2160,0.2170,0.2160,0.2160,220696
2003-01-17 11:14:00,0.2160,0.2170,0.2160,0.2160,828800
2003-01-17 11:13:00,0.2160,0.2170,0.2160,0.2160,280000
2003-01-17 11:12:00,0.2160,0.2170,0.2160,0.2160,33600
2003-01-17 11:11:00,0.2160,0.2170,0.2160,0.2160,78400
2003-01-17 11:10:00,0.2160,0.2160,0.2160,0.2160,162400
2003-01-17 11:09:00,0.2160,0.2170,0.2160,0.2160,285600
2003-01-17 11:08:00,0.2160,0.2170,0.2160,0.2160,347200
2003-01-17 11:07:00,0.2160,0.2170,0.2150,0.2160,834400
2003-01-17 11:06:00,0.2160,0.2160,0.2150,0.2160,369600
2003-01-17 11:05:00,0.2160,0.2160,0.2150,0.2160,1232000
2003-01-17 11:04:00,0.2160,0.2170,0.2160,0.2160,1528800
2003-01-17 11:03:00,0.2160,0.2170,0.2160,0.2160,1422400
2003-01-17 11:02:00,0.2170,0.2170,0.2160,0.2160,1058400
2003-01-17 11:01:00,0.2170,0.2170,0.2160,0.2170,470400
2003-01-17 11:00:00,0.2170,0.2170,0.2160,0.2170,1019200
2003-01-17 10:59:00,0.2170,0.2170,0.2160,0.2170,1080800
2003-01-17 10:58:00,0.2170,0.2170,0.2160,0.2170,319200
2003-01-17 10:57:00,0.2170,0.2170,0.2170,0.2170,112000
2003-01-17 10:56:00,0.2170,0.2180,0.2170,0.2170,207200
2003-01-17 10:55:00,0.2170,0.2180,0.2170,0.2170,492800
2003-01-17 10:54:00,0.2170,0.2180,0.2170,0.2170,196000
2003-01-17 10:53:00,0.2180,0.2180,0.2170,0.2170,285600
2003-01-17 10:52:00,0.2180,0.2180,0.2170,0.2170,588168
2003-01-17 10:51:00,0.2180,0.2180,0.2170,0.2170,274400
2003-01-17 10:50:00,0.2170,0.2180,0.2170,0.2170,504000
2003-01-17 10:49:00,0.2170,0.2170,0.2170,0.2170,106400
2003-01-17 10:48:00,0.2170,0.2170,0.2170,0.2170,364000
2003-01-17 10:47:00,0.2170,0.2170,0.2160,0.2170,912800
2003-01-17 10:46:00,0.2170,0.2170,0.2160,0.2170,302400
2003-01-17 10:45:00,0.2170,0.2170,0.2160,0.2170,588000
2003-01-17 10:44:00,0.2170,0.2170,0.2170,0.2170,828800
2003-01-17 10:43:00,0.2170,0.2170,0.2170,0.2170,638400
2003-01-17 10:42:00,0.2170,0.2180,0.2170,0.2170,906920
2003-01-17 10:41:00,0.2170,0.2180,0.2170,0.2170,362880
2003-01-17 10:40:00,0.2170,0.2170,0.2170,0.2170,420000
2003-01-17 10:39:00,0.2180,0.2180,0.2170,0.2170,1074304
2003-01-17 10:38:00,0.2180,0.2190,0.2170,0.2180,3201856
2003-01-17 10:37:00,0.2180,0.2190,0.2170,0.2170,1775200
2003-01-17 10:36:00,0.2180,0.2190,0.2180,0.2180,935200
2003-01-17 10:35:00,0.2180,0.2190,0.2170,0.2180,1456000
2003-01-17 10:34:00,0.2180,0.2190,0.2170,0.2180,1886976
2003-01-17 10:33:00,0.2170,0.2180,0.2170,0.2170,1075200
2003-01-17 10:32:00,0.2170,0.2180,0.2170,0.2170,342104
2003-01-17 10:30:00,0.2170,0.2180,0.2170,0.2170,662648
2003-01-17 10:29:00,0.2170,0.2170,0.2170,0.2170,28000
2003-01-17 10:28:00,0.2170,0.2180,0.2170,0.2170,421624
2003-01-17 10:27:00,0.2180,0.2180,0.2170,0.2170,689472
2003-01-17 10:26:00,0.2180,0.2180,0.2170,0.2180,353360
2003-01-17 10:25:00,0.2180,0.2190,0.2180,0.2180,235200
2003-01-17 10:24:00,0.2180,0.2190,0.2170,0.2180,621600
2003-01-17 10:23:00,0.2180,0.2180,0.2170,0.2180,145600
2003-01-17 10:22:00,0.2180,0.2180,0.2170,0.2170,448000
2003-01-17 10:21:00,0.2180,0.2180,0.2170,0.2180,680624
2003-01-17 10:20:00,0.2170,0.2180,0.2170,0.2170,487200
2003-01-17 10:19:00,0.2170,0.2180,0.2170,0.2170,1013600
2003-01-17 10:18:00,0.2170,0.2170,0.2170,0.2170,224000
2003-01-17 10:17:00,0.2170,0.2170,0.2160,0.2170,1596000
2003-01-17 10:16:00,0.2170,0.2170,0.2170,0.2170,968800
2003-01-17 10:15:00,0.2170,0.2170,0.2170,0.2170,1598240
2003-01-17 10:14:00,0.2170,0.2170,0.2160,0.2170,604800
2003-01-17 10:13:00,0.2170,0.2180,0.2160,0.2170,1978816
2003-01-17 10:12:00,0.2160,0.2170,0.2160,0.2170,2592800
2003-01-17 10:11:00,0.2170,0.2170,0.2160,0.2160,526400
2003-01-17 10:10:00,0.2170,0.2170,0.2160,0.2170,2424800
2003-01-17 10:09:00,0.2170,0.2170,0.2160,0.2170,761600
2003-01-17 10:08:00,0.2170,0.2170,0.2160,0.2170,683200
2003-01-17 10:07:00,0.2170,0.2170,0.2160,0.2170,1173200
2003-01-17 10:06:00,0.2160,0.2170,0.2160,0.2170,459200
2003-01-17 10:05:00,0.2170,0.2170,0.2160,0.2160,627200
2003-01-17 10:04:00,0.2160,0.2170,0.2160,0.2170,495600
2003-01-17 10:03:00,0.2170,0.2170,0.2160,0.2160,716912
2003-01-17 10:02:00,0.2170,0.2170,0.2160,0.2170,1182832
2003-01-17 10:01:00,0.2160,0.2170,0.2160,0.2160,375200
2003-01-17 10:00:00,0.2160,0.2170,0.2160,0.2160,853160
2003-01-17 09:59:00,0.2160,0.2170,0.2160,0.2160,593600
2003-01-17 09:58:00,0.2160,0.2170,0.2160,0.2160,6333600
2003-01-17 09:57:00,0.2160,0.2170,0.2150,0.2160,2044000
2003-01-17 09:56:00,0.2170,0.2170,0.2160,0.2160,590800
2003-01-17 09:55:00,0.2170,0.2170,0.2160,0.2160,3116120
2003-01-17 09:54:00,0.2170,0.2170,0.2160,0.2170,324800
2003-01-17 09:53:00,0.2170,0.2170,0.2160,0.2170,571816
2003-01-17 09:52:00,0.2170,0.2170,0.2160,0.2170,2257024
2003-01-17 09:51:00,0.2170,0.2170,0.2160,0.2170,3682616
2003-01-17 09:50:00,0.2170,0.2170,0.2160,0.2160,2122400
2003-01-17 09:49:00,0.2170,0.2170,0.2160,0.2170,3497312
2003-01-17 09:48:00,0.2170,0.2180,0.2160,0.2170,929600
2003-01-17 09:47:00,0.2170,0.2170,0.2160,0.2170,546448
2003-01-17 09:46:00,0.2170,0.2180,0.2170,0.2170,957600
2003-01-17 09:45:00,0.2170,0.2170,0.2170,0.2170,616000
2003-01-17 09:44:00,0.2170,0.2170,0.2160,0.2170,806400
2003-01-17 09:43:00,0.2170,0.2170,0.2160,0.2170,896000
2003-01-17 09:42:00,0.2160,0.2170,0.2160,0.2170,1125600
2003-01-17 09:41:00,0.2170,0.2170,0.2160,0.2160,190400
2003-01-17 09:40:00,0.2160,0.2170,0.2160,0.2170,2027200
2003-01-17 09:39:00,0.2170,0.2170,0.2160,0.2160,1556800
2003-01-17 09:38:00,0.2170,0.2170,0.2160,0.2170,1820000
2003-01-17 09:37:00,0.2160,0.2170,0.2160,0.2170,2018240
2003-01-17 09:36:00,0.2160,0.2170,0.2160,0.2160,1307600
2003-01-17 09:35:00,0.2180,0.2190,0.2160,0.2160,1327200
2003-01-17 09:34:00,0.2190,0.2190,0.2170,0.2180,2295776
2003-01-17 09:33:00,0.2190,0.2210,0.2180,0.2180,1092000
2003-01-17 09:32:00,0.2200,0.2200,0.2180,0.2190,1321600
2003-01-17 09:31:00,0.2190,0.2210,0.2190,0.2190,5281360
2003-01-17 09:30:00,0.2210,0.2210,0.2190,0.2200,2720592
2003-01-17 09:29:00,0.2200,0.2210,0.2200,0.2210,532000
2003-01-17 09:27:00,0.2210,0.2210,0.2200,0.2210,22400
2003-01-17 09:26:00,0.2210,0.2210,0.2200,0.2210,56000
2003-01-17 09:25:00,0.2210,0.2210,0.2200,0.2210,168000
2003-01-17 09:24:00,0.2210,0.2210,0.2200,0.2210,72800
2003-01-17 09:23:00,0.2210,0.2210,0.2200,0.2210,190400
2003-01-17 09:20:00,0.2200,0.2200,0.2200,0.2200,56000
2003-01-17 09:18:00,0.2210,0.2210,0.2200,0.2210,95200
2003-01-17 09:15:00,0.2200,0.2200,0.2200,0.2200,28000
2003-01-17 09:00:00,0.2200,0.2210,0.2200,0.2200,5600
2003-01-17 08:45:00,0.2200,0.2200,0.2190,0.2200,280000
2003-01-17 08:23:00,0.2210,0.2210,0.2210,0.2210,11200
2003-01-17 08:22:00,0.2200,0.2200,0.2200,0.2200,11200
2003-01-17 08:21:00,0.2200,0.2200,0.2200,0.2200,5600
2003-01-17 08:20:00,0.2200,0.2200,0.2200,0.2200,16800
2003-01-17 08:07:00,0.2210,0.2210,0.2200,0.2210,16800
2003-01-17 08:01:00,0.2190,0.2190,0.2180,0.2190,28000
2003-01-16 18:00:00,0.2200,0.2200,0.2190,0.2200,145600
2003-01-16 17:59:00,0.2210,0.2210,0.2200,0.2200,252000
2003-01-16 17:42:00,0.2220,0.2220,0.2210,0.2220,89600
2003-01-16 17:40:00,0.2220,0.2220,0.2210,0.2220,151200
2003-01-16 17:38:00,0.2210,0.2220,0.2210,0.2210,11200
2003-01-16 17:37:00,0.2210,0.2210,0.2210,0.2210,140000
2003-01-16 17:36:00,0.2200,0.2210,0.2200,0.2210,117600
2003-01-16 17:34:00,0.2210,0.2210,0.2210,0.2210,33600
2003-01-16 17:32:00,0.2210,0.2220,0.2210,0.2210,56000
2003-01-16 17:25:00,0.2220,0.2220,0.2210,0.2220,5600
2003-01-16 17:24:00,0.2210,0.2220,0.2210,0.2210,5600
2003-01-16 17:23:00,0.2210,0.2220,0.2210,0.2210,280000
2003-01-16 17:21:00,0.2210,0.2220,0.2210,0.2210,11200
2003-01-16 17:19:00,0.2210,0.2210,0.2200,0.2210,95200
2003-01-16 17:17:00,0.2210,0.2210,0.2200,0.2210,106400
2003-01-16 17:12:00,0.2210,0.2220,0.2200,0.2210,252000
2003-01-16 17:07:00,0.2210,0.2210,0.2200,0.2210,39200
2003-01-16 17:06:00,0.2210,0.2210,0.2200,0.2210,16800
2003-01-16 17:05:00,0.2200,0.2210,0.2190,0.2210,270088
2003-01-16 17:03:00,0.2210,0.2210,0.2210,0.2210,5600
2003-01-16 17:02:00,0.2200,0.2200,0.2190,0.2200,106400
2003-01-16 16:59:00,0.2200,0.2200,0.2190,0.2200,28000
2003-01-16 16:54:00,0.2210,0.2210,0.2190,0.2200,49112
2003-01-16 16:44:00,0.2210,0.2210,0.2200,0.2210,6888
2003-01-16 16:11:00,0.2210,0.2220,0.2200,0.2210,11200
2003-01-16 16:10:00,0.2220,0.2220,0.2200,0.2210,207200
2003-01-16 16:09:00,0.2220,0.2220,0.2210,0.2220,1792000
2003-01-16 16:08:00,0.2210,0.2210,0.2200,0.2210,11200
2003-01-16 16:07:00,0.2220,0.2220,0.2210,0.2220,179200
2003-01-16 16:06:00,0.2210,0.2210,0.2200,0.2210,5600
2003-01-16 16:05:00,0.2220,0.2220,0.2210,0.2220,268800
2003-01-16 16:04:00,0.2220,0.2220,0.2210,0.2220,56000
2003-01-16 16:01:00,0.2210,0.2220,0.2200,0.2210,308000
2003-01-16 16:00:00,0.2210,0.2220,0.2210,0.2220,6104000
2003-01-16 15:59:00,0.2220,0.2220,0.2210,0.2210,5320000
2003-01-16 15:58:00,0.2220,0.2220,0.2210,0.2210,3858400
2003-01-16 15:57:00,0.2220,0.2220,0.2210,0.2220,985600
2003-01-16 15:56:00,0.2220,0.2220,0.2210,0.2220,576800
2003-01-16 15:55:00,0.2220,0.2220,0.2210,0.2220,796992
2003-01-16 15:54:00,0.2220,0.2220,0.2210,0.2220,795200
2003-01-16 15:53:00,0.2220,0.2220,0.2210,0.2220,308000
2003-01-16 15:52:00,0.2220,0.2220,0.2210,0.2220,588000
2003-01-16 15:51:00,0.2220,0.2220,0.2220,0.2220,1092000
2003-01-16 15:50:00,0.2210,0.2220,0.2210,0.2220,1890784
2003-01-16 15:49:00,0.2210,0.2220,0.2210,0.2210,229600
2003-01-16 15:48:00,0.2220,0.2220,0.2210,0.2210,1360800
2003-01-16 15:47:00,0.2210,0.2220,0.2210,0.2220,2959712
2003-01-16 15:46:00,0.2210,0.2220,0.2210,0.2210,1590400
2003-01-16 15:45:00,0.2220,0.2220,0.2210,0.2210,2332960
2003-01-16 15:44:00,0.2220,0.2220,0.2210,0.2220,1142400
2003-01-16 15:43:00,0.2220,0.2230,0.2210,0.2220,784448
2003-01-16 15:42:00,0.2230,0.2230,0.2220,0.2220,2060800
2003-01-16 15:41:00,0.2230,0.2230,0.2220,0.2230,3082800
2003-01-16 15:40:00,0.2220,0.2230,0.2220,0.2220,2284800
2003-01-16 15:39:00,0.2220,0.2230,0.2220,0.2220,1523200
2003-01-16 15:38:00,0.2220,0.2220,0.2220,0.2220,1159200
2003-01-16 15:37:00,0.2220,0.2220,0.2220,0.2220,2277688
2003-01-16 15:36:00,0.2220,0.2220,0.2220,0.2220,1069600
2003-01-16 15:35:00,0.2220,0.2230,0.2210,0.2220,1516088
2003-01-16 15:34:00,0.2220,0.2220,0.2220,0.2220,700000
2003-01-16 15:33:00,0.2220,0.2220,0.2210,0.2220,240800
2003-01-16 15:32:00,0.2220,0.2220,0.2210,0.2220,683200
2003-01-16 15:31:00,0.2220,0.2220,0.2210,0.2220,347200
2003-01-16 15:30:00,0.2220,0.2220,0.2210,0.2220,795200
2003-01-16 15:29:00,0.2220,0.2220,0.2210,0.2220,352800
2003-01-16 15:28:00,0.2220,0.2220,0.2210,0.2220,145600
2003-01-16 15:27:00,0.2210,0.2220,0.2210,0.2220,369600
2003-01-16 15:26:00,0.2210,0.2220,0.2210,0.2220,677600
2003-01-16 15:25:00,0.2210,0.2220,0.2210,0.2210,1338400
2003-01-16 15:24:00,0.2210,0.2220,0.2210,0.2210,1814400
2003-01-16 15:23:00,0.2210,0.2220,0.2210,0.2210,627816
2003-01-16 15:22:00,0.2210,0.2220,0.2210,0.2220,1668800
2003-01-16 15:21:00,0.2210,0.2220,0.2210,0.2210,1047200
2003-01-16 15:20:00,0.2210,0.2220,0.2210,0.2210,526400
2003-01-16 15:19:00,0.2210,0.2220,0.2210,0.2210,453600
2003-01-16 15:18:00,0.2210,0.2220,0.2210,0.2210,884800
2003-01-16 15:17:00,0.2210,0.2220,0.2210,0.2220,677600
2003-01-16 15:16:00,0.2210,0.2220,0.2210,0.2210,705600
2003-01-16 15:15:00,0.2210,0.2220,0.2210,0.2210,97608
2003-01-16 15:14:00,0.2220,0.2220,0.2210,0.2210,1685600
2003-01-16 15:13:00,0.2220,0.2220,0.2210,0.2220,1455440
2003-01-16 15:12:00,0.2220,0.2220,0.2220,0.2220,632800
2003-01-16 15:11:00,0.2220,0.2220,0.2220,0.2220,886480
2003-01-16 15:10:00,0.2220,0.2220,0.2220,0.2220,324800
2003-01-16 15:09:00,0.2220,0.2220,0.2220,0.2220,487200
2003-01-16 15:08:00,0.2220,0.2230,0.2220,0.2220,95200
2003-01-16 15:07:00,0.2220,0.2230,0.2220,0.2220,173600
2003-01-16 15:06:00,0.2220,0.2220,0.2220,0.2220,571200
2003-01-16 15:05:00,0.2220,0.2220,0.2220,0.2220,336000
2003-01-16 15:04:00,0.2210,0.2220,0.2210,0.2220,795200
2003-01-16 15:03:00,0.2210,0.2220,0.2210,0.2210,1023904
2003-01-16 15:02:00,0.2220,0.2220,0.2210,0.2210,1713600
2003-01-16 15:01:00,0.2220,0.2220,0.2210,0.2210,2391200
2003-01-16 15:00:00,0.2220,0.2230,0.2220,0.2220,767760
2003-01-16 14:59:00,0.2220,0.2230,0.2220,0.2220,296800
2003-01-16 14:58:00,0.2220,0.2230,0.2220,0.2220,851200
2003-01-16 14:57:00,0.2220,0.2220,0.2220,0.2220,464800
2003-01-16 14:56:00,0.2220,0.2220,0.2220,0.2220,1064000
2003-01-16 14:55:00,0.2220,0.2220,0.2220,0.2220,84000
2003-01-16 14:54:00,0.2220,0.2220,0.2210,0.2220,72800
2003-01-16 14:53:00,0.2220,0.2220,0.2210,0.2220,526400
2003-01-16 14:52:00,0.2220,0.2220,0.2220,0.2220,245224
2003-01-16 14:51:00,0.2220,0.2220,0.2210,0.2220,179200
2003-01-16 14:50:00,0.2220,0.2220,0.2210,0.2220,2116800
2003-01-16 14:49:00,0.2220,0.2220,0.2210,0.2220,431200
2003-01-16 14:48:00,0.2210,0.2220,0.2210,0.2220,3376800
2003-01-16 14:47:00,0.2210,0.2220,0.2210,0.2210,597184
2003-01-16 14:46:00,0.2210,0.2220,0.2210,0.2210,1937600
2003-01-16 14:45:00,0.2210,0.2220,0.2210,0.2210,4256000
2003-01-16 14:44:00,0.2220,0.2220,0.2210,0.2210,3763200
2003-01-16 14:43:00,0.2220,0.2220,0.2210,0.2220,280000
2003-01-16 14:42:00,0.2220,0.2220,0.2210,0.2220,623616
2003-01-16 14:41:00,0.2220,0.2220,0.2220,0.2220,365680
2003-01-16 14:40:00,0.2230,0.2230,0.2220,0.2220,332080
2003-01-16 14:39:00,0.2230,0.2230,0.2220,0.2220,229600
2003-01-16 14:38:00,0.2230,0.2230,0.2220,0.2220,89600
2003-01-16 14:37:00,0.2230,0.2230,0.2220,0.2230,369600
2003-01-16 14:36:00,0.2230,0.2230,0.2220,0.2230,380800
2003-01-16 14:35:00,0.2230,0.2230,0.2220,0.2230,823200
2003-01-16 14:34:00,0.2230,0.2230,0.2220,0.2230,117600
2003-01-16 14:33:00,0.2230,0.2230,0.2220,0.2220,442400
2003-01-16 14:32:00,0.2230,0.2230,0.2220,0.2220,1193528
2003-01-16 14:31:00,0.2230,0.2230,0.2220,0.2220,851200
2003-01-16 14:30:00,0.2220,0.2230,0.2220,0.2220,313600
2003-01-16 14:29:00,0.2230,0.2230,0.2220,0.2220,252000
2003-01-16 14:28:00,0.2220,0.2230,0.2220,0.2220,196000
2003-01-16 14:27:00,0.2220,0.2230,0.2220,0.2220,235200
2003-01-16 14:26:00,0.2230,0.2230,0.2220,0.2220,1058400
2003-01-16 14:25:00,0.2230,0.2230,0.2220,0.2220,450016
2003-01-16 14:24:00,0.2230,0.2230,0.2220,0.2230,374472
2003-01-16 14:23:00,0.2230,0.2230,0.2220,0.2230,391328
2003-01-16 14:22:00,0.2230,0.2230,0.2220,0.2220,728000
2003-01-16 14:21:00,0.2230,0.2230,0.2220,0.2220,1444800
2003-01-16 14:20:00,0.2220,0.2230,0.2220,0.2220,492800
2003-01-16 14:19:00,0.2220,0.2230,0.2220,0.2220,532000
2003-01-16 14:18:00,0.2220,0.2220,0.2220,0.2220,107072
2003-01-16 14:17:00,0.2220,0.2230,0.2220,0.2220,470400
2003-01-16 14:16:00,0.2220,0.2220,0.2220,0.2220,218400
2003-01-16 14:15:00,0.2220,0.2220,0.2220,0.2220,240800
2003-01-16 14:14:00,0.2220,0.2220,0.2220,0.2220,666400
2003-01-16 14:13:00,0.2220,0.2220,0.2220,0.2220,145600
2003-01-16 14:12:00,0.2220,0.2220,0.2210,0.2220,187600
2003-01-16 14:11:00,0.2220,0.2220,0.2210,0.2220,207200
2003-01-16 14:10:00,0.2220,0.2220,0.2210,0.2220,868000
2003-01-16 14:09:00,0.2220,0.2220,0.2210,0.2220,370440
2003-01-16 14:08:00,0.2220,0.2220,0.2210,0.2220,95200
2003-01-16 14:07:00,0.2220,0.2220,0.2210,0.2220,313600
2003-01-16 14:06:00,0.2220,0.2220,0.2210,0.2220,84000
2003-01-16 14:05:00,0.2220,0.2220,0.2220,0.2220,212800
2003-01-16 14:04:00,0.2220,0.2220,0.2210,0.2220,1624000
2003-01-16 14:03:00,0.2220,0.2220,0.2210,0.2220,968800
2003-01-16 14:02:00,0.2220,0.2220,0.2210,0.2220,916552
2003-01-16 14:01:00,0.2230,0.2230,0.2220,0.2220,2329600
2003-01-16 14:00:00,0.2230,0.2230,0.2220,0.2220,1457680
2003-01-16 13:59:00,0.2220,0.2230,0.2220,0.2220,795200
2003-01-16 13:58:00,0.2220,0.2230,0.2220,0.2220,240800
2003-01-16 13:57:00,0.2220,0.2230,0.2220,0.2220,2200800
2003-01-16 13:56:00,0.2220,0.2230,0.2220,0.2220,666400
2003-01-16 13:55:00,0.2220,0.2230,0.2220,0.2220,935200
2003-01-16 13:54:00,0.2220,0.2230,0.2220,0.2220,2973600
2003-01-16 13:53:00,0.2220,0.2220,0.2210,0.2220,1624000
2003-01-16 13:52:00,0.2220,0.2220,0.2210,0.2220,2642304
2003-01-16 13:51:00,0.2220,0.2220,0.2210,0.2220,128800
2003-01-16 13:50:00,0.2220,0.2220,0.2210,0.2220,413504
2003-01-16 13:49:00,0.2210,0.2220,0.2210,0.2220,72800
2003-01-16 13:48:00,0.2220,0.2220,0.2210,0.2210,498400
2003-01-16 13:47:00,0.2210,0.2220,0.2210,0.2220,1103200
2003-01-16 13:46:00,0.2210,0.2220,0.2210,0.2210,930328
2003-01-16 13:45:00,0.2210,0.2220,0.2210,0.2210,455728
2003-01-16 13:44:00,0.2210,0.2220,0.2210,0.2210,240800
2003-01-16 13:43:00,0.2210,0.2220,0.2210,0.2210,1349600
2003-01-16 13:42:00,0.2210,0.2220,0.2210,0.2210,436800
2003-01-16 13:41:00,0.2210,0.2220,0.2210,0.2210,23800
2003-01-16 13:40:00,0.2210,0.2220,0.2210,0.2210,56000
2003-01-16 13:39:00,0.2220,0.2220,0.2210,0.2210,1246000
2003-01-16 13:38:00,0.2220,0.2220,0.2210,0.2210,235200
2003-01-16 13:37:00,0.2210,0.2220,0.2210,0.2220,691600
2003-01-16 13:36:00,0.2210,0.2220,0.2210,0.2210,95200
2003-01-16 13:35:00,0.2210,0.2220,0.2200,0.2210,803768
2003-01-16 13:34:00,0.2210,0.2220,0.2200,0.2210,1646400
2003-01-16 13:33:00,0.2210,0.2220,0.2210,0.2210,339920
2003-01-16 13:32:00,0.2210,0.2220,0.2210,0.2210,257600
2003-01-16 13:31:00,0.2210,0.2220,0.2210,0.2210,117600
2003-01-16 13:30:00,0.2210,0.2220,0.2210,0.2210,851200
2003-01-16 13:29:00,0.2210,0.2220,0.2210,0.2210,879200
2003-01-16 13:28:00,0.2210,0.2220,0.2210,0.2210,856800
2003-01-16 13:27:00,0.2210,0.2220,0.2200,0.2210,2136008
2003-01-16 13:26:00,0.2210,0.2210,0.2200,0.2210,16800
2003-01-16 13:25:00,0.2210,0.2210,0.2200,0.2210,1187200
2003-01-16 13:24:00,0.2210,0.2210,0.2200,0.2210,246400
2003-01-16 13:23:00,0.2210,0.2210,0.2200,0.2210,151200
2003-01-16 13:22:00,0.2210,0.2210,0.2200,0.2210,1800792
2003-01-16 13:21:00,0.2210,0.2210,0.2210,0.2210,302400
2003-01-16 13:20:00,0.2210,0.2220,0.2200,0.2210,702072
2003-01-16 13:19:00,0.2210,0.2210,0.2200,0.2210,296800
2003-01-16 13:18:00,0.2210,0.2210,0.2200,0.2210,1450400
2003-01-16 13:17:00,0.2210,0.2210,0.2200,0.2210,705600
2003-01-16 13:16:00,0.2210,0.2210,0.2200,0.2210,414400
2003-01-16 13:15:00,0.2210,0.2210,0.2200,0.2210,1926400
2003-01-16 13:14:00,0.2210,0.2210,0.2200,0.2210,336000
2003-01-16 13:13:00,0.2210,0.2210,0.2200,0.2210,1064000
2003-01-16 13:12:00,0.2210,0.2210,0.2200,0.2210,218400
2003-01-16 13:11:00,0.2210,0.2210,0.2200,0.2210,2441600
2003-01-16 13:10:00,0.2210,0.2210,0.2200,0.2210,1293600
2003-01-16 13:09:00,0.2210,0.2220,0.2210,0.2210,291200
2003-01-16 13:08:00,0.2210,0.2220,0.2210,0.2210,565600
2003-01-16 13:07:00,0.2210,0.2220,0.2210,0.2210,593600
2003-01-16 13:06:00,0.2210,0.2220,0.2210,0.2210,761600
2003-01-16 13:05:00,0.2210,0.2220,0.2210,0.2210,638400
2003-01-16 13:04:00,0.2210,0.2220,0.2210,0.2210,616000
2003-01-16 13:03:00,0.2210,0.2220,0.2210,0.2210,1546608
2003-01-16 13:02:00,0.2210,0.2220,0.2210,0.2210,2691416
2003-01-16 13:01:00,0.2210,0.2220,0.2210,0.2210,2083200
2003-01-16 13:00:00,0.2210,0.2210,0.2200,0.2210,2340800
2003-01-16 12:59:00,0.2210,0.2210,0.2210,0.2210,761600
2003-01-16 12:58:00,0.2210,0.2210,0.2210,0.2210,761600
2003-01-16 12:57:00,0.2210,0.2210,0.2210,0.2210,487200
2003-01-16 12:56:00,0.2210,0.2210,0.2210,0.2210,504000
2003-01-16 12:55:00,0.2210,0.2210,0.2210,0.2210,5600
2003-01-16 12:54:00,0.2210,0.2210,0.2210,0.2210,349664
2003-01-16 12:53:00,0.2210,0.2210,0.2210,0.2210,61600
2003-01-16 12:52:00,0.2210,0.2210,0.2210,0.2210,397600
2003-01-16 12:51:00,0.2210,0.2210,0.2210,0.2210,246400
2003-01-16 12:50:00,0.2210,0.2220,0.2210,0.2210,244832
2003-01-16 12:48:00,0.2210,0.2210,0.2210,0.2210,280000
2003-01-16 12:47:00,0.2210,0.2220,0.2210,0.2210,683200
2003-01-16 12:46:00,0.2210,0.2220,0.2210,0.2210,1799784
2003-01-16 12:45:00,0.2210,0.2220,0.2210,0.2210,165648
2003-01-16 12:44:00,0.2210,0.2220,0.2210,0.2210,425600
2003-01-16 12:43:00,0.2210,0.2220,0.2210,0.2210,11200
2003-01-16 12:42:00,0.2210,0.2220,0.2210,0.2210,302400
2003-01-16 12:41:00,0.2210,0.2220,0.2210,0.2210,33600
2003-01-16 12:40:00,0.2210,0.2220,0.2210,0.2210,22400
2003-01-16 12:39:00,0.2210,0.2220,0.2210,0.2210,851200
2003-01-16 12:38:00,0.2210,0.2220,0.2210,0.2210,379456
2003-01-16 12:37:00,0.2210,0.2220,0.2210,0.2210,313600
2003-01-16 12:36:00,0.2210,0.2220,0.2210,0.2210,151200
2003-01-16 12:35:00,0.2210,0.2220,0.2210,0.2210,56000
2003-01-16 12:34:00,0.2220,0.2220,0.2210,0.2210,840000
2003-01-16 12:33:00,0.2210,0.2220,0.2210,0.2220,273560
2003-01-16 12:32:00,0.2210,0.2220,0.2210,0.2210,476000
2003-01-16 12:31:00,0.2210,0.2220,0.2210,0.2210,11200
2003-01-16 12:30:00,0.2210,0.2220,0.2210,0.2210,218400
2003-01-16 12:29:00,0.2210,0.2220,0.2210,0.2210,1166144
2003-01-16 12:28:00,0.2210,0.2220,0.2210,0.2210,105336
2003-01-16 12:27:00,0.2210,0.2220,0.2210,0.2210,95200
2003-01-16 12:26:00,0.2210,0.2220,0.2210,0.2210,297080
2003-01-16 12:25:00,0.2210,0.2220,0.2210,0.2210,442400
2003-01-16 12:24:00,0.2210,0.2220,0.2210,0.2210,314552
2003-01-16 12:23:00,0.2210,0.2220,0.2210,0.2210,772800
2003-01-16 12:22:00,0.2210,0.2210,0.2210,0.2210,196000
2003-01-16 12:21:00,0.2220,0.2220,0.2210,0.2210,224000
2003-01-16 12:20:00,0.2210,0.2220,0.2210,0.2220,897176
2003-01-16 12:19:00,0.2210,0.2220,0.2210,0.2210,1265600
2003-01-16 12:18:00,0.2210,0.2220,0.2210,0.2210,190400
2003-01-16 12:17:00,0.2210,0.2220,0.2210,0.2210,190400
2003-01-16 12:16:00,0.2210,0.2220,0.2210,0.2220,33600
2003-01-16 12:15:00,0.2220,0.2220,0.2210,0.2210,459200
2003-01-16 12:14:00,0.2220,0.2220,0.2210,0.2220,145600
2003-01-16 12:13:00,0.2220,0.2220,0.2210,0.2220,452200
2003-01-16 12:12:00,0.2220,0.2220,0.2210,0.2220,274400
2003-01-16 12:11:00,0.2220,0.2220,0.2210,0.2220,84000
2003-01-16 12:10:00,0.2220,0.2220,0.2210,0.2220,221592
2003-01-16 12:09:00,0.2210,0.2220,0.2210,0.2210,358400
2003-01-16 12:08:00,0.2210,0.2210,0.2210,0.2210,772800
2003-01-16 12:07:00,0.2210,0.2220,0.2200,0.2210,1172304
2003-01-16 12:06:00,0.2210,0.2220,0.2210,0.2210,524048
2003-01-16 12:05:00,0.2210,0.2220,0.2210,0.2210,413616
2003-01-16 12:04:00,0.2210,0.2220,0.2200,0.2210,1226400
2003-01-16 12:03:00,0.2210,0.2220,0.2200,0.2210,1474704
2003-01-16 12:02:00,0.2210,0.2220,0.2200,0.2210,1837248
2003-01-16 12:01:00,0.2210,0.2220,0.2200,0.2210,2606464
2003-01-16 12:00:00,0.2210,0.2220,0.2210,0.2210,2069480
2003-01-16 11:59:00,0.2220,0.2220,0.2210,0.2210,1198400
2003-01-16 11:58:00,0.2210,0.2220,0.2210,0.2220,207200
2003-01-16 11:57:00,0.2210,0.2220,0.2210,0.2210,1906072
2003-01-16 11:56:00,0.2210,0.2210,0.2210,0.2210,660800
2003-01-16 11:55:00,0.2210,0.2210,0.2210,0.2210,290360
2003-01-16 11:54:00,0.2210,0.2210,0.2200,0.2210,337848
2003-01-16 11:53:00,0.2210,0.2210,0.2200,0.2210,509600
2003-01-16 11:52:00,0.2210,0.2220,0.2200,0.2210,1579928
2003-01-16 11:51:00,0.2210,0.2210,0.2210,0.2210,800520
2003-01-16 11:50:00,0.2210,0.2220,0.2200,0.2210,1220800
2003-01-16 11:49:00,0.2210,0.2210,0.2200,0.2210,207200
2003-01-16 11:48:00,0.2210,0.2210,0.2210,0.2210,1400000
2003-01-16 11:47:00,0.2210,0.2210,0.2210,0.2210,145600
2003-01-16 11:46:00,0.2210,0.2220,0.2210,0.2210,823200
2003-01-16 11:45:00,0.2210,0.2220,0.2210,0.2210,1153600
2003-01-16 11:44:00,0.2210,0.2220,0.2210,0.2210,548800
2003-01-16 11:43:00,0.2210,0.2220,0.2210,0.2210,168000
2003-01-16 11:42:00,0.2210,0.2220,0.2210,0.2210,961128
2003-01-16 11:41:00,0.2210,0.2220,0.2210,0.2210,425600
2003-01-16 11:40:00,0.2210,0.2210,0.2200,0.2210,515200
2003-01-16 11:39:00,0.2210,0.2210,0.2200,0.2210,168000
2003-01-16 11:38:00,0.2210,0.2210,0.2200,0.2210,856800
2003-01-16 11:37:00,0.2210,0.2210,0.2200,0.2210,655200
2003-01-16 11:36:00,0.2210,0.2210,0.2200,0.2210,235200
2003-01-16 11:35:00,0.2210,0.2210,0.2200,0.2210,2220008
2003-01-16 11:34:00,0.2210,0.2210,0.2200,0.2210,1338400
2003-01-16 11:33:00,0.2210,0.2210,0.2200,0.2210,464800
2003-01-16 11:32:00,0.2210,0.2210,0.2200,0.2210,997920
2003-01-16 11:31:00,0.2210,0.2210,0.2200,0.2210,963200
2003-01-16 11:30:00,0.2210,0.2210,0.2200,0.2210,1814400
2003-01-16 11:29:00,0.2200,0.2210,0.2200,0.2210,212800
2003-01-16 11:28:00,0.2200,0.2210,0.2200,0.2210,140000
2003-01-16 11:27:00,0.2210,0.2210,0.2200,0.2200,2396800
2003-01-16 11:26:00,0.2210,0.2210,0.2200,0.2210,89600
2003-01-16 11:25:00,0.2210,0.2210,0.2200,0.2210,862400
2003-01-16 11:24:00,0.2200,0.2210,0.2200,0.2210,1996904
2003-01-16 11:23:00,0.2200,0.2210,0.2200,0.2200,1887200
2003-01-16 11:22:00,0.2210,0.2210,0.2200,0.2200,459200
2003-01-16 11:21:00,0.2210,0.2210,0.2200,0.2200,78400
2003-01-16 11:20:00,0.2200,0.2210,0.2200,0.2210,1071000
2003-01-16 11:19:00,0.2200,0.2210,0.2190,0.2200,1820000
2003-01-16 11:18:00,0.2200,0.2210,0.2190,0.2200,1697920
2003-01-16 11:17:00,0.2200,0.2200,0.2190,0.2200,599200
2003-01-16 11:16:00,0.2200,0.2200,0.2190,0.2200,1853600
2003-01-16 11:15:00,0.2200,0.2200,0.2190,0.2200,235200
2003-01-16 11:14:00,0.2200,0.2200,0.2190,0.2200,887600
2003-01-16 11:13:00,0.2200,0.2200,0.2190,0.2200,3893904
2003-01-16 11:12:00,0.2200,0.2200,0.2190,0.2200,140000
2003-01-16 11:11:00,0.2200,0.2200,0.2190,0.2200,1080800
2003-01-16 11:10:00,0.2200,0.2200,0.2190,0.2200,6294400
2003-01-16 11:09:00,0.2190,0.2200,0.2190,0.2190,974400
2003-01-16 11:08:00,0.2200,0.2200,0.2190,0.2190,532000
2003-01-16 11:07:00,0.2200,0.2200,0.2190,0.2190,2279200
2003-01-16 11:06:00,0.2190,0.2200,0.2190,0.2200,1243200
2003-01-16 11:05:00,0.2200,0.2200,0.2190,0.2190,915656
2003-01-16 11:04:00,0.2190,0.2200,0.2190,0.2190,2940000
2003-01-16 11:03:00,0.2200,0.2200,0.2190,0.2190,912520
2003-01-16 11:02:00,0.2200,0.2200,0.2190,0.2190,2670584
2003-01-16 11:01:00,0.2200,0.2200,0.2190,0.2190,1416800
2003-01-16 11:00:00,0.2200,0.2200,0.2190,0.2200,901600
2003-01-16 10:59:00,0.2200,0.2200,0.2190,0.2200,128800
2003-01-16 10:58:00,0.2200,0.2200,0.2190,0.2190,4099368
2003-01-16 10:57:00,0.2200,0.2200,0.2190,0.2190,453600
2003-01-16 10:56:00,0.2190,0.2200,0.2190,0.2200,431200
2003-01-16 10:55:00,0.2190,0.2200,0.2190,0.2190,705600
2003-01-16 10:54:00,0.2190,0.2200,0.2190,0.2190,1397088
2003-01-16 10:53:00,0.2190,0.2200,0.2190,0.2190,1523200
2003-01-16 10:52:00,0.2190,0.2200,0.2190,0.2190,1506624
2003-01-16 10:51:00,0.2190,0.2190,0.2190,0.2190,974400
2003-01-16 10:50:00,0.2200,0.2200,0.2190,0.2190,677600
2003-01-16 10:49:00,0.2190,0.2200,0.2190,0.2190,705600
2003-01-16 10:48:00,0.2190,0.2200,0.2190,0.2190,240800
2003-01-16 10:47:00,0.2200,0.2200,0.2190,0.2190,728000
2003-01-16 10:46:00,0.2200,0.2200,0.2190,0.2200,448000
2003-01-16 10:45:00,0.2200,0.2200,0.2190,0.2200,767200
2003-01-16 10:44:00,0.2200,0.2200,0.2190,0.2200,2080456
2003-01-16 10:43:00,0.2200,0.2200,0.2190,0.2200,3600800
2003-01-16 10:42:00,0.2200,0.2200,0.2190,0.2200,2357600
2003-01-16 10:41:00,0.2200,0.2200,0.2190,0.2200,2808064
2003-01-16 10:40:00,0.2200,0.2200,0.2190,0.2200,3251136
2003-01-16 10:39:00,0.2210,0.2210,0.2190,0.2200,2156000
2003-01-16 10:38:00,0.2210,0.2210,0.2200,0.2210,705600
2003-01-16 10:37:00,0.2210,0.2210,0.2200,0.2210,972944
2003-01-16 10:36:00,0.2200,0.2210,0.2190,0.2210,4177600
2003-01-16 10:35:00,0.2200,0.2200,0.2190,0.2200,1951824
2003-01-16 10:34:00,0.2190,0.2200,0.2190,0.2190,3567200
2003-01-16 10:33:00,0.2180,0.2190,0.2180,0.2190,6977600
2003-01-16 10:32:00,0.2180,0.2190,0.2180,0.2180,1059688
2003-01-16 10:31:00,0.2180,0.2190,0.2170,0.2180,1459248
2003-01-16 10:30:00,0.2180,0.2180,0.2170,0.2180,1407280
2003-01-16 10:29:00,0.2180,0.2180,0.2170,0.2180,1316000
2003-01-16 10:28:00,0.2180,0.2180,0.2170,0.2180,991200
2003-01-16 10:27:00,0.2180,0.2180,0.2170,0.2170,817600
2003-01-16 10:26:00,0.2180,0.2180,0.2170,0.2170,1221920
2003-01-16 10:25:00,0.2180,0.2190,0.2170,0.2180,1495200
2003-01-16 10:24:00,0.2180,0.2180,0.2170,0.2180,1176000
2003-01-16 10:23:00,0.2180,0.2180,0.2170,0.2180,2525600
2003-01-16 10:22:00,0.2180,0.2190,0.2180,0.2180,616000
2003-01-16 10:21:00,0.2190,0.2190,0.2180,0.2180,1618400
2003-01-16 10:20:00,0.2190,0.2190,0.2180,0.2180,812000
2003-01-16 10:19:00,0.2190,0.2190,0.2180,0.2190,2178400
2003-01-16 10:18:00,0.2190,0.2190,0.2180,0.2190,963200
2003-01-16 10:17:00,0.2190,0.2190,0.2180,0.2190,1192800
2003-01-16 10:16:00,0.2180,0.2190,0.2180,0.2190,1889664
2003-01-16 10:15:00,0.2180,0.2190,0.2170,0.2180,812000
2003-01-16 10:14:00,0.2180,0.2180,0.2170,0.2180,1825432
2003-01-16 10:13:00,0.2180,0.2180,0.2170,0.2180,1937600
2003-01-16 10:12:00,0.2190,0.2190,0.2170,0.2180,2267104
2003-01-16 10:11:00,0.2190,0.2190,0.2180,0.2190,352800
2003-01-16 10:10:00,0.2190,0.2190,0.2180,0.2190,1971200
2003-01-16 10:09:00,0.2190,0.2200,0.2180,0.2190,3572744
2003-01-16 10:08:00,0.2190,0.2190,0.2180,0.2190,2229080
2003-01-16 10:07:00,0.2190,0.2190,0.2180,0.2190,4762128
2003-01-16 10:06:00,0.2200,0.2200,0.2180,0.2190,3128272
2003-01-16 10:05:00,0.2210,0.2210,0.2200,0.2200,1629600
2003-01-16 10:04:00,0.2200,0.2210,0.2190,0.2210,5051200
2003-01-16 10:03:00,0.2210,0.2220,0.2190,0.2200,4233600
2003-01-16 10:02:00,0.2210,0.2220,0.2210,0.2210,1159200
2003-01-16 10:01:00,0.2220,0.2230,0.2210,0.2210,3132136
2003-01-16 10:00:00,0.2210,0.2230,0.2210,0.2220,2672320
2003-01-16 09:59:00,0.2210,0.2220,0.2200,0.2210,1082144
2003-01-16 09:58:00,0.2210,0.2220,0.2200,0.2210,1209992
2003-01-16 09:57:00,0.2210,0.2220,0.2210,0.2220,3041584
2003-01-16 09:56:00,0.2210,0.2220,0.2200,0.2210,2937256
2003-01-16 09:55:00,0.2220,0.2230,0.2210,0.2210,2413600
2003-01-16 09:54:00,0.2220,0.2240,0.2220,0.2220,4468800
2003-01-16 09:53:00,0.2220,0.2230,0.2220,0.2220,1724800
2003-01-16 09:52:00,0.2210,0.2220,0.2200,0.2220,3847536
2003-01-16 09:51:00,0.2200,0.2220,0.2190,0.2210,6796608
2003-01-16 09:50:00,0.2200,0.2210,0.2190,0.2200,3484320
2003-01-16 09:49:00,0.2180,0.2200,0.2170,0.2200,5925584
2003-01-16 09:48:00,0.2180,0.2190,0.2160,0.2180,15233904
2003-01-16 09:47:00,0.2170,0.2190,0.2170,0.2180,3188864
2003-01-16 09:46:00,0.2160,0.2180,0.2160,0.2170,1792000
2003-01-16 09:45:00,0.2170,0.2170,0.2160,0.2160,1875944
2003-01-16 09:44:00,0.2160,0.2170,0.2160,0.2170,3679200
2003-01-16 09:43:00,0.2160,0.2160,0.2150,0.2160,5971056
2003-01-16 09:42:00,0.2160,0.2160,0.2150,0.2160,6356000
2003-01-16 09:41:00,0.2160,0.2160,0.2160,0.2160,5203408
2003-01-16 09:40:00,0.2160,0.2170,0.2160,0.2160,1870400
2003-01-16 09:39:00,0.2170,0.2170,0.2160,0.2160,2307200
2003-01-16 09:38:00,0.2170,0.2170,0.2160,0.2170,2647792
2003-01-16 09:37:00,0.2170,0.2170,0.2160,0.2170,3410400
2003-01-16 09:36:00,0.2160,0.2170,0.2160,0.2170,3398584
2003-01-16 09:35:00,0.2160,0.2170,0.2160,0.2160,1159200
2003-01-16 09:34:00,0.2160,0.2170,0.2150,0.2160,2280544
2003-01-16 09:33:00,0.2160,0.2170,0.2150,0.2160,2587200
2003-01-16 09:32:00,0.2160,0.2170,0.2160,0.2160,2038400
2003-01-16 09:31:00,0.2160,0.2170,0.2160,0.2160,2721992
2003-01-16 09:30:00,0.2150,0.2180,0.2150,0.2160,6642272
2003-01-16 09:29:00,0.2170,0.2170,0.2160,0.2160,520800
2003-01-16 09:27:00,0.2170,0.2170,0.2170,0.2170,5600
2003-01-16 09:26:00,0.2170,0.2170,0.2170,0.2170,123200
2003-01-16 09:24:00,0.2170,0.2170,0.2160,0.2170,56000
2003-01-16 09:21:00,0.2170,0.2170,0.2160,0.2170,5600
2003-01-16 09:20:00,0.2170,0.2170,0.2160,0.2170,56000
2003-01-16 09:17:00,0.2170,0.2170,0.2170,0.2170,112000
2003-01-16 09:16:00,0.2170,0.2170,0.2160,0.2170,5600
2003-01-16 09:15:00,0.2160,0.2160,0.2160,0.2160,22400
2003-01-16 09:14:00,0.2160,0.2160,0.2160,0.2160,56000
2003-01-16 09:13:00,0.2160,0.2170,0.2150,0.2160,240800
2003-01-16 09:12:00,0.2160,0.2160,0.2150,0.2150,84000
2003-01-16 09:11:00,0.2160,0.2190,0.2150,0.2190,89600
2003-01-16 09:10:00,0.2140,0.2150,0.2110,0.2110,56000
2003-01-16 09:08:00,0.2160,0.2170,0.2160,0.2170,11200
2003-01-16 09:07:00,0.2160,0.2160,0.2150,0.2160,112000
2003-01-16 09:05:00,0.2160,0.2160,0.2160,0.2160,5600
2003-01-16 09:04:00,0.2160,0.2160,0.2150,0.2160,89600
2003-01-16 09:03:00,0.2160,0.2160,0.2160,0.2160,750400
2003-01-16 09:02:00,0.2160,0.2160,0.2160,0.2160,526400
2003-01-16 09:01:00,0.2160,0.2170,0.2160,0.2160,78400
2003-01-16 08:48:00,0.2170,0.2170,0.2160,0.2170,56000
2003-01-16 08:43:00,0.2170,0.2170,0.2160,0.2170,28000
2003-01-16 08:42:00,0.2170,0.2170,0.2160,0.2170,84000
2003-01-16 08:37:00,0.2160,0.2170,0.2160,0.2170,33600
2003-01-16 08:34:00,0.2180,0.2180,0.2170,0.2170,72800
2003-01-16 08:31:00,0.2170,0.2170,0.2160,0.2170,179200
2003-01-16 08:30:00,0.2170,0.2170,0.2160,0.2170,106400
2003-01-16 08:28:00,0.2170,0.2170,0.2160,0.2170,168000
2003-01-16 08:26:00,0.2170,0.2170,0.2160,0.2170,16072
2003-01-16 08:23:00,0.2160,0.2170,0.2160,0.2170,168000
2003-01-16 08:02:00,0.2180,0.2180,0.2180,0.2180,22400
2003-01-16 08:01:00,0.2170,0.2170,0.2160,0.2170,39200
2003-01-15 18:15:00,0.2170,0.2170,0.2170,0.2170,11200
2003-01-15 18:08:00,0.2180,0.2190,0.2180,0.2180,11200
2003-01-15 18:04:00,0.2180,0.2180,0.2170,0.2180,28000
2003-01-15 17:57:00,0.2180,0.2190,0.2180,0.2180,28000
2003-01-15 17:55:00,0.2170,0.2190,0.2170,0.2190,324800
2003-01-15 17:51:00,0.2180,0.2180,0.2170,0.2170,28000
2003-01-15 17:46:00,0.2170,0.2180,0.2170,0.2170,28000
2003-01-15 17:44:00,0.2170,0.2170,0.2160,0.2170,28000
2003-01-15 17:42:00,0.2170,0.2170,0.2160,0.2160,95200
2003-01-15 17:38:00,0.2170,0.2170,0.2170,0.2170,28000
2003-01-15 17:37:00,0.2170,0.2170,0.2170,0.2170,28000
2003-01-15 17:35:00,0.2170,0.2180,0.2170,0.2170,50400
2003-01-15 17:33:00,0.2170,0.2170,0.2170,0.2170,106400
2003-01-15 17:31:00,0.2170,0.2170,0.2170,0.2170,28000
2003-01-15 17:26:00,0.2170,0.2180,0.2170,0.2170,16800
2003-01-15 17:25:00,0.2170,0.2170,0.2170,0.2170,28000
2003-01-15 17:23:00,0.2170,0.2190,0.2160,0.2170,716800
2003-01-15 17:21:00,0.2170,0.2170,0.2160,0.2170,82040
2003-01-15 17:20:00,0.2190,0.2190,0.2180,0.2190,280000
2003-01-15 17:19:00,0.2190,0.2190,0.2180,0.2190,1080800
2003-01-15 17:14:00,0.2170,0.2170,0.2170,0.2170,56000
2003-01-15 17:13:00,0.2170,0.2170,0.2160,0.2170,28000
2003-01-15 17:12:00,0.2170,0.2170,0.2160,0.2170,39200
2003-01-15 17:11:00,0.2170,0.2170,0.2170,0.2170,28000
2003-01-15 17:05:00,0.2180,0.2190,0.2180,0.2180,61600
2003-01-15 17:01:00,0.2180,0.2180,0.2170,0.2180,48440
2003-01-15 17:00:00,0.2180,0.2180,0.2170,0.2170,74760
2003-01-15 16:59:00,0.2170,0.2180,0.2170,0.2170,33600
2003-01-15 16:58:00,0.2170,0.2180,0.2170,0.2180,44800
2003-01-15 16:57:00,0.2170,0.2180,0.2170,0.2170,84000
2003-01-15 16:56:00,0.2170,0.2180,0.2170,0.2170,5600
2003-01-15 16:55:00,0.2180,0.2190,0.2180,0.2180,56000
2003-01-15 16:54:00,0.2190,0.2200,0.2170,0.2180,313600
2003-01-15 16:53:00,0.2180,0.2190,0.2170,0.2190,448000
2003-01-15 16:52:00,0.2170,0.2180,0.2160,0.2170,123200
2003-01-15 16:51:00,0.2170,0.2180,0.2170,0.2180,509600
2003-01-15 16:50:00,0.2170,0.2170,0.2160,0.2170,56000
2003-01-15 16:49:00,0.2170,0.2170,0.2160,0.2170,16800
2003-01-15 16:48:00,0.2160,0.2170,0.2160,0.2160,128128
2003-01-15 16:46:00,0.2160,0.2160,0.2160,0.2160,5600
2003-01-15 16:45:00,0.2150,0.2160,0.2150,0.2150,285600
2003-01-15 16:44:00,0.2150,0.2160,0.2150,0.2150,300272
2003-01-15 16:41:00,0.2160,0.2160,0.2150,0.2160,28000
2003-01-15 16:40:00,0.2150,0.2150,0.2150,0.2150,28000
2003-01-15 16:39:00,0.2160,0.2190,0.2150,0.2150,95200
2003-01-15 16:38:00,0.2170,0.2170,0.2160,0.2170,84000
2003-01-15 16:37:00,0.2180,0.2180,0.2160,0.2170,296800
2003-01-15 16:36:00,0.2180,0.2180,0.2170,0.2180,45472
2003-01-15 16:35:00,0.2160,0.2180,0.2150,0.2170,72800
2003-01-15 16:34:00,0.2140,0.2160,0.2130,0.2150,126000
2003-01-15 16:33:00,0.2130,0.2150,0.2110,0.2130,1025472
2003-01-15 16:32:00,0.2160,0.2160,0.2120,0.2120,534800
2003-01-15 16:31:00,0.2200,0.2200,0.2120,0.2170,2366672
2003-01-15 16:28:00,0.2190,0.2200,0.2190,0.2190,18928
2003-01-15 16:24:00,0.2190,0.2190,0.2180,0.2190,72800
2003-01-15 16:20:00,0.2190,0.2190,0.2180,0.2190,224000
2003-01-15 16:16:00,0.2190,0.2190,0.2180,0.2190,140000
2003-01-15 16:15:00,0.2190,0.2190,0.2180,0.2190,89600
2003-01-15 16:13:00,0.2190,0.2190,0.2180,0.2190,39200
2003-01-15 16:12:00,0.2190,0.2190,0.2180,0.2190,168000
2003-01-15 16:11:00,0.2190,0.2190,0.2180,0.2190,5600
2003-01-15 16:10:00,0.2190,0.2190,0.2180,0.2190,1108800
2003-01-15 16:09:00,0.2190,0.2200,0.2180,0.2190,1797600
2003-01-15 16:08:00,0.2190,0.2190,0.2180,0.2180,371392
2003-01-15 16:07:00,0.2190,0.2190,0.2180,0.2190,235200
2003-01-15 16:06:00,0.2190,0.2190,0.2180,0.2190,341600
2003-01-15 16:05:00,0.2190,0.2190,0.2180,0.2190,106400
2003-01-15 16:04:00,0.2190,0.2190,0.2180,0.2190,840000
2003-01-15 16:03:00,0.2190,0.2190,0.2180,0.2180,571200
2003-01-15 16:02:00,0.2190,0.2190,0.2180,0.2190,78400
2003-01-15 16:01:00,0.2190,0.2190,0.2180,0.2190,89600
2003-01-15 16:00:00,0.2190,0.2200,0.2180,0.2180,628992
2003-01-15 15:59:00,0.2190,0.2200,0.2180,0.2190,3042648
2003-01-15 15:58:00,0.2190,0.2190,0.2180,0.2190,1843688
2003-01-15 15:57:00,0.2190,0.2190,0.2180,0.2190,1588664
2003-01-15 15:56:00,0.2190,0.2190,0.2180,0.2190,4311776
2003-01-15 15:55:00,0.2190,0.2190,0.2180,0.2190,954576
2003-01-15 15:54:00,0.2190,0.2190,0.2180,0.2190,1950704
2003-01-15 15:53:00,0.2190,0.2190,0.2180,0.2190,806736
2003-01-15 15:52:00,0.2180,0.2190,0.2180,0.2180,257600
2003-01-15 15:51:00,0.2180,0.2190,0.2180,0.2180,806400
2003-01-15 15:50:00,0.2190,0.2190,0.2180,0.2180,1632624
2003-01-15 15:49:00,0.2190,0.2190,0.2180,0.2180,655200
2003-01-15 15:48:00,0.2190,0.2190,0.2180,0.2190,812000
2003-01-15 15:47:00,0.2190,0.2190,0.2180,0.2190,3561936
2003-01-15 15:46:00,0.2190,0.2190,0.2180,0.2190,3510472
2003-01-15 15:45:00,0.2190,0.2190,0.2180,0.2190,722400
2003-01-15 15:44:00,0.2190,0.2190,0.2180,0.2190,548800
2003-01-15 15:43:00,0.2190,0.2190,0.2180,0.2190,868000
2003-01-15 15:42:00,0.2190,0.2190,0.2180,0.2190,1990968
2003-01-15 15:41:00,0.2190,0.2190,0.2180,0.2190,2195200
2003-01-15 15:40:00,0.2190,0.2190,0.2180,0.2190,677600
2003-01-15 15:39:00,0.2190,0.2190,0.2180,0.2190,532000
2003-01-15 15:38:00,0.2190,0.2190,0.2180,0.2180,2676632
2003-01-15 15:37:00,0.2190,0.2190,0.2180,0.2190,1052800
2003-01-15 15:36:00,0.2190,0.2190,0.2180,0.2190,1144472
2003-01-15 15:35:00,0.2190,0.2190,0.2180,0.2190,1183112
2003-01-15 15:34:00,0.2190,0.2190,0.2180,0.2190,1086400
2003-01-15 15:33:00,0.2190,0.2200,0.2190,0.2190,1122128
2003-01-15 15:32:00,0.2190,0.2200,0.2190,0.2190,576184
2003-01-15 15:31:00,0.2200,0.2200,0.2190,0.2190,1064000
2003-01-15 15:30:00,0.2200,0.2200,0.2190,0.2200,532000
2003-01-15 15:29:00,0.2200,0.2200,0.2190,0.2200,935200
2003-01-15 15:28:00,0.2200,0.2200,0.2190,0.2200,128800
2003-01-15 15:27:00,0.2200,0.2200,0.2190,0.2200,403200
2003-01-15 15:26:00,0.2200,0.2200,0.2190,0.2200,859768
2003-01-15 15:25:00,0.2200,0.2200,0.2190,0.2200,228200
2003-01-15 15:24:00,0.2200,0.2210,0.2200,0.2200,217392
2003-01-15 15:23:00,0.2200,0.2210,0.2200,0.2200,358400
2003-01-15 15:22:00,0.2200,0.2200,0.2190,0.2200,4954936
2003-01-15 15:21:00,0.2200,0.2200,0.2190,0.2200,2226112
2003-01-15 15:20:00,0.2200,0.2200,0.2190,0.2200,501984
2003-01-15 15:19:00,0.2200,0.2200,0.2190,0.2200,621320
2003-01-15 15:18:00,0.2200,0.2200,0.2190,0.2200,44800
2003-01-15 15:17:00,0.2200,0.2200,0.2190,0.2200,509600
2003-01-15 15:16:00,0.2200,0.2210,0.2190,0.2200,537600
2003-01-15 15:15:00,0.2210,0.2210,0.2200,0.2200,1120000
2003-01-15 15:14:00,0.2210,0.2210,0.2200,0.2210,1929872
2003-01-15 15:13:00,0.2210,0.2210,0.2200,0.2210,1439200
2003-01-15 15:12:00,0.2210,0.2210,0.2200,0.2210,2094400
2003-01-15 15:11:00,0.2210,0.2210,0.2200,0.2210,655200
2003-01-15 15:10:00,0.2210,0.2210,0.2200,0.2210,184800
2003-01-15 15:09:00,0.2210,0.2210,0.2200,0.2210,313600
2003-01-15 15:08:00,0.2210,0.2210,0.2200,0.2210,470400
2003-01-15 15:07:00,0.2210,0.2210,0.2200,0.2210,459200
2003-01-15 15:06:00,0.2210,0.2210,0.2200,0.2210,789600
2003-01-15 15:05:00,0.2200,0.2210,0.2200,0.2210,386400
2003-01-15 15:04:00,0.2200,0.2210,0.2200,0.2200,602784
2003-01-15 15:03:00,0.2200,0.2210,0.2200,0.2200,1142400
2003-01-15 15:02:00,0.2200,0.2210,0.2190,0.2200,621600
2003-01-15 15:01:00,0.2200,0.2200,0.2190,0.2200,1321600
2003-01-15 15:00:00,0.2200,0.2200,0.2190,0.2200,505512
2003-01-15 14:59:00,0.2200,0.2200,0.2190,0.2200,705600
2003-01-15 14:58:00,0.2200,0.2200,0.2190,0.2200,1791440
2003-01-15 14:57:00,0.2200,0.2200,0.2190,0.2200,1058400
2003-01-15 14:56:00,0.2200,0.2200,0.2190,0.2200,165536
2003-01-15 14:55:00,0.2200,0.2200,0.2190,0.2200,11200
2003-01-15 14:54:00,0.2200,0.2200,0.2190,0.2200,123200
2003-01-15 14:53:00,0.2200,0.2200,0.2190,0.2200,565040
2003-01-15 14:52:00,0.2200,0.2200,0.2190,0.2200,173600
2003-01-15 14:51:00,0.2200,0.2200,0.2190,0.2200,324800
2003-01-15 14:50:00,0.2200,0.2200,0.2190,0.2200,935200
2003-01-15 14:49:00,0.2200,0.2200,0.2190,0.2200,336000
2003-01-15 14:48:00,0.2200,0.2200,0.2190,0.2200,408800
2003-01-15 14:47:00,0.2200,0.2200,0.2190,0.2200,268800
2003-01-15 14:46:00,0.2200,0.2200,0.2190,0.2200,242032
2003-01-15 14:45:00,0.2200,0.2200,0.2190,0.2200,379904
2003-01-15 14:44:00,0.2200,0.2200,0.2190,0.2200,114240
2003-01-15 14:43:00,0.2200,0.2200,0.2190,0.2200,61600
2003-01-15 14:42:00,0.2200,0.2200,0.2190,0.2200,2018520
2003-01-15 14:41:00,0.2200,0.2200,0.2190,0.2200,2374400
2003-01-15 14:40:00,0.2200,0.2200,0.2190,0.2200,2559200
2003-01-15 14:39:00,0.2200,0.2200,0.2190,0.2200,151200
2003-01-15 14:38:00,0.2200,0.2200,0.2190,0.2200,39200
2003-01-15 14:37:00,0.2200,0.2200,0.2190,0.2200,2576000
2003-01-15 14:36:00,0.2200,0.2200,0.2190,0.2200,947408
2003-01-15 14:35:00,0.2200,0.2200,0.2190,0.2200,151200
2003-01-15 14:33:00,0.2200,0.2200,0.2190,0.2200,78400
2003-01-15 14:32:00,0.2200,0.2200,0.2200,0.2200,67200
2003-01-15 14:31:00,0.2200,0.2210,0.2200,0.2200,95200
2003-01-15 14:30:00,0.2200,0.2200,0.2200,0.2200,26656
2003-01-15 14:29:00,0.2200,0.2210,0.2200,0.2200,106400
2003-01-15 14:28:00,0.2200,0.2210,0.2200,0.2200,173600
2003-01-15 14:27:00,0.2200,0.2210,0.2190,0.2200,509600
2003-01-15 14:26:00,0.2200,0.2200,0.2200,0.2200,84000
2003-01-15 14:25:00,0.2200,0.2200,0.2190,0.2200,347256
2003-01-15 14:24:00,0.2200,0.2200,0.2190,0.2200,369600
2003-01-15 14:23:00,0.2200,0.2200,0.2190,0.2200,78400
2003-01-15 14:22:00,0.2200,0.2200,0.2190,0.2200,218400
2003-01-15 14:21:00,0.2200,0.2200,0.2190,0.2200,733600
2003-01-15 14:20:00,0.2200,0.2200,0.2190,0.2200,33600
2003-01-15 14:19:00,0.2200,0.2200,0.2190,0.2200,100800
2003-01-15 14:18:00,0.2200,0.2200,0.2190,0.2200,117600
2003-01-15 14:17:00,0.2200,0.2200,0.2190,0.2200,487200
2003-01-15 14:16:00,0.2200,0.2200,0.2200,0.2200,173600
2003-01-15 14:15:00,0.2200,0.2200,0.2190,0.2200,128800
2003-01-15 14:14:00,0.2200,0.2200,0.2190,0.2200,629160
2003-01-15 14:13:00,0.2200,0.2200,0.2200,0.2200,268800
2003-01-15 14:12:00,0.2200,0.2200,0.2190,0.2200,628824
2003-01-15 14:11:00,0.2200,0.2200,0.2190,0.2200,313600
2003-01-15 14:10:00,0.2200,0.2200,0.2190,0.2200,901600
2003-01-15 14:09:00,0.2200,0.2200,0.2190,0.2200,1461600
2003-01-15 14:08:00,0.2200,0.2200,0.2190,0.2200,28000
2003-01-15 14:07:00,0.2200,0.2200,0.2190,0.2200,588000
2003-01-15 14:06:00,0.2200,0.2200,0.2190,0.2200,134400
2003-01-15 14:05:00,0.2200,0.2200,0.2190,0.2200,100800
2003-01-15 14:04:00,0.2200,0.2200,0.2190,0.2200,487200
2003-01-15 14:03:00,0.2200,0.2210,0.2200,0.2200,151200
2003-01-15 14:02:00,0.2200,0.2210,0.2200,0.2200,70000
2003-01-15 14:01:00,0.2200,0.2210,0.2190,0.2210,550424
2003-01-15 14:00:00,0.2200,0.2200,0.2190,0.2200,408800
2003-01-15 13:59:00,0.2200,0.2210,0.2190,0.2200,907928
2003-01-15 13:58:00,0.2200,0.2200,0.2190,0.2200,134400
2003-01-15 13:57:00,0.2200,0.2200,0.2190,0.2200,16800
2003-01-15 13:56:00,0.2200,0.2200,0.2190,0.2200,151200
2003-01-15 13:55:00,0.2200,0.2200,0.2190,0.2200,199808
2003-01-15 13:54:00,0.2200,0.2200,0.2190,0.2200,50400
2003-01-15 13:53:00,0.2200,0.2200,0.2190,0.2200,476000
2003-01-15 13:52:00,0.2200,0.2200,0.2190,0.2200,78400
2003-01-15 13:51:00,0.2200,0.2200,0.2190,0.2200,308000
2003-01-15 13:50:00,0.2200,0.2200,0.2190,0.2200,263200
2003-01-15 13:49:00,0.2200,0.2200,0.2190,0.2200,252000
2003-01-15 13:48:00,0.2200,0.2200,0.2200,0.2200,112000
2003-01-15 13:47:00,0.2200,0.2210,0.2190,0.2200,1120000
2003-01-15 13:46:00,0.2200,0.2210,0.2200,0.2200,1342264
2003-01-15 13:45:00,0.2200,0.2210,0.2190,0.2200,332640
2003-01-15 13:44:00,0.2200,0.2200,0.2200,0.2200,44800
2003-01-15 13:43:00,0.2200,0.2210,0.2200,0.2200,431200
2003-01-15 13:42:00,0.2200,0.2210,0.2200,0.2200,70000
2003-01-15 13:41:00,0.2200,0.2210,0.2200,0.2200,118104
2003-01-15 13:40:00,0.2200,0.2210,0.2190,0.2200,117600
2003-01-15 13:39:00,0.2200,0.2200,0.2190,0.2200,127736
2003-01-15 13:38:00,0.2200,0.2200,0.2190,0.2200,78400
2003-01-15 13:37:00,0.2200,0.2200,0.2190,0.2200,1366400
2003-01-15 13:36:00,0.2200,0.2210,0.2190,0.2200,365680
2003-01-15 13:35:00,0.2200,0.2200,0.2190,0.2200,1092000
2003-01-15 13:34:00,0.2200,0.2200,0.2190,0.2200,442400
2003-01-15 13:33:00,0.2200,0.2200,0.2190,0.2190,274400
2003-01-15 13:32:00,0.2200,0.2200,0.2190,0.2190,123200
2003-01-15 13:31:00,0.2200,0.2200,0.2190,0.2190,39200
2003-01-15 13:30:00,0.2190,0.2200,0.2190,0.2190,61600
2003-01-15 13:29:00,0.2200,0.2200,0.2190,0.2190,107520
2003-01-15 13:28:00,0.2200,0.2200,0.2190,0.2190,369600
2003-01-15 13:27:00,0.2200,0.2200,0.2190,0.2200,535024
2003-01-15 13:26:00,0.2200,0.2200,0.2190,0.2200,610344
2003-01-15 13:25:00,0.2200,0.2200,0.2190,0.2190,218400
2003-01-15 13:24:00,0.2200,0.2200,0.2190,0.2190,78400
2003-01-15 13:23:00,0.2200,0.2200,0.2190,0.2190,168000
2003-01-15 13:22:00,0.2200,0.2200,0.2190,0.2200,201600
2003-01-15 13:21:00,0.2200,0.2200,0.2190,0.2190,380800
2003-01-15 13:20:00,0.2200,0.2200,0.2190,0.2190,44800
2003-01-15 13:19:00,0.2200,0.2200,0.2190,0.2200,5600
2003-01-15 13:18:00,0.2200,0.2200,0.2190,0.2200,2346400
2003-01-15 13:17:00,0.2200,0.2200,0.2190,0.2200,1304800
2003-01-15 13:16:00,0.2200,0.2200,0.2190,0.2200,3138688
2003-01-15 13:15:00,0.2200,0.2200,0.2200,0.2200,345968
2003-01-15 13:14:00,0.2200,0.2200,0.2190,0.2200,3556000
2003-01-15 13:13:00,0.2200,0.2200,0.2190,0.2200,313600
2003-01-15 13:12:00,0.2200,0.2200,0.2190,0.2200,112000
2003-01-15 13:11:00,0.2200,0.2200,0.2190,0.2200,309008
2003-01-15 13:10:00,0.2200,0.2200,0.2190,0.2200,1257760
2003-01-15 13:09:00,0.2190,0.2200,0.2190,0.2190,173600
2003-01-15 13:08:00,0.2190,0.2190,0.2190,0.2190,173600
2003-01-15 13:07:00,0.2190,0.2190,0.2190,0.2190,313600
2003-01-15 13:06:00,0.2190,0.2200,0.2190,0.2190,492800
2003-01-15 13:05:00,0.2190,0.2200,0.2190,0.2190,117600
2003-01-15 13:04:00,0.2190,0.2190,0.2190,0.2190,359688
2003-01-15 13:03:00,0.2190,0.2190,0.2190,0.2190,470400
2003-01-15 13:02:00,0.2190,0.2190,0.2180,0.2190,408800
2003-01-15 13:01:00,0.2190,0.2190,0.2180,0.2190,492800
2003-01-15 13:00:00,0.2190,0.2190,0.2190,0.2190,95200
2003-01-15 12:59:00,0.2190,0.2190,0.2180,0.2190,532000
2003-01-15 12:58:00,0.2190,0.2190,0.2180,0.2190,666400
2003-01-15 12:57:00,0.2190,0.2190,0.2190,0.2190,655200
2003-01-15 12:56:00,0.2190,0.2200,0.2190,0.2190,268800
2003-01-15 12:55:00,0.2190,0.2200,0.2190,0.2190,5600
2003-01-15 12:54:00,0.2200,0.2200,0.2190,0.2190,364000
2003-01-15 12:53:00,0.2190,0.2200,0.2190,0.2190,963200
2003-01-15 12:52:00,0.2190,0.2190,0.2190,0.2190,11200
2003-01-15 12:51:00,0.2190,0.2190,0.2190,0.2190,336000
2003-01-15 12:50:00,0.2190,0.2190,0.2190,0.2190,179200
2003-01-15 12:49:00,0.2190,0.2190,0.2190,0.2190,341600
2003-01-15 12:48:00,0.2190,0.2190,0.2190,0.2190,632800
2003-01-15 12:47:00,0.2190,0.2190,0.2190,0.2190,313600
2003-01-15 12:46:00,0.2190,0.2200,0.2190,0.2190,302400
2003-01-15 12:45:00,0.2200,0.2200,0.2190,0.2190,358400
2003-01-15 12:44:00,0.2190,0.2200,0.2190,0.2190,563584
2003-01-15 12:43:00,0.2190,0.2200,0.2190,0.2190,190400
2003-01-15 12:42:00,0.2190,0.2200,0.2190,0.2190,526400
2003-01-15 12:41:00,0.2190,0.2200,0.2190,0.2190,145600
2003-01-15 12:40:00,0.2190,0.2200,0.2190,0.2190,1601600
2003-01-15 12:39:00,0.2190,0.2200,0.2190,0.2190,358400
2003-01-15 12:38:00,0.2190,0.2200,0.2190,0.2190,1797600
2003-01-15 12:37:00,0.2190,0.2200,0.2190,0.2190,196000
2003-01-15 12:36:00,0.2190,0.2200,0.2190,0.2190,128800
2003-01-15 12:35:00,0.2190,0.2200,0.2190,0.2190,257600
2003-01-15 12:34:00,0.2200,0.2200,0.2190,0.2190,408800
2003-01-15 12:33:00,0.2200,0.2200,0.2190,0.2200,1733200
2003-01-15 12:32:00,0.2190,0.2200,0.2190,0.2200,902440
2003-01-15 12:31:00,0.2200,0.2200,0.2190,0.2190,1635200
2003-01-15 12:30:00,0.2200,0.2200,0.2190,0.2200,1411872
2003-01-15 12:29:00,0.2200,0.2200,0.2190,0.2190,1047144
2003-01-15 12:28:00,0.2190,0.2200,0.2180,0.2190,1198400
2003-01-15 12:27:00,0.2190,0.2190,0.2180,0.2190,436800
2003-01-15 12:26:00,0.2190,0.2190,0.2180,0.2190,798000
2003-01-15 12:25:00,0.2180,0.2190,0.2180,0.2190,616000
2003-01-15 12:24:00,0.2180,0.2190,0.2180,0.2180,604800
2003-01-15 12:23:00,0.2180,0.2190,0.2180,0.2190,145600
2003-01-15 12:22:00,0.2180,0.2190,0.2180,0.2180,176176
2003-01-15 12:21:00,0.2180,0.2190,0.2180,0.2180,184800
2003-01-15 12:20:00,0.2180,0.2190,0.2180,0.2180,196000
2003-01-15 12:19:00,0.2180,0.2180,0.2180,0.2180,50400
2003-01-15 12:18:00,0.2180,0.2190,0.2170,0.2180,902720
2003-01-15 12:17:00,0.2180,0.2190,0.2180,0.2180,336000
2003-01-15 12:16:00,0.2180,0.2180,0.2170,0.2180,340592
2003-01-15 12:15:00,0.2180,0.2180,0.2170,0.2180,207200
2003-01-15 12:14:00,0.2180,0.2180,0.2170,0.2180,224000
2003-01-15 12:13:00,0.2180,0.2180,0.2170,0.2180,313600
2003-01-15 12:12:00,0.2180,0.2180,0.2170,0.2180,352800
2003-01-15 12:11:00,0.2180,0.2180,0.2170,0.2180,459200
2003-01-15 12:10:00,0.2180,0.2180,0.2170,0.2180,285600
2003-01-15 12:09:00,0.2180,0.2180,0.2170,0.2180,28000
2003-01-15 12:08:00,0.2180,0.2180,0.2170,0.2180,207200
2003-01-15 12:07:00,0.2180,0.2180,0.2170,0.2180,403200
2003-01-15 12:06:00,0.2180,0.2180,0.2170,0.2170,28000
2003-01-15 12:05:00,0.2180,0.2180,0.2170,0.2170,509600
2003-01-15 12:04:00,0.2180,0.2180,0.2170,0.2170,616448
2003-01-15 12:03:00,0.2190,0.2190,0.2170,0.2180,565600
2003-01-15 12:02:00,0.2190,0.2190,0.2180,0.2190,599200
2003-01-15 12:01:00,0.2190,0.2190,0.2180,0.2190,145600
2003-01-15 12:00:00,0.2190,0.2190,0.2180,0.2190,565600
2003-01-15 11:59:00,0.2180,0.2190,0.2180,0.2190,1265600
2003-01-15 11:58:00,0.2180,0.2180,0.2170,0.2180,218400
2003-01-15 11:57:00,0.2180,0.2180,0.2170,0.2180,470400
2003-01-15 11:56:00,0.2180,0.2180,0.2170,0.2180,582400
2003-01-15 11:55:00,0.2180,0.2180,0.2170,0.2180,2161600
2003-01-15 11:54:00,0.2180,0.2180,0.2170,0.2180,196000
2003-01-15 11:53:00,0.2180,0.2180,0.2170,0.2180,425600
2003-01-15 11:52:00,0.2180,0.2180,0.2170,0.2180,226688
2003-01-15 11:51:00,0.2180,0.2180,0.2170,0.2180,620704
2003-01-15 11:50:00,0.2180,0.2180,0.2170,0.2180,16800
2003-01-15 11:49:00,0.2180,0.2180,0.2170,0.2180,92400
2003-01-15 11:48:00,0.2180,0.2180,0.2170,0.2170,952000
2003-01-15 11:47:00,0.2180,0.2180,0.2170,0.2170,218400
2003-01-15 11:46:00,0.2180,0.2180,0.2170,0.2170,89600
2003-01-15 11:45:00,0.2180,0.2180,0.2170,0.2180,78400
2003-01-15 11:44:00,0.2180,0.2180,0.2170,0.2180,963200
2003-01-15 11:43:00,0.2180,0.2180,0.2170,0.2170,1996400
2003-01-15 11:42:00,0.2180,0.2180,0.2170,0.2170,2828000
2003-01-15 11:41:00,0.2180,0.2180,0.2170,0.2170,2343600
2003-01-15 11:40:00,0.2180,0.2180,0.2170,0.2170,371560
2003-01-15 11:39:00,0.2180,0.2180,0.2170,0.2180,2245600
2003-01-15 11:38:00,0.2180,0.2180,0.2170,0.2180,750400
2003-01-15 11:37:00,0.2180,0.2180,0.2170,0.2180,1607200
2003-01-15 11:36:00,0.2180,0.2180,0.2170,0.2170,817600
2003-01-15 11:35:00,0.2180,0.2180,0.2170,0.2170,408800
2003-01-15 11:34:00,0.2180,0.2180,0.2170,0.2170,604800
2003-01-15 11:33:00,0.2180,0.2180,0.2170,0.2180,1512000
2003-01-15 11:32:00,0.2180,0.2180,0.2170,0.2170,2819712
2003-01-15 11:31:00,0.2180,0.2180,0.2170,0.2170,44800
2003-01-15 11:30:00,0.2180,0.2180,0.2170,0.2170,980000
2003-01-15 11:29:00,0.2170,0.2180,0.2170,0.2180,420000
2003-01-15 11:28:00,0.2170,0.2180,0.2170,0.2170,683200
2003-01-15 11:27:00,0.2170,0.2170,0.2170,0.2170,958440
2003-01-15 11:26:00,0.2170,0.2170,0.2170,0.2170,207200
2003-01-15 11:25:00,0.2170,0.2170,0.2160,0.2170,789600
2003-01-15 11:24:00,0.2170,0.2180,0.2170,0.2170,156800
2003-01-15 11:23:00,0.2170,0.2170,0.2170,0.2170,61600
2003-01-15 11:22:00,0.2170,0.2170,0.2170,0.2170,78400
2003-01-15 11:21:00,0.2170,0.2180,0.2160,0.2170,442400
2003-01-15 11:20:00,0.2180,0.2180,0.2170,0.2170,660800
2003-01-15 11:19:00,0.2170,0.2180,0.2170,0.2170,711200
2003-01-15 11:18:00,0.2170,0.2170,0.2160,0.2170,89600
2003-01-15 11:17:00,0.2170,0.2170,0.2160,0.2170,218400
2003-01-15 11:16:00,0.2170,0.2180,0.2170,0.2170,156800
2003-01-15 11:15:00,0.2170,0.2180,0.2160,0.2170,4317600
2003-01-15 11:14:00,0.2170,0.2170,0.2160,0.2170,1248800
2003-01-15 11:13:00,0.2170,0.2170,0.2160,0.2170,2021600
2003-01-15 11:12:00,0.2170,0.2170,0.2170,0.2170,229600
2003-01-15 11:11:00,0.2170,0.2180,0.2170,0.2170,1551200
2003-01-15 11:10:00,0.2170,0.2180,0.2170,0.2170,1412320
2003-01-15 11:09:00,0.2180,0.2180,0.2170,0.2170,3463600
2003-01-15 11:08:00,0.2170,0.2180,0.2170,0.2170,2788800
2003-01-15 11:07:00,0.2170,0.2180,0.2160,0.2170,1674400
2003-01-15 11:06:00,0.2170,0.2180,0.2160,0.2170,6584480
2003-01-15 11:05:00,0.2170,0.2180,0.2170,0.2170,1282400
2003-01-15 11:04:00,0.2180,0.2180,0.2170,0.2170,1500464
2003-01-15 11:03:00,0.2180,0.2180,0.2170,0.2180,1663424
2003-01-15 11:02:00,0.2190,0.2190,0.2170,0.2180,1955800
2003-01-15 11:01:00,0.2190,0.2190,0.2180,0.2190,1694392
2003-01-15 11:00:00,0.2190,0.2190,0.2180,0.2190,4575704
2003-01-15 10:59:00,0.2190,0.2190,0.2180,0.2190,1288000
2003-01-15 10:58:00,0.2190,0.2200,0.2180,0.2190,3227056
2003-01-15 10:57:00,0.2190,0.2190,0.2190,0.2190,2551248
2003-01-15 10:56:00,0.2190,0.2190,0.2190,0.2190,287392
2003-01-15 10:55:00,0.2190,0.2190,0.2190,0.2190,201600
2003-01-15 10:54:00,0.2190,0.2200,0.2190,0.2190,918400
2003-01-15 10:53:00,0.2200,0.2200,0.2190,0.2190,492800
2003-01-15 10:52:00,0.2190,0.2200,0.2190,0.2200,1635200
2003-01-15 10:51:00,0.2200,0.2200,0.2190,0.2190,7385000
2003-01-15 10:50:00,0.2200,0.2200,0.2190,0.2200,525728
2003-01-15 10:49:00,0.2200,0.2200,0.2190,0.2200,476000
2003-01-15 10:48:00,0.2200,0.2200,0.2190,0.2200,1257200
2003-01-15 10:47:00,0.2200,0.2210,0.2200,0.2200,270368
2003-01-15 10:46:00,0.2210,0.2210,0.2200,0.2200,873600
2003-01-15 10:45:00,0.2210,0.2210,0.2200,0.2210,56000
2003-01-15 10:44:00,0.2210,0.2210,0.2200,0.2210,439600
2003-01-15 10:43:00,0.2210,0.2210,0.2200,0.2210,194656
2003-01-15 10:42:00,0.2210,0.2210,0.2200,0.2210,765240
2003-01-15 10:41:00,0.2210,0.2210,0.2200,0.2210,1125600
2003-01-15 10:40:00,0.2210,0.2210,0.2200,0.2210,974400
2003-01-15 10:39:00,0.2210,0.2220,0.2200,0.2210,1747200
2003-01-15 10:38:00,0.2220,0.2220,0.2210,0.2210,912800
2003-01-15 10:37:00,0.2220,0.2220,0.2210,0.2220,347200
2003-01-15 10:36:00,0.2210,0.2220,0.2210,0.2210,280000
2003-01-15 10:35:00,0.2220,0.2220,0.2210,0.2210,448000
2003-01-15 10:34:00,0.2220,0.2220,0.2210,0.2220,78400
2003-01-15 10:33:00,0.2210,0.2220,0.2210,0.2220,884800
2003-01-15 10:32:00,0.2210,0.2220,0.2200,0.2210,1576848
2003-01-15 10:31:00,0.2210,0.2210,0.2210,0.2210,89600
2003-01-15 10:30:00,0.2210,0.2220,0.2210,0.2210,1080800
2003-01-15 10:29:00,0.2210,0.2220,0.2210,0.2210,364000
2003-01-15 10:28:00,0.2210,0.2220,0.2210,0.2210,716800
2003-01-15 10:27:00,0.2220,0.2220,0.2210,0.2210,660800
2003-01-15 10:26:00,0.2220,0.2220,0.2210,0.2220,1114400
2003-01-15 10:25:00,0.2220,0.2220,0.2210,0.2220,674464
2003-01-15 10:24:00,0.2220,0.2230,0.2220,0.2220,784784
2003-01-15 10:23:00,0.2230,0.2230,0.2220,0.2220,463176
2003-01-15 10:22:00,0.2220,0.2230,0.2220,0.2230,694400
2003-01-15 10:21:00,0.2220,0.2220,0.2220,0.2220,890400
2003-01-15 10:20:00,0.2220,0.2220,0.2210,0.2220,879200
2003-01-15 10:19:00,0.2220,0.2230,0.2210,0.2220,2162552
2003-01-15 10:18:00,0.2220,0.2220,0.2210,0.2220,2117528
2003-01-15 10:17:00,0.2220,0.2220,0.2210,0.2220,1534400
2003-01-15 10:16:00,0.2220,0.2220,0.2220,0.2220,4676000
2003-01-15 10:15:00,0.2220,0.2220,0.2210,0.2220,928816
2003-01-15 10:14:00,0.2220,0.2230,0.2210,0.2220,1523368
2003-01-15 10:13:00,0.2220,0.2220,0.2210,0.2220,162400
2003-01-15 10:12:00,0.2220,0.2220,0.2210,0.2220,2139200
2003-01-15 10:11:00,0.2210,0.2220,0.2210,0.2220,907200
2003-01-15 10:10:00,0.2220,0.2220,0.2210,0.2210,1562568
2003-01-15 10:09:00,0.2220,0.2220,0.2210,0.2220,1470000
2003-01-15 10:08:00,0.2210,0.2220,0.2210,0.2220,347200
2003-01-15 10:07:00,0.2210,0.2220,0.2210,0.2210,330400
2003-01-15 10:06:00,0.2210,0.2220,0.2200,0.2220,6120800
2003-01-15 10:05:00,0.2210,0.2220,0.2210,0.2220,1170400
2003-01-15 10:04:00,0.2210,0.2210,0.2200,0.2210,453600
2003-01-15 10:03:00,0.2210,0.2210,0.2200,0.2210,866880
2003-01-15 10:02:00,0.2210,0.2210,0.2200,0.2210,571200
2003-01-15 10:01:00,0.2210,0.2210,0.2200,0.2210,2185344
2003-01-15 10:00:00,0.2210,0.2220,0.2200,0.2210,761600
2003-01-15 09:59:00,0.2210,0.2230,0.2210,0.2210,3104584
2003-01-15 09:58:00,0.2210,0.2220,0.2200,0.2210,851200
2003-01-15 09:57:00,0.2210,0.2210,0.2200,0.2210,892752
2003-01-15 09:56:00,0.2210,0.2210,0.2200,0.2210,324856
2003-01-15 09:55:00,0.2210,0.2220,0.2200,0.2210,358400
2003-01-15 09:54:00,0.2200,0.2220,0.2200,0.2210,810432
2003-01-15 09:53:00,0.2200,0.2210,0.2200,0.2200,229600
2003-01-15 09:52:00,0.2200,0.2210,0.2200,0.2200,218400
2003-01-15 09:51:00,0.2200,0.2210,0.2190,0.2200,918400
2003-01-15 09:50:00,0.2210,0.2210,0.2200,0.2200,1334704
2003-01-15 09:49:00,0.2210,0.2210,0.2200,0.2210,1181600
2003-01-15 09:48:00,0.2210,0.2210,0.2200,0.2210,778400
2003-01-15 09:47:00,0.2210,0.2210,0.2200,0.2210,252000
2003-01-15 09:46:00,0.2210,0.2210,0.2200,0.2210,201824
2003-01-15 09:45:00,0.2210,0.2210,0.2200,0.2210,181552
2003-01-15 09:44:00,0.2210,0.2210,0.2200,0.2210,421512
2003-01-15 09:43:00,0.2210,0.2210,0.2200,0.2210,313600
2003-01-15 09:42:00,0.2210,0.2210,0.2200,0.2210,1982288
2003-01-15 09:41:00,0.2210,0.2210,0.2200,0.2210,554400
2003-01-15 09:40:00,0.2210,0.2210,0.2200,0.2210,319200
2003-01-15 09:39:00,0.2210,0.2210,0.2200,0.2210,1114400
2003-01-15 09:38:00,0.2210,0.2210,0.2200,0.2210,864696
2003-01-15 09:37:00,0.2210,0.2210,0.2200,0.2210,940800
2003-01-15 09:36:00,0.2210,0.2210,0.2200,0.2210,392000
2003-01-15 09:35:00,0.2210,0.2210,0.2200,0.2210,235200
2003-01-15 09:34:00,0.2220,0.2220,0.2200,0.2210,1166200
2003-01-15 09:33:00,0.2230,0.2230,0.2210,0.2220,509600
2003-01-15 09:32:00,0.2230,0.2230,0.2220,0.2230,789600
2003-01-15 09:31:00,0.2210,0.2230,0.2210,0.2230,907816
2003-01-15 09:30:00,0.2210,0.2230,0.2200,0.2220,3262560
2003-01-15 09:29:00,0.2210,0.2220,0.2200,0.2210,201600
2003-01-15 09:27:00,0.2210,0.2210,0.2210,0.2210,56000
2003-01-15 09:20:00,0.2210,0.2210,0.2210,0.2210,16800
2003-01-15 09:12:00,0.2220,0.2220,0.2210,0.2210,28000
2003-01-15 09:06:00,0.2210,0.2210,0.2200,0.2210,22400
2003-01-15 08:47:00,0.2220,0.2220,0.2210,0.2220,11200
2003-01-15 08:43:00,0.2200,0.2200,0.2190,0.2200,22400
2003-01-15 08:36:00,0.2220,0.2220,0.2210,0.2220,11200
2003-01-15 08:28:00,0.2220,0.2220,0.2210,0.2220,5600
2003-01-15 08:02:00,0.2210,0.2220,0.2210,0.2210,11200
2003-01-15 08:01:00,0.2220,0.2220,0.2220,0.2220,5600
2003-01-14 17:19:00,0.2210,0.2220,0.2210,0.2210,520800
2003-01-14 17:02:00,0.2230,0.2230,0.2220,0.2220,184800
2003-01-14 17:01:00,0.2220,0.2230,0.2220,0.2220,67200
2003-01-14 16:37:00,0.2200,0.2200,0.2190,0.2200,39200
2003-01-14 16:34:00,0.2240,0.2240,0.2240,0.2240,35168
2003-01-14 16:33:00,0.2210,0.2220,0.2200,0.2200,453600
2003-01-14 16:18:00,0.2210,0.2220,0.2210,0.2210,1848000
2003-01-14 16:17:00,0.2210,0.2220,0.2210,0.2210,16800
2003-01-14 16:16:00,0.2220,0.2220,0.2210,0.2210,431200
2003-01-14 16:15:00,0.2220,0.2220,0.2220,0.2220,11200
2003-01-14 16:14:00,0.2210,0.2220,0.2210,0.2220,100800
2003-01-14 16:13:00,0.2210,0.2220,0.2210,0.2220,128800
2003-01-14 16:12:00,0.2220,0.2220,0.2220,0.2220,28000
2003-01-14 16:11:00,0.2220,0.2220,0.2220,0.2220,173600
2003-01-14 16:10:00,0.2210,0.2220,0.2210,0.2210,50400
2003-01-14 16:09:00,0.2210,0.2220,0.2210,0.2210,2318400
2003-01-14 16:08:00,0.2210,0.2220,0.2210,0.2210,2408000
2003-01-14 16:07:00,0.2220,0.2220,0.2220,0.2220,39200
2003-01-14 16:05:00,0.2210,0.2220,0.2210,0.2210,459200
2003-01-14 16:04:00,0.2230,0.2240,0.2220,0.2220,532000
2003-01-14 16:01:00,0.2220,0.2240,0.2220,0.2220,907200
2003-01-14 16:00:00,0.2220,0.2240,0.2210,0.2210,2077600
2003-01-14 15:59:00,0.2220,0.2240,0.2210,0.2220,4559688
2003-01-14 15:58:00,0.2220,0.2230,0.2220,0.2220,761600
2003-01-14 15:57:00,0.2230,0.2230,0.2220,0.2230,1920800
2003-01-14 15:56:00,0.2230,0.2240,0.2220,0.2230,535584
2003-01-14 15:55:00,0.2230,0.2230,0.2220,0.2230,684880
2003-01-14 15:54:00,0.2230,0.2230,0.2220,0.2230,823368
2003-01-14 15:53:00,0.2230,0.2230,0.2220,0.2230,1355760
2003-01-14 15:52:00,0.2230,0.2230,0.2220,0.2220,1339576
2003-01-14 15:51:00,0.2220,0.2230,0.2220,0.2220,1373120
2003-01-14 15:50:00,0.2220,0.2220,0.2210,0.2220,762832
2003-01-14 15:49:00,0.2220,0.2220,0.2210,0.2220,268800
2003-01-14 15:48:00,0.2220,0.2220,0.2210,0.2220,168000
2003-01-14 15:47:00,0.2220,0.2220,0.2210,0.2220,302400
2003-01-14 15:46:00,0.2220,0.2220,0.2210,0.2220,235200
2003-01-14 15:45:00,0.2220,0.2220,0.2210,0.2220,431200
2003-01-14 15:44:00,0.2220,0.2220,0.2210,0.2220,653352
2003-01-14 15:43:00,0.2220,0.2220,0.2210,0.2220,1164128
2003-01-14 15:42:00,0.2220,0.2220,0.2210,0.2220,743344
2003-01-14 15:41:00,0.2210,0.2220,0.2210,0.2220,582400
2003-01-14 15:40:00,0.2210,0.2220,0.2210,0.2210,207200
2003-01-14 15:39:00,0.2210,0.2220,0.2210,0.2210,246400
2003-01-14 15:38:00,0.2210,0.2220,0.2210,0.2210,102088
2003-01-14 15:37:00,0.2210,0.2220,0.2210,0.2210,313600
2003-01-14 15:36:00,0.2210,0.2220,0.2210,0.2210,134400
2003-01-14 15:35:00,0.2210,0.2220,0.2210,0.2210,61600
2003-01-14 15:34:00,0.2210,0.2220,0.2200,0.2210,498400
2003-01-14 15:33:00,0.2210,0.2220,0.2210,0.2210,28000
2003-01-14 15:32:00,0.2210,0.2220,0.2210,0.2210,151200
2003-01-14 15:31:00,0.2210,0.2220,0.2210,0.2210,1623216
2003-01-14 15:30:00,0.2210,0.2220,0.2210,0.2210,128016
2003-01-14 15:29:00,0.2210,0.2220,0.2210,0.2210,319200
2003-01-14 15:28:00,0.2220,0.2220,0.2210,0.2220,196000
2003-01-14 15:27:00,0.2220,0.2220,0.2210,0.2220,240800
2003-01-14 15:26:00,0.2220,0.2220,0.2210,0.2210,694400
2003-01-14 15:25:00,0.2210,0.2220,0.2210,0.2220,772800
2003-01-14 15:24:00,0.2210,0.2220,0.2210,0.2210,759640
2003-01-14 15:23:00,0.2210,0.2220,0.2210,0.2210,22400
2003-01-14 15:22:00,0.2210,0.2220,0.2210,0.2210,263200
2003-01-14 15:21:00,0.2210,0.2220,0.2210,0.2210,431200
2003-01-14 15:20:00,0.2210,0.2220,0.2210,0.2210,11200
2003-01-14 15:19:00,0.2210,0.2220,0.2210,0.2210,284200
2003-01-14 15:18:00,0.2210,0.2210,0.2210,0.2210,246400
2003-01-14 15:17:00,0.2210,0.2210,0.2210,0.2210,324800
2003-01-14 15:16:00,0.2210,0.2210,0.2200,0.2210,11200
2003-01-14 15:15:00,0.2210,0.2220,0.2200,0.2210,1209600
2003-01-14 15:14:00,0.2210,0.2210,0.2200,0.2210,257600
2003-01-14 15:13:00,0.2210,0.2210,0.2200,0.2210,39200
2003-01-14 15:12:00,0.2210,0.2210,0.2200,0.2210,11200
2003-01-14 15:11:00,0.2210,0.2210,0.2210,0.2210,28000
2003-01-14 15:10:00,0.2210,0.2210,0.2210,0.2210,72800
2003-01-14 15:09:00,0.2210,0.2210,0.2210,0.2210,67200
2003-01-14 15:08:00,0.2210,0.2210,0.2210,0.2210,298368
2003-01-14 15:07:00,0.2210,0.2220,0.2200,0.2210,789600
2003-01-14 15:06:00,0.2210,0.2210,0.2200,0.2210,61600
2003-01-14 15:05:00,0.2210,0.2210,0.2200,0.2210,67200
2003-01-14 15:04:00,0.2210,0.2210,0.2200,0.2210,5600
2003-01-14 15:03:00,0.2210,0.2210,0.2200,0.2210,173600
2003-01-14 15:02:00,0.2210,0.2210,0.2200,0.2210,67200
2003-01-14 15:01:00,0.2210,0.2220,0.2200,0.2210,340592
2003-01-14 15:00:00,0.2210,0.2210,0.2200,0.2210,5600
2003-01-14 14:59:00,0.2210,0.2210,0.2200,0.2210,56000
2003-01-14 14:58:00,0.2210,0.2210,0.2200,0.2210,317408
2003-01-14 14:57:00,0.2210,0.2210,0.2200,0.2200,39200
2003-01-14 14:56:00,0.2200,0.2210,0.2200,0.2210,252000
2003-01-14 14:55:00,0.2200,0.2210,0.2200,0.2200,6132000
2003-01-14 14:54:00,0.2200,0.2210,0.2200,0.2200,1131200
2003-01-14 14:53:00,0.2200,0.2210,0.2200,0.2200,22400
2003-01-14 14:52:00,0.2200,0.2210,0.2200,0.2200,492800
2003-01-14 14:51:00,0.2200,0.2210,0.2200,0.2200,683200
2003-01-14 14:50:00,0.2200,0.2210,0.2200,0.2200,341600
2003-01-14 14:49:00,0.2200,0.2200,0.2200,0.2200,11200
2003-01-14 14:48:00,0.2200,0.2200,0.2200,0.2200,229600
2003-01-14 14:47:00,0.2200,0.2200,0.2200,0.2200,39200
2003-01-14 14:46:00,0.2200,0.2210,0.2200,0.2200,50400
2003-01-14 14:45:00,0.2200,0.2210,0.2200,0.2200,308000
2003-01-14 14:44:00,0.2200,0.2210,0.2200,0.2200,16800
2003-01-14 14:43:00,0.2200,0.2210,0.2200,0.2200,201600
2003-01-14 14:42:00,0.2200,0.2210,0.2200,0.2200,347200
2003-01-14 14:41:00,0.2200,0.2200,0.2200,0.2200,65352
2003-01-14 14:40:00,0.2200,0.2210,0.2200,0.2200,61600
2003-01-14 14:39:00,0.2200,0.2200,0.2200,0.2200,647136
2003-01-14 14:38:00,0.2200,0.2210,0.2200,0.2200,39200
2003-01-14 14:37:00,0.2200,0.2210,0.2200,0.2200,190400
2003-01-14 14:36:00,0.2200,0.2210,0.2200,0.2200,144312
2003-01-14 14:35:00,0.2200,0.2200,0.2200,0.2200,72800
2003-01-14 14:34:00,0.2200,0.2210,0.2200,0.2200,365120
2003-01-14 14:33:00,0.2200,0.2210,0.2200,0.2200,151200
2003-01-14 14:32:00,0.2200,0.2210,0.2200,0.2200,123200
2003-01-14 14:31:00,0.2200,0.2200,0.2200,0.2200,78400
2003-01-14 14:30:00,0.2200,0.2200,0.2200,0.2200,39200
2003-01-14 14:29:00,0.2200,0.2200,0.2190,0.2200,134400
2003-01-14 14:28:00,0.2200,0.2200,0.2190,0.2200,1265600
2003-01-14 14:27:00,0.2200,0.2200,0.2190,0.2200,352968
2003-01-14 14:26:00,0.2200,0.2200,0.2200,0.2200,44800
2003-01-14 14:25:00,0.2200,0.2200,0.2190,0.2200,5600
2003-01-14 14:24:00,0.2200,0.2200,0.2190,0.2200,700000
2003-01-14 14:23:00,0.2200,0.2210,0.2200,0.2200,163296
2003-01-14 14:22:00,0.2200,0.2210,0.2200,0.2210,28000
2003-01-14 14:21:00,0.2210,0.2210,0.2200,0.2200,100800
2003-01-14 14:20:00,0.2210,0.2210,0.2200,0.2200,140000
2003-01-14 14:16:00,0.2200,0.2210,0.2200,0.2200,135688
2003-01-14 14:15:00,0.2200,0.2210,0.2200,0.2200,95200
2003-01-14 14:14:00,0.2210,0.2210,0.2200,0.2210,358400
2003-01-14 14:13:00,0.2200,0.2210,0.2200,0.2210,627200
2003-01-14 14:12:00,0.2200,0.2200,0.2200,0.2200,50400
2003-01-14 14:11:00,0.2200,0.2200,0.2200,0.2200,83440
2003-01-14 14:10:00,0.2200,0.2200,0.2200,0.2200,97048
2003-01-14 14:07:00,0.2200,0.2200,0.2200,0.2200,560000
2003-01-14 14:06:00,0.2200,0.2210,0.2200,0.2200,67200
2003-01-14 14:05:00,0.2200,0.2210,0.2200,0.2200,150248
2003-01-14 14:04:00,0.2200,0.2210,0.2200,0.2200,39200
2003-01-14 14:03:00,0.2200,0.2210,0.2200,0.2200,330400
2003-01-14 14:02:00,0.2210,0.2210,0.2200,0.2200,28000
2003-01-14 14:01:00,0.2200,0.2210,0.2200,0.2200,296800
2003-01-14 14:00:00,0.2210,0.2210,0.2200,0.2210,487200
2003-01-14 13:59:00,0.2200,0.2210,0.2200,0.2210,198520
2003-01-14 13:58:00,0.2200,0.2210,0.2200,0.2200,168000
2003-01-14 13:57:00,0.2200,0.2210,0.2200,0.2200,627200
2003-01-14 13:56:00,0.2200,0.2210,0.2200,0.2210,890400
2003-01-14 13:55:00,0.2200,0.2200,0.2200,0.2200,56000
2003-01-14 13:54:00,0.2200,0.2200,0.2200,0.2200,39200
2003-01-14 13:53:00,0.2200,0.2200,0.2200,0.2200,352688
2003-01-14 13:51:00,0.2200,0.2200,0.2190,0.2200,2111200
2003-01-14 13:50:00,0.2200,0.2200,0.2190,0.2200,364000
2003-01-14 13:49:00,0.2200,0.2210,0.2200,0.2200,78400
2003-01-14 13:48:00,0.2200,0.2210,0.2200,0.2200,184800
2003-01-14 13:46:00,0.2200,0.2210,0.2200,0.2200,453600
2003-01-14 13:45:00,0.2200,0.2200,0.2190,0.2200,369600
2003-01-14 13:44:00,0.2200,0.2210,0.2200,0.2200,95200
2003-01-14 13:43:00,0.2200,0.2200,0.2190,0.2200,190400
2003-01-14 13:42:00,0.2200,0.2200,0.2190,0.2200,44800
2003-01-14 13:41:00,0.2200,0.2200,0.2190,0.2200,853944
2003-01-14 13:40:00,0.2200,0.2200,0.2190,0.2200,431200
2003-01-14 13:39:00,0.2200,0.2200,0.2190,0.2200,33600
2003-01-14 13:38:00,0.2200,0.2200,0.2200,0.2200,22400
2003-01-14 13:37:00,0.2200,0.2200,0.2190,0.2200,179200
2003-01-14 13:36:00,0.2200,0.2200,0.2190,0.2200,5799640
2003-01-14 13:35:00,0.2200,0.2200,0.2190,0.2200,1736000
2003-01-14 13:34:00,0.2200,0.2200,0.2190,0.2200,11200
2003-01-14 13:33:00,0.2200,0.2200,0.2190,0.2200,56000
2003-01-14 13:32:00,0.2200,0.2200,0.2200,0.2200,358400
2003-01-14 13:31:00,0.2200,0.2200,0.2200,0.2200,95200
2003-01-14 13:30:00,0.2200,0.2200,0.2200,0.2200,22400
2003-01-14 13:29:00,0.2200,0.2200,0.2200,0.2200,156800
2003-01-14 13:28:00,0.2200,0.2210,0.2200,0.2200,488936
2003-01-14 13:27:00,0.2200,0.2210,0.2200,0.2200,156800
2003-01-14 13:26:00,0.2200,0.2210,0.2200,0.2200,78400
2003-01-14 13:24:00,0.2200,0.2210,0.2200,0.2200,140000
2003-01-14 13:23:00,0.2200,0.2200,0.2200,0.2200,168000
2003-01-14 13:22:00,0.2200,0.2200,0.2200,0.2200,179200
2003-01-14 13:21:00,0.2200,0.2200,0.2200,0.2200,397600
2003-01-14 13:20:00,0.2200,0.2200,0.2200,0.2200,16800
2003-01-14 13:19:00,0.2200,0.2200,0.2200,0.2200,179200
2003-01-14 13:18:00,0.2200,0.2200,0.2200,0.2200,190400
2003-01-14 13:17:00,0.2200,0.2200,0.2200,0.2200,425600
2003-01-14 13:16:00,0.2200,0.2200,0.2190,0.2200,1080800
2003-01-14 13:15:00,0.2200,0.2200,0.2190,0.2200,11200
2003-01-14 13:14:00,0.2200,0.2200,0.2190,0.2200,95200
2003-01-14 13:13:00,0.2200,0.2200,0.2190,0.2200,89600
2003-01-14 13:12:00,0.2200,0.2200,0.2190,0.2200,22400
2003-01-14 13:11:00,0.2200,0.2200,0.2190,0.2200,655200
2003-01-14 13:10:00,0.2200,0.2200,0.2190,0.2200,156800
2003-01-14 13:09:00,0.2200,0.2200,0.2190,0.2200,72800
2003-01-14 13:08:00,0.2200,0.2200,0.2200,0.2200,22400
2003-01-14 13:07:00,0.2200,0.2200,0.2200,0.2200,72800
2003-01-14 13:06:00,0.2200,0.2200,0.2200,0.2200,33600
2003-01-14 13:05:00,0.2200,0.2200,0.2200,0.2200,22400
2003-01-14 13:04:00,0.2200,0.2200,0.2190,0.2200,1136800
2003-01-14 13:03:00,0.2200,0.2200,0.2190,0.2200,5600
2003-01-14 13:02:00,0.2200,0.2200,0.2190,0.2200,2030728
2003-01-14 13:01:00,0.2200,0.2200,0.2190,0.2200,929600
2003-01-14 13:00:00,0.2200,0.2200,0.2190,0.2200,1008000
2003-01-14 12:59:00,0.2200,0.2200,0.2190,0.2200,487200
2003-01-14 12:58:00,0.2200,0.2200,0.2190,0.2200,795200
2003-01-14 12:57:00,0.2200,0.2200,0.2190,0.2200,246400
2003-01-14 12:56:00,0.2200,0.2200,0.2190,0.2200,285600
2003-01-14 12:55:00,0.2200,0.2200,0.2190,0.2200,89600
2003-01-14 12:54:00,0.2200,0.2200,0.2200,0.2200,28000
2003-01-14 12:53:00,0.2200,0.2200,0.2200,0.2200,72800
2003-01-14 12:52:00,0.2200,0.2200,0.2200,0.2200,658000
2003-01-14 12:51:00,0.2200,0.2210,0.2200,0.2200,1534400
2003-01-14 12:50:00,0.2200,0.2200,0.2200,0.2200,89600
2003-01-14 12:49:00,0.2200,0.2200,0.2200,0.2200,5600
2003-01-14 12:48:00,0.2200,0.2200,0.2200,0.2200,152600
2003-01-14 12:47:00,0.2200,0.2200,0.2200,0.2200,322056
2003-01-14 12:46:00,0.2200,0.2200,0.2200,0.2200,179200
2003-01-14 12:45:00,0.2200,0.2200,0.2200,0.2200,134400
2003-01-14 12:44:00,0.2210,0.2210,0.2190,0.2200,2693600
2003-01-14 12:43:00,0.2200,0.2210,0.2200,0.2200,128800
2003-01-14 12:42:00,0.2200,0.2210,0.2200,0.2200,331464
2003-01-14 12:40:00,0.2200,0.2210,0.2200,0.2200,58016
2003-01-14 12:39:00,0.2210,0.2210,0.2200,0.2210,980000
2003-01-14 12:38:00,0.2210,0.2210,0.2200,0.2210,162288
2003-01-14 12:37:00,0.2210,0.2210,0.2200,0.2210,296800
2003-01-14 12:36:00,0.2210,0.2210,0.2200,0.2210,5600
2003-01-14 12:35:00,0.2210,0.2210,0.2200,0.2210,28000
2003-01-14 12:34:00,0.2200,0.2210,0.2200,0.2210,341600
2003-01-14 12:33:00,0.2210,0.2210,0.2200,0.2210,341600
2003-01-14 12:32:00,0.2200,0.2210,0.2200,0.2210,616000
2003-01-14 12:31:00,0.2210,0.2210,0.2190,0.2200,912800
2003-01-14 12:30:00,0.2210,0.2210,0.2200,0.2210,1080800
2003-01-14 12:29:00,0.2210,0.2210,0.2200,0.2210,109200
2003-01-14 12:27:00,0.2210,0.2210,0.2200,0.2210,39200
2003-01-14 12:26:00,0.2210,0.2210,0.2200,0.2210,11200
2003-01-14 12:25:00,0.2210,0.2210,0.2200,0.2210,22400
2003-01-14 12:24:00,0.2210,0.2210,0.2200,0.2210,5600
2003-01-14 12:23:00,0.2210,0.2210,0.2200,0.2210,1461600
2003-01-14 12:22:00,0.2210,0.2210,0.2200,0.2210,5600
2003-01-14 12:21:00,0.2210,0.2210,0.2200,0.2210,95200
2003-01-14 12:20:00,0.2210,0.2210,0.2200,0.2210,56000
2003-01-14 12:19:00,0.2210,0.2210,0.2210,0.2210,67200
2003-01-14 12:18:00,0.2210,0.2210,0.2210,0.2210,72800
2003-01-14 12:17:00,0.2210,0.2210,0.2210,0.2210,128800
2003-01-14 12:16:00,0.2210,0.2220,0.2210,0.2210,50400
2003-01-14 12:14:00,0.2210,0.2210,0.2210,0.2210,44800
2003-01-14 12:13:00,0.2210,0.2220,0.2210,0.2210,89600
2003-01-14 12:12:00,0.2210,0.2220,0.2210,0.2210,140000
2003-01-14 12:11:00,0.2210,0.2220,0.2210,0.2210,229600
2003-01-14 12:10:00,0.2210,0.2210,0.2210,0.2210,16800
2003-01-14 12:09:00,0.2210,0.2210,0.2210,0.2210,128800
2003-01-14 12:08:00,0.2210,0.2210,0.2210,0.2210,22400
2003-01-14 12:07:00,0.2210,0.2210,0.2200,0.2210,22400
2003-01-14 12:06:00,0.2210,0.2210,0.2200,0.2210,134400
2003-01-14 12:05:00,0.2210,0.2210,0.2200,0.2210,44800
2003-01-14 12:04:00,0.2210,0.2210,0.2210,0.2210,39200
2003-01-14 12:03:00,0.2210,0.2210,0.2200,0.2210,84000
2003-01-14 12:02:00,0.2210,0.2220,0.2210,0.2210,100800
2003-01-14 12:01:00,0.2210,0.2220,0.2210,0.2210,28000
2003-01-14 12:00:00,0.2210,0.2220,0.2210,0.2210,420000
2003-01-14 11:59:00,0.2210,0.2210,0.2210,0.2210,196000
2003-01-14 11:56:00,0.2210,0.2220,0.2210,0.2210,61600
2003-01-14 11:55:00,0.2210,0.2220,0.2210,0.2210,78400
2003-01-14 11:54:00,0.2210,0.2220,0.2210,0.2210,72800
2003-01-14 11:53:00,0.2210,0.2220,0.2210,0.2210,190400
2003-01-14 11:52:00,0.2210,0.2210,0.2210,0.2210,33600
2003-01-14 11:51:00,0.2210,0.2210,0.2210,0.2210,67200
2003-01-14 11:49:00,0.2210,0.2210,0.2210,0.2210,123200
2003-01-14 11:48:00,0.2210,0.2210,0.2210,0.2210,464800
2003-01-14 11:47:00,0.2210,0.2220,0.2210,0.2210,364000
2003-01-14 11:46:00,0.2210,0.2220,0.2210,0.2210,257600
2003-01-14 11:45:00,0.2210,0.2220,0.2200,0.2210,190400
2003-01-14 11:44:00,0.2210,0.2210,0.2200,0.2210,5600
2003-01-14 11:43:00,0.2210,0.2220,0.2210,0.2210,769440
2003-01-14 11:42:00,0.2210,0.2220,0.2210,0.2210,476000
2003-01-14 11:41:00,0.2210,0.2220,0.2210,0.2210,218400
2003-01-14 11:40:00,0.2210,0.2220,0.2210,0.2210,229600
2003-01-14 11:39:00,0.2210,0.2220,0.2210,0.2210,100800
2003-01-14 11:38:00,0.2210,0.2220,0.2210,0.2210,50400
2003-01-14 11:37:00,0.2210,0.2220,0.2210,0.2210,44800
2003-01-14 11:35:00,0.2210,0.2210,0.2210,0.2210,39200
2003-01-14 11:34:00,0.2210,0.2220,0.2200,0.2210,784000
2003-01-14 11:33:00,0.2200,0.2210,0.2200,0.2210,13440
2003-01-14 11:32:00,0.2210,0.2210,0.2200,0.2210,39200
2003-01-14 11:30:00,0.2210,0.2210,0.2200,0.2200,124208
2003-01-14 11:29:00,0.2210,0.2210,0.2200,0.2200,44800
2003-01-14 11:27:00,0.2210,0.2210,0.2200,0.2210,89600
2003-01-14 11:26:00,0.2200,0.2210,0.2200,0.2200,319200
2003-01-14 11:25:00,0.2200,0.2210,0.2200,0.2200,744800
2003-01-14 11:24:00,0.2210,0.2210,0.2200,0.2200,16800
2003-01-14 11:23:00,0.2200,0.2210,0.2200,0.2210,61600
2003-01-14 11:22:00,0.2210,0.2210,0.2200,0.2200,112000
2003-01-14 11:21:00,0.2210,0.2210,0.2200,0.2210,39200
2003-01-14 11:20:00,0.2210,0.2210,0.2200,0.2210,100800
2003-01-14 11:19:00,0.2210,0.2210,0.2200,0.2210,56000
2003-01-14 11:18:00,0.2210,0.2210,0.2210,0.2210,5600
2003-01-14 11:17:00,0.2210,0.2210,0.2210,0.2210,29400
2003-01-14 11:16:00,0.2210,0.2210,0.2200,0.2210,215040
2003-01-14 11:15:00,0.2210,0.2210,0.2200,0.2210,28000
2003-01-14 11:14:00,0.2210,0.2220,0.2200,0.2210,345184
2003-01-14 11:13:00,0.2200,0.2210,0.2200,0.2210,198968
2003-01-14 11:12:00,0.2200,0.2210,0.2200,0.2210,392000
2003-01-14 11:11:00,0.2200,0.2210,0.2200,0.2210,117600
2003-01-14 11:10:00,0.2200,0.2210,0.2200,0.2200,257600
2003-01-14 11:09:00,0.2200,0.2210,0.2200,0.2200,319200
2003-01-14 11:08:00,0.2210,0.2210,0.2200,0.2200,1024800
2003-01-14 11:07:00,0.2210,0.2210,0.2200,0.2210,268800
2003-01-14 11:06:00,0.2210,0.2210,0.2200,0.2210,2460136
2003-01-14 11:05:00,0.2210,0.2210,0.2200,0.2210,112000
2003-01-14 11:03:00,0.2210,0.2210,0.2200,0.2210,72800
2003-01-14 11:02:00,0.2210,0.2210,0.2200,0.2210,55272
2003-01-14 11:01:00,0.2210,0.2210,0.2200,0.2210,123200
2003-01-14 11:00:00,0.2210,0.2210,0.2200,0.2210,274400
2003-01-14 10:59:00,0.2200,0.2210,0.2200,0.2210,1083600
2003-01-14 10:58:00,0.2210,0.2220,0.2200,0.2210,565600
2003-01-14 10:57:00,0.2210,0.2220,0.2210,0.2210,218400
2003-01-14 10:56:00,0.2210,0.2220,0.2210,0.2210,22400
2003-01-14 10:55:00,0.2210,0.2220,0.2210,0.2210,408800
2003-01-14 10:54:00,0.2210,0.2210,0.2200,0.2210,254800
2003-01-14 10:53:00,0.2210,0.2210,0.2200,0.2210,532000
2003-01-14 10:52:00,0.2210,0.2220,0.2200,0.2210,229600
2003-01-14 10:51:00,0.2210,0.2220,0.2210,0.2210,112000
2003-01-14 10:50:00,0.2210,0.2220,0.2210,0.2210,935200
2003-01-14 10:49:00,0.2210,0.2220,0.2200,0.2210,275296
2003-01-14 10:48:00,0.2210,0.2220,0.2210,0.2210,512344
2003-01-14 10:47:00,0.2220,0.2220,0.2210,0.2210,918400
2003-01-14 10:46:00,0.2220,0.2230,0.2220,0.2220,84000
2003-01-14 10:45:00,0.2220,0.2230,0.2220,0.2220,229600
2003-01-14 10:44:00,0.2230,0.2230,0.2220,0.2220,414400
2003-01-14 10:43:00,0.2230,0.2230,0.2220,0.2230,179200
2003-01-14 10:42:00,0.2220,0.2230,0.2220,0.2230,386400
2003-01-14 10:41:00,0.2220,0.2220,0.2220,0.2220,123200
2003-01-14 10:40:00,0.2220,0.2230,0.2220,0.2220,168000
2003-01-14 10:39:00,0.2220,0.2220,0.2220,0.2220,145600
2003-01-14 10:38:00,0.2220,0.2220,0.2220,0.2220,212800
2003-01-14 10:37:00,0.2230,0.2230,0.2220,0.2220,543200
2003-01-14 10:36:00,0.2230,0.2230,0.2220,0.2230,436800
2003-01-14 10:35:00,0.2220,0.2230,0.2220,0.2220,95200
2003-01-14 10:34:00,0.2220,0.2230,0.2220,0.2220,173600
2003-01-14 10:33:00,0.2220,0.2220,0.2210,0.2220,252000
2003-01-14 10:32:00,0.2220,0.2230,0.2210,0.2220,292656
2003-01-14 10:31:00,0.2230,0.2230,0.2220,0.2220,696304
2003-01-14 10:30:00,0.2220,0.2230,0.2210,0.2230,1360184
2003-01-14 10:29:00,0.2210,0.2220,0.2210,0.2220,389648
2003-01-14 10:28:00,0.2220,0.2220,0.2210,0.2220,84000
2003-01-14 10:27:00,0.2210,0.2220,0.2210,0.2220,296800
2003-01-14 10:26:00,0.2210,0.2220,0.2210,0.2210,576800
2003-01-14 10:25:00,0.2210,0.2220,0.2210,0.2220,100800
2003-01-14 10:24:00,0.2220,0.2220,0.2210,0.2210,201600
2003-01-14 10:23:00,0.2220,0.2220,0.2210,0.2220,134400
2003-01-14 10:22:00,0.2220,0.2220,0.2210,0.2220,310520
2003-01-14 10:21:00,0.2220,0.2220,0.2210,0.2220,979832
2003-01-14 10:20:00,0.2220,0.2220,0.2210,0.2220,2037112
2003-01-14 10:19:00,0.2200,0.2220,0.2200,0.2210,2066400
2003-01-14 10:18:00,0.2200,0.2210,0.2200,0.2200,369600
2003-01-14 10:17:00,0.2210,0.2210,0.2200,0.2200,168000
2003-01-14 10:16:00,0.2210,0.2210,0.2200,0.2200,257600
2003-01-14 10:15:00,0.2210,0.2210,0.2200,0.2210,341600
2003-01-14 10:14:00,0.2210,0.2210,0.2200,0.2210,151200
2003-01-14 10:13:00,0.2210,0.2210,0.2200,0.2210,218400
2003-01-14 10:12:00,0.2210,0.2210,0.2200,0.2210,308000
2003-01-14 10:11:00,0.2200,0.2210,0.2200,0.2210,459200
2003-01-14 10:10:00,0.2210,0.2210,0.2200,0.2200,881552
2003-01-14 10:09:00,0.2210,0.2210,0.2200,0.2210,11200
2003-01-14 10:08:00,0.2210,0.2210,0.2200,0.2210,565600
2003-01-14 10:07:00,0.2200,0.2210,0.2200,0.2210,778400
2003-01-14 10:06:00,0.2200,0.2210,0.2200,0.2200,666400
2003-01-14 10:05:00,0.2210,0.2210,0.2200,0.2200,1948800
2003-01-14 10:04:00,0.2210,0.2210,0.2200,0.2210,358400
2003-01-14 10:03:00,0.2210,0.2220,0.2200,0.2210,408800
2003-01-14 10:02:00,0.2220,0.2220,0.2210,0.2210,532000
2003-01-14 10:01:00,0.2220,0.2220,0.2210,0.2220,207200
2003-01-14 10:00:00,0.2220,0.2230,0.2210,0.2220,1323616
2003-01-14 09:59:00,0.2220,0.2220,0.2210,0.2220,1067248
2003-01-14 09:58:00,0.2210,0.2220,0.2210,0.2220,1327200
2003-01-14 09:57:00,0.2210,0.2210,0.2200,0.2210,834400
2003-01-14 09:56:00,0.2210,0.2210,0.2200,0.2210,204400
2003-01-14 09:55:00,0.2210,0.2210,0.2200,0.2210,621600
2003-01-14 09:54:00,0.2210,0.2210,0.2200,0.2210,156968
2003-01-14 09:53:00,0.2210,0.2210,0.2200,0.2210,1556800
2003-01-14 09:52:00,0.2210,0.2210,0.2200,0.2210,141008
2003-01-14 09:51:00,0.2200,0.2210,0.2200,0.2210,267904
2003-01-14 09:50:00,0.2210,0.2210,0.2200,0.2200,168000
2003-01-14 09:49:00,0.2210,0.2210,0.2200,0.2200,448000
2003-01-14 09:48:00,0.2210,0.2210,0.2200,0.2210,985544
2003-01-14 09:47:00,0.2210,0.2210,0.2200,0.2210,660800
2003-01-14 09:46:00,0.2200,0.2210,0.2200,0.2210,1431136
2003-01-14 09:45:00,0.2210,0.2210,0.2200,0.2200,1677704
2003-01-14 09:44:00,0.2210,0.2210,0.2200,0.2200,660856
2003-01-14 09:43:00,0.2220,0.2220,0.2200,0.2210,694400
2003-01-14 09:42:00,0.2220,0.2220,0.2220,0.2220,134400
2003-01-14 09:41:00,0.2220,0.2220,0.2210,0.2220,487200
2003-01-14 09:40:00,0.2220,0.2230,0.2220,0.2220,1157968
2003-01-14 09:39:00,0.2230,0.2230,0.2220,0.2220,151200
2003-01-14 09:38:00,0.2230,0.2240,0.2220,0.2220,1209600
2003-01-14 09:37:00,0.2240,0.2240,0.2230,0.2230,599200
2003-01-14 09:36:00,0.2240,0.2250,0.2240,0.2240,587664
2003-01-14 09:35:00,0.2240,0.2250,0.2230,0.2240,1608208
2003-01-14 09:34:00,0.2240,0.2240,0.2230,0.2240,618968
2003-01-14 09:33:00,0.2240,0.2240,0.2230,0.2240,476000
2003-01-14 09:32:00,0.2230,0.2240,0.2220,0.2240,507192
2003-01-14 09:31:00,0.2230,0.2240,0.2220,0.2230,963144
2003-01-14 09:30:00,0.2230,0.2230,0.2220,0.2230,3091032
2003-01-14 09:29:00,0.2230,0.2230,0.2220,0.2230,229600
2003-01-14 09:27:00,0.2230,0.2230,0.2220,0.2230,5600
2003-01-14 09:26:00,0.2230,0.2230,0.2220,0.2230,112000
2003-01-14 09:25:00,0.2230,0.2230,0.2220,0.2230,28000
2003-01-14 09:23:00,0.2230,0.2230,0.2220,0.2220,78400
2003-01-14 08:46:00,0.2230,0.2230,0.2220,0.2230,11200
2003-01-14 08:30:00,0.2230,0.2230,0.2220,0.2230,33600
2003-01-13 17:08:00,0.2220,0.2220,0.2210,0.2220,11200
2003-01-13 16:27:00,0.2220,0.2220,0.2210,0.2220,106400
2003-01-13 16:23:00,0.2230,0.2240,0.2230,0.2240,173600
2003-01-13 16:22:00,0.2230,0.2240,0.2210,0.2220,44800
2003-01-13 16:20:00,0.2210,0.2210,0.2210,0.2210,22400
2003-01-13 16:12:00,0.2220,0.2220,0.2210,0.2220,33600
2003-01-13 16:11:00,0.2220,0.2220,0.2210,0.2220,201600
2003-01-13 16:10:00,0.2220,0.2220,0.2210,0.2220,145600
2003-01-13 16:09:00,0.2220,0.2220,0.2210,0.2220,3505600
2003-01-13 16:08:00,0.2220,0.2220,0.2210,0.2220,5600
2003-01-13 16:07:00,0.2220,0.2220,0.2210,0.2220,207200
2003-01-13 16:05:00,0.2220,0.2220,0.2210,0.2220,268800
2003-01-13 16:04:00,0.2220,0.2220,0.2210,0.2220,414400
2003-01-13 16:03:00,0.2220,0.2220,0.2210,0.2220,39200
2003-01-13 16:01:00,0.2210,0.2220,0.2210,0.2210,56000
2003-01-13 16:00:00,0.2240,0.2240,0.2210,0.2210,405720
2003-01-13 15:59:00,0.2210,0.2240,0.2210,0.2240,2498664
2003-01-13 15:58:00,0.2210,0.2210,0.2200,0.2210,576800
2003-01-13 15:57:00,0.2210,0.2220,0.2200,0.2210,911848
2003-01-13 15:56:00,0.2210,0.2210,0.2200,0.2210,719600
2003-01-13 15:55:00,0.2210,0.2210,0.2200,0.2210,280224
2003-01-13 15:54:00,0.2210,0.2210,0.2200,0.2210,324800
2003-01-13 15:53:00,0.2210,0.2210,0.2200,0.2210,442400
2003-01-13 15:52:00,0.2200,0.2210,0.2200,0.2210,1243368
2003-01-13 15:51:00,0.2200,0.2210,0.2200,0.2200,330400
2003-01-13 15:50:00,0.2200,0.2210,0.2200,0.2200,476000
2003-01-13 15:49:00,0.2200,0.2210,0.2200,0.2200,239680
2003-01-13 15:48:00,0.2200,0.2210,0.2200,0.2200,487200
2003-01-13 15:47:00,0.2210,0.2210,0.2200,0.2200,420000
2003-01-13 15:46:00,0.2210,0.2210,0.2200,0.2210,392000
2003-01-13 15:45:00,0.2210,0.2210,0.2200,0.2210,361536
2003-01-13 15:44:00,0.2210,0.2210,0.2200,0.2210,464800
2003-01-13 15:43:00,0.2210,0.2210,0.2200,0.2210,156800
2003-01-13 15:42:00,0.2210,0.2220,0.2210,0.2210,190400
2003-01-13 15:41:00,0.2210,0.2220,0.2210,0.2210,185920
2003-01-13 15:40:00,0.2210,0.2220,0.2210,0.2210,128800
2003-01-13 15:39:00,0.2210,0.2220,0.2210,0.2210,2088800
2003-01-13 15:38:00,0.2210,0.2220,0.2210,0.2210,420000
2003-01-13 15:37:00,0.2220,0.2220,0.2210,0.2210,785288
2003-01-13 15:36:00,0.2210,0.2220,0.2200,0.2210,730800
2003-01-13 15:35:00,0.2210,0.2210,0.2200,0.2210,548800
2003-01-13 15:34:00,0.2210,0.2210,0.2200,0.2210,59136
2003-01-13 15:33:00,0.2210,0.2210,0.2200,0.2210,85288
2003-01-13 15:32:00,0.2210,0.2210,0.2200,0.2210,50400
2003-01-13 15:31:00,0.2210,0.2210,0.2200,0.2210,212800
2003-01-13 15:30:00,0.2220,0.2220,0.2210,0.2210,100800
2003-01-13 15:29:00,0.2220,0.2220,0.2210,0.2220,218400
2003-01-13 15:28:00,0.2220,0.2220,0.2210,0.2220,341600
2003-01-13 15:27:00,0.2210,0.2220,0.2210,0.2220,646800
2003-01-13 15:26:00,0.2210,0.2210,0.2210,0.2210,95200
2003-01-13 15:25:00,0.2210,0.2210,0.2210,0.2210,56000
2003-01-13 15:24:00,0.2210,0.2210,0.2210,0.2210,314440
2003-01-13 15:23:00,0.2210,0.2210,0.2200,0.2210,191296
2003-01-13 15:22:00,0.2210,0.2210,0.2200,0.2210,184800
2003-01-13 15:21:00,0.2210,0.2210,0.2200,0.2210,535248
2003-01-13 15:20:00,0.2210,0.2210,0.2200,0.2210,313600
2003-01-13 15:19:00,0.2210,0.2210,0.2200,0.2210,33600
2003-01-13 15:18:00,0.2210,0.2210,0.2200,0.2210,56000
2003-01-13 15:17:00,0.2210,0.2210,0.2200,0.2210,11200
2003-01-13 15:16:00,0.2210,0.2210,0.2200,0.2210,84000
2003-01-13 15:15:00,0.2210,0.2210,0.2200,0.2210,33600
2003-01-13 15:14:00,0.2210,0.2210,0.2200,0.2210,39200
2003-01-13 15:13:00,0.2210,0.2210,0.2200,0.2210,44800
2003-01-13 15:12:00,0.2210,0.2210,0.2200,0.2210,408800
2003-01-13 15:11:00,0.2210,0.2210,0.2200,0.2210,408800
2003-01-13 15:10:00,0.2210,0.2210,0.2200,0.2210,50400
2003-01-13 15:09:00,0.2210,0.2210,0.2200,0.2210,448000
2003-01-13 15:08:00,0.2210,0.2210,0.2200,0.2210,5600
2003-01-13 15:07:00,0.2210,0.2210,0.2200,0.2210,319200
2003-01-13 15:06:00,0.2210,0.2210,0.2200,0.2210,190400
2003-01-13 15:05:00,0.2210,0.2210,0.2200,0.2210,100800
2003-01-13 15:04:00,0.2210,0.2210,0.2200,0.2210,217840
2003-01-13 15:03:00,0.2210,0.2210,0.2200,0.2210,212800
2003-01-13 15:02:00,0.2210,0.2210,0.2200,0.2210,1489600
2003-01-13 15:01:00,0.2210,0.2210,0.2200,0.2210,274400
2003-01-13 15:00:00,0.2210,0.2210,0.2200,0.2210,196000
2003-01-13 14:59:00,0.2210,0.2210,0.2200,0.2210,1103200
2003-01-13 14:58:00,0.2210,0.2210,0.2200,0.2210,291200
2003-01-13 14:57:00,0.2210,0.2210,0.2200,0.2210,201768
2003-01-13 14:56:00,0.2210,0.2210,0.2200,0.2210,151200
2003-01-13 14:55:00,0.2210,0.2210,0.2200,0.2210,67648
2003-01-13 14:54:00,0.2210,0.2210,0.2210,0.2210,78400
2003-01-13 14:53:00,0.2210,0.2210,0.2210,0.2210,263200
2003-01-13 14:52:00,0.2210,0.2220,0.2210,0.2210,532000
2003-01-13 14:51:00,0.2210,0.2210,0.2210,0.2210,179200
2003-01-13 14:50:00,0.2210,0.2210,0.2200,0.2210,112000
2003-01-13 14:49:00,0.2210,0.2210,0.2200,0.2210,76048
2003-01-13 14:48:00,0.2210,0.2210,0.2200,0.2210,168000
2003-01-13 14:47:00,0.2210,0.2210,0.2200,0.2210,235200
2003-01-13 14:46:00,0.2210,0.2210,0.2200,0.2210,50400
2003-01-13 14:45:00,0.2210,0.2210,0.2200,0.2210,464800
2003-01-13 14:44:00,0.2210,0.2210,0.2200,0.2210,224000
2003-01-13 14:43:00,0.2210,0.2210,0.2200,0.2210,56000
2003-01-13 14:42:00,0.2210,0.2210,0.2200,0.2210,218400
2003-01-13 14:41:00,0.2210,0.2210,0.2200,0.2210,252000
2003-01-13 14:40:00,0.2210,0.2210,0.2200,0.2210,33600
2003-01-13 14:39:00,0.2210,0.2210,0.2200,0.2210,33600
2003-01-13 14:38:00,0.2210,0.2210,0.2200,0.2210,425600
2003-01-13 14:37:00,0.2210,0.2210,0.2210,0.2210,106400
2003-01-13 14:36:00,0.2210,0.2220,0.2210,0.2210,282520
2003-01-13 14:35:00,0.2210,0.2220,0.2210,0.2210,16800
2003-01-13 14:34:00,0.2210,0.2220,0.2210,0.2210,84000
2003-01-13 14:33:00,0.2210,0.2220,0.2210,0.2210,291200
2003-01-13 14:32:00,0.2210,0.2220,0.2210,0.2210,190400
2003-01-13 14:31:00,0.2210,0.2220,0.2210,0.2220,151200
2003-01-13 14:30:00,0.2210,0.2220,0.2210,0.2210,322392
2003-01-13 14:29:00,0.2210,0.2220,0.2210,0.2210,140000
2003-01-13 14:28:00,0.2210,0.2220,0.2210,0.2210,151200
2003-01-13 14:27:00,0.2210,0.2220,0.2210,0.2210,140000
2003-01-13 14:26:00,0.2220,0.2220,0.2210,0.2210,256872
2003-01-13 14:25:00,0.2220,0.2220,0.2220,0.2220,190400
2003-01-13 14:24:00,0.2220,0.2220,0.2220,0.2220,56000
2003-01-13 14:23:00,0.2220,0.2220,0.2220,0.2220,78400
2003-01-13 14:22:00,0.2220,0.2220,0.2220,0.2220,50400
2003-01-13 14:21:00,0.2220,0.2220,0.2220,0.2220,274400
2003-01-13 14:20:00,0.2220,0.2220,0.2220,0.2220,151200
2003-01-13 14:19:00,0.2220,0.2230,0.2220,0.2220,162400
2003-01-13 14:18:00,0.2220,0.2230,0.2220,0.2220,578648
2003-01-13 14:17:00,0.2230,0.2230,0.2220,0.2220,336000
2003-01-13 14:16:00,0.2220,0.2230,0.2220,0.2220,162400
2003-01-13 14:15:00,0.2220,0.2230,0.2220,0.2220,112000
2003-01-13 14:14:00,0.2220,0.2220,0.2220,0.2220,190400
2003-01-13 14:13:00,0.2220,0.2220,0.2220,0.2220,319200
2003-01-13 14:12:00,0.2220,0.2220,0.2220,0.2220,5600
2003-01-13 14:11:00,0.2220,0.2220,0.2220,0.2220,72800
2003-01-13 14:10:00,0.2220,0.2220,0.2220,0.2220,834064
2003-01-13 14:09:00,0.2230,0.2230,0.2220,0.2220,131096
2003-01-13 14:08:00,0.2220,0.2230,0.2220,0.2220,134400
2003-01-13 14:07:00,0.2220,0.2230,0.2220,0.2220,235200
2003-01-13 14:06:00,0.2220,0.2230,0.2220,0.2220,190400
2003-01-13 14:05:00,0.2220,0.2230,0.2220,0.2220,47600
2003-01-13 14:04:00,0.2230,0.2230,0.2220,0.2220,84000
2003-01-13 14:03:00,0.2230,0.2230,0.2220,0.2230,50400
2003-01-13 14:02:00,0.2220,0.2230,0.2220,0.2220,112000
2003-01-13 14:01:00,0.2230,0.2230,0.2220,0.2220,56000
2003-01-13 14:00:00,0.2220,0.2230,0.2220,0.2220,201600
2003-01-13 13:59:00,0.2220,0.2230,0.2220,0.2220,571200
2003-01-13 13:58:00,0.2220,0.2230,0.2220,0.2220,413560
2003-01-13 13:57:00,0.2220,0.2220,0.2210,0.2220,92904
2003-01-13 13:56:00,0.2220,0.2220,0.2210,0.2220,263200
2003-01-13 13:55:00,0.2210,0.2220,0.2210,0.2220,347200
2003-01-13 13:54:00,0.2210,0.2220,0.2210,0.2210,196000
2003-01-13 13:53:00,0.2210,0.2210,0.2210,0.2210,61600
2003-01-13 13:52:00,0.2210,0.2210,0.2210,0.2210,106400
2003-01-13 13:51:00,0.2210,0.2210,0.2200,0.2210,403200
2003-01-13 13:50:00,0.2210,0.2210,0.2200,0.2210,61600
2003-01-13 13:49:00,0.2200,0.2210,0.2200,0.2210,180656
2003-01-13 13:48:00,0.2210,0.2210,0.2200,0.2200,282184
2003-01-13 13:47:00,0.2210,0.2210,0.2200,0.2210,33600
2003-01-13 13:46:00,0.2210,0.2210,0.2200,0.2210,33600
2003-01-13 13:45:00,0.2210,0.2210,0.2200,0.2210,67200
2003-01-13 13:44:00,0.2210,0.2210,0.2200,0.2210,257600
2003-01-13 13:43:00,0.2200,0.2210,0.2200,0.2200,39200
2003-01-13 13:42:00,0.2200,0.2210,0.2200,0.2200,156800
2003-01-13 13:41:00,0.2210,0.2210,0.2200,0.2210,632800
2003-01-13 13:40:00,0.2210,0.2210,0.2200,0.2210,106400
2003-01-13 13:39:00,0.2210,0.2210,0.2200,0.2210,11200
2003-01-13 13:38:00,0.2210,0.2210,0.2200,0.2210,140000
2003-01-13 13:37:00,0.2210,0.2210,0.2200,0.2210,1270808
2003-01-13 13:36:00,0.2210,0.2210,0.2200,0.2210,61600
2003-01-13 13:35:00,0.2210,0.2210,0.2200,0.2210,84000
2003-01-13 13:34:00,0.2210,0.2210,0.2200,0.2210,5600
2003-01-13 13:33:00,0.2210,0.2210,0.2200,0.2210,68992
2003-01-13 13:32:00,0.2210,0.2210,0.2210,0.2210,11200
2003-01-13 13:31:00,0.2210,0.2210,0.2200,0.2210,39200
2003-01-13 13:30:00,0.2210,0.2210,0.2200,0.2210,123200
2003-01-13 13:29:00,0.2210,0.2210,0.2200,0.2210,61600
2003-01-13 13:28:00,0.2210,0.2210,0.2200,0.2210,118160
2003-01-13 13:27:00,0.2210,0.2210,0.2200,0.2210,44800
2003-01-13 13:25:00,0.2210,0.2210,0.2200,0.2210,240800
2003-01-13 13:24:00,0.2210,0.2210,0.2200,0.2210,78400
2003-01-13 13:23:00,0.2210,0.2210,0.2200,0.2210,106400
2003-01-13 13:22:00,0.2210,0.2210,0.2200,0.2210,95200
2003-01-13 13:21:00,0.2210,0.2210,0.2200,0.2210,342048
2003-01-13 13:20:00,0.2210,0.2210,0.2200,0.2210,140000
2003-01-13 13:19:00,0.2210,0.2210,0.2200,0.2210,67200
2003-01-13 13:18:00,0.2210,0.2210,0.2200,0.2210,190400
2003-01-13 13:17:00,0.2210,0.2210,0.2200,0.2210,134400
2003-01-13 13:16:00,0.2210,0.2210,0.2200,0.2210,207200
2003-01-13 13:15:00,0.2210,0.2210,0.2200,0.2210,50400
2003-01-13 13:14:00,0.2210,0.2210,0.2200,0.2210,61600
2003-01-13 13:13:00,0.2210,0.2210,0.2200,0.2210,11200
2003-01-13 13:12:00,0.2210,0.2210,0.2200,0.2210,112000
2003-01-13 13:11:00,0.2210,0.2210,0.2200,0.2210,89600
2003-01-13 13:10:00,0.2210,0.2220,0.2200,0.2210,324800
2003-01-13 13:09:00,0.2220,0.2220,0.2210,0.2210,106400
2003-01-13 13:08:00,0.2220,0.2220,0.2210,0.2210,61600
2003-01-13 13:07:00,0.2220,0.2220,0.2210,0.2220,330400
2003-01-13 13:06:00,0.2220,0.2220,0.2210,0.2210,302400
2003-01-13 13:05:00,0.2210,0.2220,0.2210,0.2210,235200
2003-01-13 13:04:00,0.2210,0.2220,0.2210,0.2210,896000
2003-01-13 13:03:00,0.2210,0.2220,0.2210,0.2210,313600
2003-01-13 13:02:00,0.2220,0.2220,0.2210,0.2210,190400
2003-01-13 13:01:00,0.2220,0.2220,0.2220,0.2220,28000
2003-01-13 13:00:00,0.2220,0.2230,0.2220,0.2220,33600
2003-01-13 12:59:00,0.2220,0.2230,0.2220,0.2220,229600
2003-01-13 12:58:00,0.2220,0.2230,0.2220,0.2220,285600
2003-01-13 12:57:00,0.2230,0.2230,0.2220,0.2220,509600
2003-01-13 12:56:00,0.2230,0.2230,0.2220,0.2230,235200
2003-01-13 12:55:00,0.2230,0.2240,0.2230,0.2230,11200
2003-01-13 12:54:00,0.2230,0.2240,0.2230,0.2230,50400
2003-01-13 12:53:00,0.2230,0.2240,0.2230,0.2230,828800
2003-01-13 12:52:00,0.2230,0.2240,0.2230,0.2230,442400
2003-01-13 12:51:00,0.2230,0.2240,0.2230,0.2230,392000
2003-01-13 12:50:00,0.2230,0.2240,0.2220,0.2230,1019200
2003-01-13 12:49:00,0.2230,0.2230,0.2220,0.2230,28000
2003-01-13 12:48:00,0.2230,0.2230,0.2220,0.2230,128800
2003-01-13 12:47:00,0.2230,0.2230,0.2220,0.2230,610400
2003-01-13 12:46:00,0.2230,0.2230,0.2220,0.2230,470400
2003-01-13 12:45:00,0.2230,0.2230,0.2220,0.2230,72800
2003-01-13 12:44:00,0.2230,0.2230,0.2220,0.2230,28000
2003-01-13 12:43:00,0.2230,0.2230,0.2220,0.2230,56000
2003-01-13 12:42:00,0.2230,0.2230,0.2220,0.2230,28000
2003-01-13 12:41:00,0.2230,0.2230,0.2220,0.2230,28112
2003-01-13 12:40:00,0.2230,0.2230,0.2220,0.2230,700000
2003-01-13 12:39:00,0.2220,0.2230,0.2220,0.2220,352800
2003-01-13 12:38:00,0.2220,0.2230,0.2220,0.2220,56000
2003-01-13 12:37:00,0.2220,0.2220,0.2220,0.2220,140000
2003-01-13 12:36:00,0.2220,0.2220,0.2220,0.2220,156800
2003-01-13 12:34:00,0.2220,0.2230,0.2220,0.2220,300160
2003-01-13 12:33:00,0.2230,0.2230,0.2220,0.2220,156800
2003-01-13 12:32:00,0.2230,0.2230,0.2220,0.2230,16800
2003-01-13 12:31:00,0.2230,0.2230,0.2230,0.2230,194096
2003-01-13 12:30:00,0.2230,0.2240,0.2220,0.2230,487200
2003-01-13 12:29:00,0.2230,0.2230,0.2220,0.2230,1523200
2003-01-13 12:28:00,0.2230,0.2240,0.2220,0.2230,921480
2003-01-13 12:27:00,0.2230,0.2230,0.2220,0.2230,481600
2003-01-13 12:26:00,0.2220,0.2230,0.2220,0.2220,176064
2003-01-13 12:25:00,0.2220,0.2230,0.2220,0.2220,548800
2003-01-13 12:24:00,0.2220,0.2220,0.2210,0.2220,341600
2003-01-13 12:23:00,0.2220,0.2220,0.2210,0.2220,100800
2003-01-13 12:22:00,0.2220,0.2220,0.2210,0.2220,117600
2003-01-13 12:21:00,0.2220,0.2220,0.2210,0.2220,1390144
2003-01-13 12:20:00,0.2210,0.2220,0.2210,0.2220,106400
2003-01-13 12:19:00,0.2210,0.2220,0.2210,0.2210,22400
2003-01-13 12:18:00,0.2210,0.2220,0.2210,0.2210,89600
2003-01-13 12:17:00,0.2210,0.2220,0.2210,0.2210,324800
2003-01-13 12:16:00,0.2210,0.2220,0.2210,0.2210,308000
2003-01-13 12:15:00,0.2210,0.2210,0.2210,0.2210,112000
2003-01-13 12:14:00,0.2210,0.2210,0.2210,0.2210,151200
2003-01-13 12:12:00,0.2210,0.2220,0.2210,0.2210,78400
2003-01-13 12:11:00,0.2210,0.2220,0.2210,0.2210,67200
2003-01-13 12:10:00,0.2210,0.2210,0.2210,0.2210,33600
2003-01-13 12:09:00,0.2210,0.2210,0.2200,0.2210,235200
2003-01-13 12:08:00,0.2210,0.2210,0.2200,0.2210,11200
2003-01-13 12:07:00,0.2210,0.2220,0.2200,0.2210,274400
2003-01-13 12:06:00,0.2210,0.2220,0.2210,0.2210,476000
2003-01-13 12:05:00,0.2210,0.2210,0.2200,0.2210,173600
2003-01-13 12:04:00,0.2210,0.2210,0.2200,0.2210,106400
2003-01-13 12:03:00,0.2210,0.2210,0.2200,0.2210,16800
2003-01-13 12:02:00,0.2210,0.2210,0.2200,0.2210,128800
2003-01-13 12:01:00,0.2210,0.2210,0.2200,0.2210,179200
2003-01-13 12:00:00,0.2210,0.2210,0.2200,0.2210,379736
2003-01-13 11:59:00,0.2200,0.2210,0.2200,0.2210,559720
2003-01-13 11:58:00,0.2200,0.2210,0.2200,0.2200,106400
2003-01-13 11:57:00,0.2200,0.2200,0.2190,0.2200,56000
2003-01-13 11:56:00,0.2200,0.2200,0.2190,0.2200,33600
2003-01-13 11:55:00,0.2200,0.2200,0.2190,0.2200,201600
2003-01-13 11:54:00,0.2200,0.2200,0.2190,0.2200,2280208
2003-01-13 11:53:00,0.2200,0.2200,0.2190,0.2200,134400
2003-01-13 11:52:00,0.2200,0.2200,0.2190,0.2200,689584
2003-01-13 11:51:00,0.2200,0.2200,0.2190,0.2200,1792000
2003-01-13 11:50:00,0.2200,0.2200,0.2190,0.2200,1192800
2003-01-13 11:49:00,0.2200,0.2200,0.2190,0.2200,67200
2003-01-13 11:48:00,0.2200,0.2200,0.2190,0.2200,212800
2003-01-13 11:47:00,0.2200,0.2200,0.2190,0.2200,56000
2003-01-13 11:46:00,0.2200,0.2200,0.2190,0.2200,470400
2003-01-13 11:45:00,0.2200,0.2200,0.2200,0.2200,123200
2003-01-13 11:44:00,0.2200,0.2200,0.2200,0.2200,5600
2003-01-13 11:43:00,0.2200,0.2200,0.2200,0.2200,28000
2003-01-13 11:42:00,0.2200,0.2200,0.2190,0.2200,134400
2003-01-13 11:41:00,0.2200,0.2200,0.2200,0.2200,5600
2003-01-13 11:40:00,0.2200,0.2200,0.2190,0.2200,117600
2003-01-13 11:39:00,0.2200,0.2200,0.2190,0.2200,1198400
2003-01-13 11:38:00,0.2200,0.2200,0.2190,0.2200,565600
2003-01-13 11:37:00,0.2200,0.2200,0.2190,0.2200,1332800
2003-01-13 11:36:00,0.2200,0.2200,0.2190,0.2200,173600
2003-01-13 11:35:00,0.2200,0.2200,0.2190,0.2200,106792
2003-01-13 11:34:00,0.2200,0.2200,0.2200,0.2200,33600
2003-01-13 11:33:00,0.2200,0.2210,0.2200,0.2200,44800
2003-01-13 11:32:00,0.2200,0.2210,0.2200,0.2200,78400
2003-01-13 11:31:00,0.2200,0.2210,0.2200,0.2200,772464
2003-01-13 11:30:00,0.2200,0.2210,0.2190,0.2200,134400
2003-01-13 11:29:00,0.2200,0.2210,0.2200,0.2200,364000
2003-01-13 11:28:00,0.2200,0.2210,0.2200,0.2200,386400
2003-01-13 11:27:00,0.2200,0.2210,0.2200,0.2200,134400
2003-01-13 11:26:00,0.2200,0.2210,0.2190,0.2200,469112
2003-01-13 11:25:00,0.2200,0.2200,0.2190,0.2200,1024800
2003-01-13 11:24:00,0.2200,0.2200,0.2190,0.2200,72800
2003-01-13 11:23:00,0.2200,0.2200,0.2200,0.2200,56000
2003-01-13 11:22:00,0.2200,0.2200,0.2190,0.2200,100800
2003-01-13 11:21:00,0.2200,0.2200,0.2200,0.2200,56000
2003-01-13 11:20:00,0.2200,0.2200,0.2190,0.2200,72800
2003-01-13 11:19:00,0.2200,0.2200,0.2190,0.2200,1064000
2003-01-13 11:18:00,0.2200,0.2200,0.2190,0.2200,1276800
2003-01-13 11:17:00,0.2200,0.2200,0.2190,0.2200,218400
2003-01-13 11:16:00,0.2200,0.2200,0.2190,0.2200,280000
2003-01-13 11:15:00,0.2200,0.2210,0.2190,0.2200,436352
2003-01-13 11:14:00,0.2200,0.2210,0.2200,0.2200,89600
2003-01-13 11:13:00,0.2200,0.2200,0.2200,0.2200,95200
2003-01-13 11:12:00,0.2210,0.2210,0.2200,0.2200,733600
2003-01-13 11:11:00,0.2200,0.2210,0.2200,0.2210,481600
2003-01-13 11:10:00,0.2200,0.2210,0.2200,0.2200,268800
2003-01-13 11:09:00,0.2210,0.2210,0.2200,0.2200,1643880
2003-01-13 11:08:00,0.2210,0.2210,0.2200,0.2210,13496
2003-01-13 11:07:00,0.2210,0.2210,0.2200,0.2210,2604000
2003-01-13 11:06:00,0.2200,0.2220,0.2200,0.2210,963200
2003-01-13 11:05:00,0.2200,0.2210,0.2200,0.2200,168000
2003-01-13 11:04:00,0.2200,0.2210,0.2190,0.2200,723296
2003-01-13 11:03:00,0.2200,0.2200,0.2190,0.2200,1310400
2003-01-13 11:02:00,0.2200,0.2200,0.2190,0.2200,912800
2003-01-13 11:01:00,0.2200,0.2200,0.2190,0.2200,165200
2003-01-13 11:00:00,0.2200,0.2200,0.2190,0.2200,218400
2003-01-13 10:59:00,0.2200,0.2200,0.2190,0.2200,291200
2003-01-13 10:58:00,0.2200,0.2200,0.2190,0.2200,543200
2003-01-13 10:57:00,0.2200,0.2200,0.2190,0.2200,22400
2003-01-13 10:56:00,0.2200,0.2200,0.2190,0.2200,362432
2003-01-13 10:55:00,0.2200,0.2200,0.2190,0.2200,39200
2003-01-13 10:54:00,0.2200,0.2200,0.2190,0.2200,722400
2003-01-13 10:53:00,0.2200,0.2200,0.2200,0.2200,44800
2003-01-13 10:52:00,0.2200,0.2200,0.2190,0.2200,375200
2003-01-13 10:51:00,0.2200,0.2200,0.2190,0.2200,107912
2003-01-13 10:50:00,0.2200,0.2200,0.2190,0.2190,800800
2003-01-13 10:49:00,0.2190,0.2200,0.2190,0.2190,845152
2003-01-13 10:48:00,0.2200,0.2200,0.2190,0.2190,347200
2003-01-13 10:47:00,0.2200,0.2200,0.2190,0.2190,308000
2003-01-13 10:46:00,0.2200,0.2200,0.2190,0.2190,1226400
2003-01-13 10:45:00,0.2200,0.2200,0.2190,0.2200,523544
2003-01-13 10:44:00,0.2200,0.2200,0.2190,0.2200,627200
2003-01-13 10:43:00,0.2200,0.2200,0.2190,0.2200,543200
2003-01-13 10:42:00,0.2200,0.2210,0.2190,0.2200,1854048
2003-01-13 10:41:00,0.2200,0.2210,0.2190,0.2200,836080
2003-01-13 10:40:00,0.2190,0.2200,0.2190,0.2200,628712
2003-01-13 10:39:00,0.2190,0.2200,0.2190,0.2200,728000
2003-01-13 10:38:00,0.2190,0.2200,0.2190,0.2190,776552
2003-01-13 10:37:00,0.2190,0.2190,0.2180,0.2190,666400
2003-01-13 10:36:00,0.2180,0.2190,0.2180,0.2190,1657600
2003-01-13 10:35:00,0.2180,0.2190,0.2180,0.2180,1366008
2003-01-13 10:34:00,0.2180,0.2190,0.2170,0.2180,425600
2003-01-13 10:33:00,0.2180,0.2190,0.2180,0.2180,946400
2003-01-13 10:32:00,0.2190,0.2190,0.2180,0.2180,1075200
2003-01-13 10:31:00,0.2190,0.2190,0.2180,0.2190,218400
2003-01-13 10:30:00,0.2200,0.2200,0.2180,0.2190,1260840
2003-01-13 10:29:00,0.2190,0.2200,0.2180,0.2190,1898680
2003-01-13 10:28:00,0.2200,0.2210,0.2190,0.2190,2436000
2003-01-13 10:27:00,0.2200,0.2210,0.2190,0.2200,380800
2003-01-13 10:26:00,0.2200,0.2210,0.2190,0.2200,184800
2003-01-13 10:25:00,0.2200,0.2200,0.2190,0.2200,464800
2003-01-13 10:24:00,0.2200,0.2210,0.2190,0.2200,650664
2003-01-13 10:23:00,0.2200,0.2200,0.2190,0.2200,207200
2003-01-13 10:22:00,0.2190,0.2200,0.2180,0.2200,2973208
2003-01-13 10:21:00,0.2200,0.2200,0.2190,0.2190,1716848
2003-01-13 10:20:00,0.2200,0.2200,0.2190,0.2200,1777664
2003-01-13 10:19:00,0.2200,0.2210,0.2190,0.2190,3479504
2003-01-13 10:18:00,0.2210,0.2210,0.2200,0.2200,1060864
2003-01-13 10:17:00,0.2210,0.2220,0.2210,0.2210,448000
2003-01-13 10:16:00,0.2210,0.2220,0.2210,0.2220,733600
2003-01-13 10:15:00,0.2220,0.2220,0.2210,0.2210,470400
2003-01-13 10:14:00,0.2220,0.2220,0.2210,0.2220,514920
2003-01-13 10:13:00,0.2220,0.2220,0.2210,0.2220,655200
2003-01-13 10:12:00,0.2220,0.2220,0.2210,0.2220,1002400
2003-01-13 10:11:00,0.2220,0.2220,0.2220,0.2220,332640
2003-01-13 10:10:00,0.2220,0.2220,0.2220,0.2220,509600
2003-01-13 10:09:00,0.2220,0.2220,0.2220,0.2220,44800
2003-01-13 10:08:00,0.2230,0.2230,0.2220,0.2220,520800
2003-01-13 10:07:00,0.2220,0.2230,0.2220,0.2230,218400
2003-01-13 10:06:00,0.2230,0.2230,0.2220,0.2220,268800
2003-01-13 10:05:00,0.2230,0.2230,0.2220,0.2230,597184
2003-01-13 10:04:00,0.2230,0.2230,0.2220,0.2230,235200
2003-01-13 10:03:00,0.2230,0.2230,0.2220,0.2230,212800
2003-01-13 10:02:00,0.2220,0.2230,0.2220,0.2220,476000
2003-01-13 10:01:00,0.2220,0.2230,0.2210,0.2220,319200
2003-01-13 10:00:00,0.2220,0.2230,0.2220,0.2220,582400
2003-01-13 09:59:00,0.2220,0.2230,0.2210,0.2220,420000
2003-01-13 09:58:00,0.2230,0.2230,0.2210,0.2220,347200
2003-01-13 09:57:00,0.2230,0.2230,0.2220,0.2230,156800
2003-01-13 09:56:00,0.2220,0.2230,0.2220,0.2230,341600
2003-01-13 09:55:00,0.2210,0.2220,0.2210,0.2220,639184
2003-01-13 09:54:00,0.2220,0.2230,0.2210,0.2210,369712
2003-01-13 09:53:00,0.2230,0.2230,0.2220,0.2220,263200
2003-01-13 09:52:00,0.2230,0.2230,0.2220,0.2220,212800
2003-01-13 09:51:00,0.2230,0.2230,0.2220,0.2220,604800
2003-01-13 09:50:00,0.2220,0.2230,0.2220,0.2220,296800
2003-01-13 09:49:00,0.2220,0.2230,0.2220,0.2220,28000
2003-01-13 09:48:00,0.2220,0.2230,0.2220,0.2220,156800
2003-01-13 09:47:00,0.2230,0.2230,0.2220,0.2220,736960
2003-01-13 09:46:00,0.2240,0.2240,0.2230,0.2230,884800
2003-01-13 09:45:00,0.2240,0.2240,0.2230,0.2230,421848
2003-01-13 09:44:00,0.2230,0.2240,0.2230,0.2230,316232
2003-01-13 09:43:00,0.2230,0.2240,0.2230,0.2230,2352000
2003-01-13 09:42:00,0.2240,0.2240,0.2230,0.2230,140000
2003-01-13 09:41:00,0.2230,0.2240,0.2230,0.2240,240800
2003-01-13 09:40:00,0.2230,0.2240,0.2230,0.2240,280000
2003-01-13 09:39:00,0.2240,0.2240,0.2230,0.2230,985600
2003-01-13 09:38:00,0.2230,0.2240,0.2230,0.2240,1215200
2003-01-13 09:37:00,0.2240,0.2240,0.2230,0.2230,435232
2003-01-13 09:36:00,0.2230,0.2240,0.2230,0.2230,343000
2003-01-13 09:35:00,0.2230,0.2240,0.2220,0.2230,1131200
2003-01-13 09:34:00,0.2230,0.2240,0.2220,0.2230,911736
2003-01-13 09:33:00,0.2240,0.2240,0.2230,0.2230,1107288
2003-01-13 09:32:00,0.2240,0.2260,0.2220,0.2240,2980264
2003-01-13 09:31:00,0.2250,0.2260,0.2230,0.2240,1909600
2003-01-13 09:30:00,0.2260,0.2260,0.2230,0.2250,1398320
2003-01-13 09:29:00,0.2250,0.2260,0.2250,0.2250,39200
2003-01-13 09:28:00,0.2250,0.2260,0.2250,0.2250,168000
2003-01-13 09:26:00,0.2250,0.2260,0.2250,0.2250,112000
2003-01-13 09:24:00,0.2250,0.2260,0.2250,0.2250,22400
2003-01-13 09:22:00,0.2250,0.2260,0.2250,0.2250,22400
2003-01-13 08:01:00,0.2230,0.2230,0.2220,0.2230,5600
2003-01-10 16:30:00,0.2240,0.2240,0.2230,0.2240,5600
2003-01-10 16:29:00,0.2240,0.2240,0.2230,0.2240,5600
2003-01-10 16:22:00,0.2240,0.2240,0.2230,0.2240,11200
2003-01-10 16:21:00,0.2230,0.2240,0.2230,0.2240,28000
2003-01-10 16:20:00,0.2240,0.2240,0.2220,0.2230,16800
2003-01-10 16:18:00,0.2240,0.2240,0.2230,0.2240,5600
2003-01-10 16:16:00,0.2240,0.2240,0.2230,0.2240,22400
2003-01-10 16:14:00,0.2240,0.2240,0.2230,0.2240,33600
2003-01-10 16:11:00,0.2230,0.2230,0.2230,0.2230,89600
2003-01-10 16:10:00,0.2230,0.2240,0.2230,0.2230,554400
2003-01-10 16:09:00,0.2230,0.2240,0.2230,0.2240,1881600
2003-01-10 16:08:00,0.2240,0.2240,0.2230,0.2240,44800
2003-01-10 16:07:00,0.2230,0.2230,0.2230,0.2230,319200
2003-01-10 16:06:00,0.2230,0.2230,0.2230,0.2230,33600
2003-01-10 16:05:00,0.2230,0.2230,0.2230,0.2230,448000
2003-01-10 16:04:00,0.2230,0.2230,0.2220,0.2230,22400
2003-01-10 16:03:00,0.2230,0.2230,0.2230,0.2230,271208
2003-01-10 16:02:00,0.2230,0.2230,0.2230,0.2230,16800
2003-01-10 16:01:00,0.2230,0.2230,0.2230,0.2230,166096
2003-01-10 16:00:00,0.2230,0.2240,0.2230,0.2230,262192
2003-01-10 15:59:00,0.2230,0.2240,0.2220,0.2230,1310400
2003-01-10 15:58:00,0.2230,0.2230,0.2220,0.2230,1817032
2003-01-10 15:57:00,0.2220,0.2230,0.2220,0.2220,695856
2003-01-10 15:56:00,0.2220,0.2230,0.2220,0.2220,280448
2003-01-10 15:55:00,0.2220,0.2230,0.2220,0.2220,562128
2003-01-10 15:54:00,0.2220,0.2220,0.2210,0.2220,828800
2003-01-10 15:53:00,0.2220,0.2220,0.2210,0.2220,482104
2003-01-10 15:52:00,0.2210,0.2220,0.2210,0.2210,268464
2003-01-10 15:51:00,0.2210,0.2220,0.2210,0.2210,403424
2003-01-10 15:50:00,0.2210,0.2220,0.2210,0.2210,554400
2003-01-10 15:49:00,0.2210,0.2220,0.2200,0.2210,1691200
2003-01-10 15:48:00,0.2210,0.2220,0.2200,0.2210,1069600
2003-01-10 15:47:00,0.2210,0.2220,0.2200,0.2210,1328208
2003-01-10 15:46:00,0.2210,0.2210,0.2200,0.2210,570864
2003-01-10 15:45:00,0.2210,0.2220,0.2200,0.2210,660800
2003-01-10 15:44:00,0.2210,0.2220,0.2210,0.2210,1094352
2003-01-10 15:43:00,0.2220,0.2220,0.2210,0.2210,252000
2003-01-10 15:42:00,0.2220,0.2220,0.2210,0.2220,190400
2003-01-10 15:41:00,0.2220,0.2220,0.2210,0.2220,112000
2003-01-10 15:40:00,0.2220,0.2220,0.2210,0.2210,431200
2003-01-10 15:39:00,0.2220,0.2220,0.2210,0.2210,1268904
2003-01-10 15:38:00,0.2220,0.2220,0.2210,0.2220,470736
2003-01-10 15:37:00,0.2220,0.2220,0.2210,0.2220,84000
2003-01-10 15:36:00,0.2220,0.2220,0.2210,0.2220,179200
2003-01-10 15:35:00,0.2220,0.2220,0.2210,0.2220,92400
2003-01-10 15:34:00,0.2220,0.2220,0.2210,0.2220,296800
2003-01-10 15:33:00,0.2220,0.2220,0.2210,0.2220,492800
2003-01-10 15:32:00,0.2220,0.2220,0.2210,0.2220,460936
2003-01-10 15:31:00,0.2220,0.2220,0.2210,0.2220,447720
2003-01-10 15:30:00,0.2220,0.2220,0.2210,0.2220,299600
2003-01-10 15:29:00,0.2220,0.2220,0.2220,0.2220,246400
2003-01-10 15:28:00,0.2220,0.2220,0.2220,0.2220,184800
2003-01-10 15:27:00,0.2220,0.2220,0.2220,0.2220,28000
2003-01-10 15:26:00,0.2220,0.2220,0.2220,0.2220,95200
2003-01-10 15:25:00,0.2220,0.2220,0.2220,0.2220,224000
2003-01-10 15:24:00,0.2220,0.2220,0.2220,0.2220,112000
2003-01-10 15:23:00,0.2220,0.2230,0.2220,0.2220,95200
2003-01-10 15:22:00,0.2220,0.2220,0.2220,0.2220,448056
2003-01-10 15:21:00,0.2220,0.2230,0.2220,0.2220,167664
2003-01-10 15:20:00,0.2220,0.2230,0.2220,0.2220,254464
2003-01-10 15:19:00,0.2220,0.2230,0.2220,0.2220,273952
2003-01-10 15:18:00,0.2230,0.2230,0.2220,0.2220,173600
2003-01-10 15:17:00,0.2230,0.2230,0.2220,0.2220,11200
2003-01-10 15:16:00,0.2230,0.2230,0.2220,0.2220,72800
2003-01-10 15:15:00,0.2220,0.2230,0.2220,0.2220,162400
2003-01-10 15:14:00,0.2230,0.2230,0.2220,0.2220,117600
2003-01-10 15:13:00,0.2220,0.2230,0.2220,0.2220,184800
2003-01-10 15:12:00,0.2220,0.2230,0.2220,0.2220,283416
2003-01-10 15:11:00,0.2220,0.2230,0.2220,0.2220,100800
2003-01-10 15:10:00,0.2220,0.2230,0.2220,0.2220,296800
2003-01-10 15:09:00,0.2230,0.2230,0.2220,0.2220,354480
2003-01-10 15:08:00,0.2230,0.2240,0.2230,0.2230,576800
2003-01-10 15:07:00,0.2230,0.2240,0.2230,0.2230,156800
2003-01-10 15:06:00,0.2230,0.2240,0.2230,0.2230,184800
2003-01-10 15:05:00,0.2230,0.2240,0.2230,0.2230,201600
2003-01-10 15:04:00,0.2230,0.2240,0.2230,0.2230,128800
2003-01-10 15:03:00,0.2240,0.2240,0.2230,0.2240,72240
2003-01-10 15:02:00,0.2240,0.2240,0.2230,0.2240,95200
2003-01-10 15:01:00,0.2230,0.2240,0.2230,0.2240,212800
2003-01-10 15:00:00,0.2230,0.2230,0.2230,0.2230,5600
2003-01-10 14:59:00,0.2230,0.2240,0.2230,0.2230,39200
2003-01-10 14:58:00,0.2230,0.2240,0.2230,0.2230,196000
2003-01-10 14:57:00,0.2230,0.2240,0.2230,0.2230,67200
2003-01-10 14:56:00,0.2230,0.2240,0.2230,0.2230,72800
2003-01-10 14:55:00,0.2230,0.2240,0.2230,0.2240,1164800
2003-01-10 14:54:00,0.2240,0.2240,0.2230,0.2230,778400
2003-01-10 14:53:00,0.2240,0.2240,0.2230,0.2240,268800
2003-01-10 14:52:00,0.2240,0.2240,0.2230,0.2240,235200
2003-01-10 14:51:00,0.2240,0.2240,0.2230,0.2240,240800
2003-01-10 14:50:00,0.2240,0.2240,0.2230,0.2240,67200
2003-01-10 14:49:00,0.2240,0.2240,0.2230,0.2240,5600
2003-01-10 14:48:00,0.2240,0.2240,0.2230,0.2230,431200
2003-01-10 14:47:00,0.2240,0.2240,0.2230,0.2240,296800
2003-01-10 14:46:00,0.2240,0.2240,0.2230,0.2240,22400
2003-01-10 14:45:00,0.2230,0.2240,0.2230,0.2240,610400
2003-01-10 14:44:00,0.2230,0.2240,0.2230,0.2230,89600
2003-01-10 14:43:00,0.2230,0.2240,0.2230,0.2230,145600
2003-01-10 14:42:00,0.2230,0.2240,0.2230,0.2230,425600
2003-01-10 14:41:00,0.2230,0.2240,0.2220,0.2230,543872
2003-01-10 14:40:00,0.2230,0.2230,0.2220,0.2230,464800
2003-01-10 14:39:00,0.2230,0.2230,0.2220,0.2230,84000
2003-01-10 14:38:00,0.2230,0.2230,0.2220,0.2230,207200
2003-01-10 14:37:00,0.2230,0.2230,0.2220,0.2230,694400
2003-01-10 14:36:00,0.2230,0.2230,0.2220,0.2230,375200
2003-01-10 14:35:00,0.2230,0.2230,0.2220,0.2230,56000
2003-01-10 14:34:00,0.2230,0.2230,0.2220,0.2230,100800
2003-01-10 14:33:00,0.2230,0.2230,0.2220,0.2220,61600
2003-01-10 14:32:00,0.2230,0.2230,0.2220,0.2220,67200
2003-01-10 14:31:00,0.2230,0.2230,0.2220,0.2230,22400
2003-01-10 14:30:00,0.2230,0.2230,0.2220,0.2230,100800
2003-01-10 14:29:00,0.2230,0.2230,0.2220,0.2230,1668800
2003-01-10 14:28:00,0.2230,0.2230,0.2220,0.2230,1123080
2003-01-10 14:27:00,0.2230,0.2230,0.2220,0.2230,5600
2003-01-10 14:26:00,0.2230,0.2230,0.2220,0.2230,89600
2003-01-10 14:25:00,0.2220,0.2230,0.2220,0.2220,747880
2003-01-10 14:24:00,0.2220,0.2230,0.2220,0.2220,16800
2003-01-10 14:22:00,0.2230,0.2230,0.2220,0.2220,56000
2003-01-10 14:21:00,0.2220,0.2230,0.2220,0.2220,364000
2003-01-10 14:20:00,0.2230,0.2230,0.2220,0.2220,123200
2003-01-10 14:19:00,0.2230,0.2230,0.2220,0.2220,851200
2003-01-10 14:18:00,0.2230,0.2230,0.2220,0.2220,11200
2003-01-10 14:17:00,0.2220,0.2220,0.2220,0.2220,140000
2003-01-10 14:16:00,0.2220,0.2230,0.2210,0.2220,203448
2003-01-10 14:15:00,0.2230,0.2230,0.2220,0.2220,115752
2003-01-10 14:14:00,0.2230,0.2230,0.2220,0.2230,128800
2003-01-10 14:12:00,0.2220,0.2230,0.2220,0.2220,7336
2003-01-10 14:11:00,0.2230,0.2230,0.2220,0.2230,28000
2003-01-10 14:10:00,0.2230,0.2230,0.2220,0.2230,32480
2003-01-10 14:09:00,0.2220,0.2230,0.2220,0.2230,44800
2003-01-10 14:08:00,0.2220,0.2230,0.2220,0.2220,34160
2003-01-10 14:07:00,0.2230,0.2230,0.2220,0.2220,11200
2003-01-10 14:06:00,0.2220,0.2230,0.2220,0.2220,173600
2003-01-10 14:05:00,0.2220,0.2230,0.2220,0.2220,95200
2003-01-10 14:04:00,0.2220,0.2230,0.2220,0.2220,16800
2003-01-10 14:03:00,0.2230,0.2230,0.2220,0.2220,1654632
2003-01-10 14:02:00,0.2230,0.2230,0.2220,0.2220,72800
2003-01-10 14:01:00,0.2230,0.2230,0.2220,0.2220,189224
2003-01-10 14:00:00,0.2230,0.2230,0.2220,0.2230,33600
2003-01-10 13:58:00,0.2220,0.2230,0.2220,0.2220,308000
2003-01-10 13:56:00,0.2220,0.2220,0.2210,0.2220,151200
2003-01-10 13:55:00,0.2220,0.2220,0.2210,0.2220,61600
2003-01-10 13:54:00,0.2220,0.2220,0.2210,0.2220,28000
2003-01-10 13:53:00,0.2220,0.2220,0.2220,0.2220,387632
2003-01-10 13:52:00,0.2220,0.2220,0.2220,0.2220,5600
2003-01-10 13:51:00,0.2220,0.2230,0.2220,0.2220,78400
2003-01-10 13:50:00,0.2220,0.2230,0.2220,0.2220,72800
2003-01-10 13:48:00,0.2230,0.2230,0.2220,0.2220,50400
2003-01-10 13:47:00,0.2230,0.2230,0.2220,0.2220,61600
2003-01-10 13:46:00,0.2230,0.2230,0.2220,0.2230,28000
2003-01-10 13:45:00,0.2230,0.2230,0.2220,0.2230,50400
2003-01-10 13:44:00,0.2230,0.2230,0.2220,0.2230,5600
2003-01-10 13:43:00,0.2230,0.2230,0.2220,0.2230,142800
2003-01-10 13:42:00,0.2220,0.2230,0.2210,0.2220,924000
2003-01-10 13:41:00,0.2220,0.2220,0.2210,0.2220,526400
2003-01-10 13:40:00,0.2210,0.2220,0.2210,0.2220,179200
2003-01-10 13:39:00,0.2220,0.2220,0.2210,0.2210,207200
2003-01-10 13:38:00,0.2220,0.2220,0.2210,0.2220,123200
2003-01-10 13:37:00,0.2210,0.2220,0.2210,0.2220,145600
2003-01-10 13:36:00,0.2220,0.2220,0.2210,0.2220,1033088
2003-01-10 13:35:00,0.2210,0.2220,0.2210,0.2220,336000
2003-01-10 13:34:00,0.2210,0.2220,0.2210,0.2210,565600
2003-01-10 13:33:00,0.2210,0.2220,0.2210,0.2210,78400
2003-01-10 13:32:00,0.2210,0.2220,0.2210,0.2210,324800
2003-01-10 13:31:00,0.2210,0.2220,0.2210,0.2210,498400
2003-01-10 13:30:00,0.2220,0.2220,0.2210,0.2210,520800
2003-01-10 13:29:00,0.2220,0.2220,0.2210,0.2220,246400
2003-01-10 13:28:00,0.2220,0.2220,0.2210,0.2220,145600
2003-01-10 13:27:00,0.2220,0.2220,0.2210,0.2220,33600
2003-01-10 13:26:00,0.2220,0.2220,0.2220,0.2220,11200
2003-01-10 13:25:00,0.2220,0.2220,0.2220,0.2220,16800
2003-01-10 13:24:00,0.2220,0.2230,0.2220,0.2220,39200
2003-01-10 13:23:00,0.2220,0.2230,0.2210,0.2220,518000
2003-01-10 13:22:00,0.2220,0.2220,0.2210,0.2210,134400
2003-01-10 13:21:00,0.2220,0.2220,0.2210,0.2220,117600
2003-01-10 13:19:00,0.2220,0.2220,0.2210,0.2220,81200
2003-01-10 13:18:00,0.2220,0.2220,0.2210,0.2220,120400
2003-01-10 13:17:00,0.2220,0.2220,0.2210,0.2220,140000
2003-01-10 13:16:00,0.2220,0.2220,0.2210,0.2220,117600
2003-01-10 13:15:00,0.2220,0.2220,0.2210,0.2220,302400
2003-01-10 13:14:00,0.2210,0.2220,0.2210,0.2210,84000
2003-01-10 13:13:00,0.2210,0.2220,0.2210,0.2210,324800
2003-01-10 13:12:00,0.2210,0.2220,0.2210,0.2210,140000
2003-01-10 13:11:00,0.2210,0.2220,0.2210,0.2210,282520
2003-01-10 13:10:00,0.2210,0.2220,0.2210,0.2210,112000
2003-01-10 13:09:00,0.2210,0.2220,0.2210,0.2210,106400
2003-01-10 13:08:00,0.2220,0.2220,0.2210,0.2210,4632264
2003-01-10 13:07:00,0.2220,0.2220,0.2220,0.2220,145600
2003-01-10 13:06:00,0.2220,0.2220,0.2220,0.2220,72800
2003-01-10 13:05:00,0.2220,0.2220,0.2210,0.2220,56000
2003-01-10 13:04:00,0.2220,0.2220,0.2210,0.2220,95200
2003-01-10 13:03:00,0.2220,0.2220,0.2210,0.2220,22400
2003-01-10 13:02:00,0.2210,0.2220,0.2210,0.2220,112000
2003-01-10 13:01:00,0.2210,0.2220,0.2210,0.2220,44800
2003-01-10 13:00:00,0.2210,0.2220,0.2210,0.2210,72800
2003-01-10 12:59:00,0.2210,0.2220,0.2210,0.2210,132328
2003-01-10 12:58:00,0.2210,0.2210,0.2210,0.2210,33600
2003-01-10 12:57:00,0.2210,0.2210,0.2210,0.2210,72800
2003-01-10 12:56:00,0.2210,0.2210,0.2200,0.2210,252000
2003-01-10 12:55:00,0.2210,0.2220,0.2210,0.2210,145600
2003-01-10 12:54:00,0.2210,0.2220,0.2210,0.2210,84112
2003-01-10 12:53:00,0.2210,0.2220,0.2210,0.2210,246400
2003-01-10 12:52:00,0.2210,0.2210,0.2200,0.2210,140000
2003-01-10 12:51:00,0.2210,0.2210,0.2200,0.2210,593600
2003-01-10 12:50:00,0.2210,0.2220,0.2200,0.2210,734384
2003-01-10 12:49:00,0.2210,0.2220,0.2210,0.2210,228816
2003-01-10 12:48:00,0.2210,0.2220,0.2210,0.2210,151200
2003-01-10 12:47:00,0.2210,0.2220,0.2210,0.2220,324800
2003-01-10 12:46:00,0.2210,0.2220,0.2210,0.2210,233408
2003-01-10 12:45:00,0.2220,0.2220,0.2210,0.2210,140000
2003-01-10 12:44:00,0.2220,0.2220,0.2210,0.2220,311024
2003-01-10 12:42:00,0.2220,0.2220,0.2210,0.2220,109592
2003-01-10 12:41:00,0.2220,0.2220,0.2210,0.2220,106400
2003-01-10 12:40:00,0.2220,0.2220,0.2210,0.2220,660800
2003-01-10 12:39:00,0.2220,0.2220,0.2210,0.2220,50400
2003-01-10 12:38:00,0.2220,0.2220,0.2210,0.2220,18368
2003-01-10 12:37:00,0.2220,0.2220,0.2210,0.2220,134400
2003-01-10 12:36:00,0.2220,0.2220,0.2210,0.2220,39200
2003-01-10 12:35:00,0.2220,0.2220,0.2220,0.2220,56000
2003-01-10 12:34:00,0.2220,0.2220,0.2220,0.2220,56000
2003-01-10 12:33:00,0.2220,0.2220,0.2210,0.2220,1607200
2003-01-10 12:32:00,0.2220,0.2220,0.2220,0.2220,56000
2003-01-10 12:31:00,0.2220,0.2220,0.2210,0.2220,621600
2003-01-10 12:30:00,0.2220,0.2220,0.2210,0.2220,946400
2003-01-10 12:29:00,0.2220,0.2220,0.2210,0.2220,183400
2003-01-10 12:28:00,0.2220,0.2220,0.2210,0.2220,109200
2003-01-10 12:27:00,0.2220,0.2220,0.2210,0.2220,873600
2003-01-10 12:26:00,0.2220,0.2220,0.2210,0.2220,56000
2003-01-10 12:25:00,0.2220,0.2220,0.2210,0.2220,184800
2003-01-10 12:24:00,0.2220,0.2230,0.2220,0.2220,95200
2003-01-10 12:23:00,0.2220,0.2220,0.2220,0.2220,78400
2003-01-10 12:22:00,0.2220,0.2220,0.2220,0.2220,673064
2003-01-10 12:21:00,0.2230,0.2230,0.2220,0.2220,230048
2003-01-10 12:20:00,0.2230,0.2230,0.2220,0.2230,78400
2003-01-10 12:19:00,0.2230,0.2230,0.2220,0.2230,39200
2003-01-10 12:17:00,0.2230,0.2230,0.2220,0.2230,39200
2003-01-10 12:15:00,0.2230,0.2230,0.2220,0.2220,5600
2003-01-10 12:14:00,0.2230,0.2230,0.2220,0.2230,498400
2003-01-10 12:13:00,0.2230,0.2230,0.2220,0.2230,879200
2003-01-10 12:12:00,0.2230,0.2230,0.2220,0.2230,156800
2003-01-10 12:11:00,0.2230,0.2230,0.2220,0.2230,11200
2003-01-10 12:10:00,0.2230,0.2230,0.2220,0.2230,123200
2003-01-10 12:08:00,0.2230,0.2230,0.2220,0.2230,341600
2003-01-10 12:07:00,0.2230,0.2230,0.2220,0.2230,123200
2003-01-10 12:06:00,0.2230,0.2230,0.2220,0.2220,106400
2003-01-10 12:05:00,0.2230,0.2230,0.2220,0.2230,134680
2003-01-10 12:04:00,0.2230,0.2230,0.2220,0.2230,2679488
2003-01-10 12:03:00,0.2230,0.2240,0.2230,0.2230,509600
2003-01-10 12:02:00,0.2230,0.2240,0.2230,0.2230,775712
2003-01-10 12:01:00,0.2230,0.2240,0.2230,0.2230,278544
2003-01-10 12:00:00,0.2230,0.2240,0.2230,0.2230,190400
2003-01-10 11:59:00,0.2230,0.2240,0.2230,0.2230,179200
2003-01-10 11:58:00,0.2230,0.2230,0.2220,0.2230,1255464
2003-01-10 11:57:00,0.2230,0.2230,0.2220,0.2230,1260000
2003-01-10 11:56:00,0.2230,0.2230,0.2220,0.2230,11200
2003-01-10 11:55:00,0.2230,0.2230,0.2220,0.2230,537600
2003-01-10 11:54:00,0.2220,0.2230,0.2220,0.2220,218400
2003-01-10 11:53:00,0.2220,0.2230,0.2220,0.2220,84000
2003-01-10 11:52:00,0.2230,0.2230,0.2220,0.2220,196000
2003-01-10 11:51:00,0.2230,0.2230,0.2220,0.2220,599200
2003-01-10 11:50:00,0.2220,0.2230,0.2220,0.2220,616000
2003-01-10 11:49:00,0.2230,0.2230,0.2220,0.2220,173600
2003-01-10 11:48:00,0.2220,0.2230,0.2220,0.2220,39200
2003-01-10 11:47:00,0.2220,0.2230,0.2220,0.2220,28000
2003-01-10 11:46:00,0.2230,0.2230,0.2220,0.2220,78400
2003-01-10 11:45:00,0.2230,0.2230,0.2220,0.2220,116928
2003-01-10 11:44:00,0.2230,0.2230,0.2220,0.2220,207200
2003-01-10 11:43:00,0.2220,0.2230,0.2220,0.2220,118328
2003-01-10 11:42:00,0.2220,0.2220,0.2210,0.2220,403200
2003-01-10 11:41:00,0.2220,0.2220,0.2210,0.2220,504000
2003-01-10 11:40:00,0.2220,0.2220,0.2210,0.2220,151200
2003-01-10 11:39:00,0.2220,0.2220,0.2210,0.2210,106400
2003-01-10 11:38:00,0.2220,0.2220,0.2210,0.2220,162400
2003-01-10 11:37:00,0.2220,0.2220,0.2210,0.2220,196000
2003-01-10 11:36:00,0.2220,0.2220,0.2210,0.2220,44800
2003-01-10 11:35:00,0.2220,0.2220,0.2210,0.2220,16800
2003-01-10 11:34:00,0.2220,0.2220,0.2210,0.2220,189840
2003-01-10 11:33:00,0.2230,0.2230,0.2220,0.2220,246400
2003-01-10 11:32:00,0.2230,0.2230,0.2220,0.2220,190400
2003-01-10 11:31:00,0.2220,0.2230,0.2210,0.2230,821912
2003-01-10 11:30:00,0.2210,0.2220,0.2210,0.2220,560000
2003-01-10 11:29:00,0.2220,0.2220,0.2210,0.2210,224000
2003-01-10 11:28:00,0.2210,0.2220,0.2210,0.2220,1332800
2003-01-10 11:27:00,0.2220,0.2230,0.2210,0.2220,638400
2003-01-10 11:26:00,0.2230,0.2230,0.2220,0.2230,504000
2003-01-10 11:25:00,0.2230,0.2230,0.2220,0.2230,252000
2003-01-10 11:24:00,0.2220,0.2230,0.2220,0.2230,224000
2003-01-10 11:23:00,0.2220,0.2230,0.2210,0.2220,280000
2003-01-10 11:22:00,0.2220,0.2230,0.2220,0.2220,56000
2003-01-10 11:21:00,0.2230,0.2230,0.2220,0.2220,666400
2003-01-10 11:20:00,0.2230,0.2230,0.2220,0.2230,44800
2003-01-10 11:19:00,0.2230,0.2230,0.2220,0.2230,868000
2003-01-10 11:18:00,0.2230,0.2230,0.2220,0.2230,145600
2003-01-10 11:17:00,0.2230,0.2230,0.2220,0.2230,128800
2003-01-10 11:16:00,0.2230,0.2230,0.2220,0.2230,112000
2003-01-10 11:15:00,0.2230,0.2230,0.2220,0.2230,498400
2003-01-10 11:14:00,0.2220,0.2230,0.2220,0.2220,22400
2003-01-10 11:13:00,0.2220,0.2220,0.2220,0.2220,186200
2003-01-10 11:12:00,0.2230,0.2230,0.2210,0.2220,845600
2003-01-10 11:11:00,0.2230,0.2240,0.2220,0.2230,341600
2003-01-10 11:10:00,0.2230,0.2240,0.2230,0.2230,308000
2003-01-10 11:09:00,0.2230,0.2240,0.2230,0.2230,1030400
2003-01-10 11:08:00,0.2240,0.2240,0.2230,0.2230,1002400
2003-01-10 11:07:00,0.2240,0.2240,0.2230,0.2240,78400
2003-01-10 11:06:00,0.2240,0.2240,0.2230,0.2240,431200
2003-01-10 11:05:00,0.2240,0.2240,0.2230,0.2240,504000
2003-01-10 11:04:00,0.2240,0.2240,0.2230,0.2240,138432
2003-01-10 11:03:00,0.2240,0.2240,0.2240,0.2240,33600
2003-01-10 11:02:00,0.2240,0.2250,0.2240,0.2240,290808
2003-01-10 11:01:00,0.2240,0.2250,0.2240,0.2240,386400
2003-01-10 11:00:00,0.2240,0.2250,0.2240,0.2240,427616
2003-01-10 10:59:00,0.2240,0.2250,0.2230,0.2240,1545600
2003-01-10 10:58:00,0.2240,0.2250,0.2230,0.2240,492800
2003-01-10 10:57:00,0.2230,0.2240,0.2230,0.2240,579768
2003-01-10 10:56:00,0.2230,0.2240,0.2230,0.2230,39200
2003-01-10 10:55:00,0.2240,0.2240,0.2230,0.2240,302400
2003-01-10 10:54:00,0.2240,0.2240,0.2230,0.2240,100800
2003-01-10 10:53:00,0.2230,0.2250,0.2230,0.2240,431200
2003-01-10 10:52:00,0.2240,0.2240,0.2230,0.2240,117600
2003-01-10 10:51:00,0.2230,0.2240,0.2230,0.2230,224000
2003-01-10 10:50:00,0.2240,0.2240,0.2230,0.2230,61600
2003-01-10 10:49:00,0.2230,0.2240,0.2220,0.2240,280000
2003-01-10 10:48:00,0.2230,0.2240,0.2230,0.2230,184800
2003-01-10 10:47:00,0.2240,0.2240,0.2230,0.2230,257600
2003-01-10 10:46:00,0.2240,0.2240,0.2230,0.2240,89600
2003-01-10 10:45:00,0.2240,0.2250,0.2230,0.2240,1898400
2003-01-10 10:44:00,0.2240,0.2240,0.2230,0.2240,784784
2003-01-10 10:43:00,0.2240,0.2240,0.2230,0.2240,364000
2003-01-10 10:42:00,0.2240,0.2240,0.2230,0.2240,484400
2003-01-10 10:41:00,0.2230,0.2240,0.2220,0.2240,1327200
2003-01-10 10:40:00,0.2230,0.2230,0.2220,0.2230,561064
2003-01-10 10:39:00,0.2230,0.2240,0.2220,0.2230,1831200
2003-01-10 10:38:00,0.2240,0.2240,0.2230,0.2230,140000
2003-01-10 10:37:00,0.2240,0.2240,0.2230,0.2240,319200
2003-01-10 10:36:00,0.2240,0.2240,0.2230,0.2240,145600
2003-01-10 10:35:00,0.2240,0.2240,0.2230,0.2240,280000
2003-01-10 10:34:00,0.2240,0.2240,0.2230,0.2240,649600
2003-01-10 10:33:00,0.2230,0.2240,0.2230,0.2240,1017688
2003-01-10 10:32:00,0.2240,0.2240,0.2230,0.2240,257600
2003-01-10 10:31:00,0.2240,0.2250,0.2230,0.2240,728000
2003-01-10 10:30:00,0.2230,0.2250,0.2230,0.2240,1304072
2003-01-10 10:29:00,0.2220,0.2240,0.2220,0.2230,1188824
2003-01-10 10:28:00,0.2220,0.2220,0.2210,0.2220,862400
2003-01-10 10:27:00,0.2220,0.2220,0.2210,0.2220,739200
2003-01-10 10:26:00,0.2220,0.2230,0.2220,0.2220,375200
2003-01-10 10:25:00,0.2230,0.2230,0.2220,0.2220,165368
2003-01-10 10:24:00,0.2220,0.2230,0.2220,0.2230,643776
2003-01-10 10:23:00,0.2220,0.2230,0.2220,0.2220,140000
2003-01-10 10:22:00,0.2220,0.2230,0.2220,0.2220,313600
2003-01-10 10:21:00,0.2220,0.2230,0.2220,0.2220,333200
2003-01-10 10:20:00,0.2220,0.2230,0.2220,0.2220,912800
2003-01-10 10:19:00,0.2220,0.2220,0.2220,0.2220,308000
2003-01-10 10:18:00,0.2220,0.2230,0.2220,0.2220,980616
2003-01-10 10:17:00,0.2220,0.2230,0.2220,0.2220,403200
2003-01-10 10:16:00,0.2220,0.2230,0.2220,0.2220,100800
2003-01-10 10:15:00,0.2220,0.2220,0.2220,0.2220,336000
2003-01-10 10:14:00,0.2220,0.2220,0.2210,0.2220,873768
2003-01-10 10:13:00,0.2220,0.2220,0.2210,0.2220,313600
2003-01-10 10:12:00,0.2210,0.2220,0.2210,0.2220,263200
2003-01-10 10:11:00,0.2210,0.2220,0.2200,0.2220,380800
2003-01-10 10:10:00,0.2210,0.2210,0.2200,0.2210,477792
2003-01-10 10:09:00,0.2210,0.2210,0.2200,0.2210,196000
2003-01-10 10:08:00,0.2210,0.2210,0.2200,0.2210,749840
2003-01-10 10:07:00,0.2210,0.2220,0.2200,0.2210,403200
2003-01-10 10:06:00,0.2220,0.2220,0.2210,0.2210,666568
2003-01-10 10:05:00,0.2220,0.2220,0.2210,0.2220,252000
2003-01-10 10:04:00,0.2220,0.2220,0.2220,0.2220,123200
2003-01-10 10:03:00,0.2220,0.2230,0.2220,0.2220,151200
2003-01-10 10:02:00,0.2220,0.2230,0.2220,0.2220,420448
2003-01-10 10:01:00,0.2220,0.2230,0.2220,0.2220,100800
2003-01-10 10:00:00,0.2210,0.2230,0.2210,0.2220,543200
2003-01-10 09:59:00,0.2220,0.2220,0.2210,0.2210,1842400
2003-01-10 09:58:00,0.2210,0.2220,0.2210,0.2210,448000
2003-01-10 09:57:00,0.2210,0.2220,0.2200,0.2210,980000
2003-01-10 09:56:00,0.2210,0.2220,0.2200,0.2210,1046808
2003-01-10 09:55:00,0.2210,0.2220,0.2210,0.2220,397600
2003-01-10 09:54:00,0.2220,0.2220,0.2210,0.2210,437528
2003-01-10 09:53:00,0.2220,0.2220,0.2210,0.2210,465808
2003-01-10 09:52:00,0.2220,0.2220,0.2210,0.2220,319200
2003-01-10 09:51:00,0.2220,0.2220,0.2210,0.2220,863016
2003-01-10 09:50:00,0.2220,0.2220,0.2210,0.2220,610400
2003-01-10 09:49:00,0.2220,0.2220,0.2210,0.2210,961016
2003-01-10 09:48:00,0.2220,0.2220,0.2210,0.2210,574616
2003-01-10 09:47:00,0.2210,0.2220,0.2210,0.2210,1103200
2003-01-10 09:46:00,0.2210,0.2210,0.2200,0.2210,229712
2003-01-10 09:45:00,0.2210,0.2210,0.2200,0.2210,117600
2003-01-10 09:44:00,0.2210,0.2210,0.2200,0.2210,296576
2003-01-10 09:43:00,0.2210,0.2210,0.2200,0.2210,537600
2003-01-10 09:42:00,0.2210,0.2210,0.2200,0.2210,355712
2003-01-10 09:41:00,0.2200,0.2210,0.2200,0.2200,548800
2003-01-10 09:40:00,0.2200,0.2210,0.2200,0.2200,504728
2003-01-10 09:39:00,0.2200,0.2200,0.2190,0.2200,212800
2003-01-10 09:38:00,0.2200,0.2210,0.2190,0.2200,515200
2003-01-10 09:37:00,0.2210,0.2210,0.2200,0.2200,1394400
2003-01-10 09:36:00,0.2200,0.2220,0.2200,0.2210,974400
2003-01-10 09:35:00,0.2200,0.2210,0.2200,0.2200,750400
2003-01-10 09:34:00,0.2200,0.2220,0.2190,0.2200,1115744
2003-01-10 09:33:00,0.2200,0.2210,0.2190,0.2200,392000
2003-01-10 09:32:00,0.2200,0.2200,0.2190,0.2200,985600
2003-01-10 09:31:00,0.2210,0.2210,0.2190,0.2200,1903384
2003-01-10 09:30:00,0.2210,0.2220,0.2190,0.2200,3449600
2003-01-10 09:29:00,0.2210,0.2220,0.2200,0.2210,453600
2003-01-10 09:28:00,0.2210,0.2220,0.2210,0.2210,28000
2003-01-10 09:27:00,0.2210,0.2210,0.2200,0.2210,5600
2003-01-10 09:26:00,0.2200,0.2210,0.2200,0.2200,106400
2003-01-10 09:24:00,0.2200,0.2200,0.2200,0.2200,33600
2003-01-10 09:23:00,0.2210,0.2210,0.2200,0.2210,84000
2003-01-10 09:21:00,0.2200,0.2200,0.2200,0.2200,67200
2003-01-10 09:20:00,0.2190,0.2200,0.2190,0.2190,100800
2003-01-10 09:15:00,0.2190,0.2190,0.2180,0.2190,5600
2003-01-10 09:11:00,0.2180,0.2190,0.2180,0.2180,5600
2003-01-10 09:10:00,0.2190,0.2190,0.2180,0.2190,5600
2003-01-10 08:31:00,0.2220,0.2220,0.2220,0.2220,28000
2003-01-09 17:23:00,0.2230,0.2230,0.2220,0.2220,56000
2003-01-09 17:12:00,0.2230,0.2230,0.2220,0.2220,5600
2003-01-09 16:56:00,0.2230,0.2230,0.2220,0.2220,1562400
2003-01-09 16:52:00,0.2230,0.2230,0.2220,0.2220,11200
2003-01-09 16:13:00,0.2230,0.2230,0.2220,0.2220,56000
2003-01-09 16:09:00,0.2230,0.2230,0.2220,0.2220,3376800
2003-01-09 16:08:00,0.2230,0.2230,0.2220,0.2220,16800
2003-01-09 16:07:00,0.2230,0.2230,0.2220,0.2220,123200
2003-01-09 16:06:00,0.2230,0.2230,0.2220,0.2220,61600
2003-01-09 16:05:00,0.2230,0.2230,0.2220,0.2220,11200
2003-01-09 16:04:00,0.2220,0.2230,0.2220,0.2220,61600
2003-01-09 16:03:00,0.2220,0.2220,0.2220,0.2220,44800
2003-01-09 16:02:00,0.2220,0.2220,0.2220,0.2220,224000
2003-01-09 16:01:00,0.2230,0.2230,0.2220,0.2220,308000
2003-01-09 16:00:00,0.2220,0.2230,0.2200,0.2200,778400
2003-01-09 15:59:00,0.2210,0.2230,0.2200,0.2220,2354912
2003-01-09 15:58:00,0.2220,0.2220,0.2210,0.2220,1055600
2003-01-09 15:57:00,0.2220,0.2220,0.2210,0.2220,761600
2003-01-09 15:56:00,0.2220,0.2220,0.2210,0.2220,817600
2003-01-09 15:55:00,0.2220,0.2220,0.2210,0.2220,690648
2003-01-09 15:54:00,0.2220,0.2220,0.2210,0.2220,472752
2003-01-09 15:53:00,0.2220,0.2230,0.2210,0.2220,358400
2003-01-09 15:52:00,0.2230,0.2230,0.2220,0.2220,252000
2003-01-09 15:51:00,0.2230,0.2230,0.2220,0.2230,95200
2003-01-09 15:50:00,0.2230,0.2230,0.2220,0.2230,189112
2003-01-09 15:49:00,0.2230,0.2230,0.2220,0.2220,89600
2003-01-09 15:48:00,0.2230,0.2230,0.2220,0.2230,33600
2003-01-09 15:47:00,0.2230,0.2230,0.2220,0.2230,565600
2003-01-09 15:46:00,0.2230,0.2230,0.2220,0.2230,156800
2003-01-09 15:45:00,0.2230,0.2230,0.2220,0.2230,828800
2003-01-09 15:44:00,0.2230,0.2230,0.2220,0.2220,196000
2003-01-09 15:43:00,0.2230,0.2230,0.2220,0.2220,274400
2003-01-09 15:42:00,0.2210,0.2230,0.2210,0.2220,1069264
2003-01-09 15:41:00,0.2210,0.2220,0.2210,0.2220,596288
2003-01-09 15:40:00,0.2210,0.2220,0.2210,0.2210,487200
2003-01-09 15:39:00,0.2210,0.2220,0.2200,0.2210,173600
2003-01-09 15:38:00,0.2210,0.2210,0.2210,0.2210,39200
2003-01-09 15:37:00,0.2210,0.2210,0.2200,0.2210,297192
2003-01-09 15:36:00,0.2210,0.2220,0.2210,0.2210,168000
2003-01-09 15:35:00,0.2210,0.2220,0.2210,0.2210,156800
2003-01-09 15:34:00,0.2210,0.2220,0.2200,0.2210,296800
2003-01-09 15:33:00,0.2210,0.2220,0.2210,0.2210,78400
2003-01-09 15:32:00,0.2210,0.2220,0.2210,0.2210,380800
2003-01-09 15:31:00,0.2210,0.2220,0.2210,0.2210,259672
2003-01-09 15:30:00,0.2210,0.2220,0.2210,0.2210,342384
2003-01-09 15:29:00,0.2220,0.2220,0.2210,0.2210,487368
2003-01-09 15:28:00,0.2220,0.2220,0.2210,0.2220,519456
2003-01-09 15:27:00,0.2230,0.2230,0.2220,0.2220,588000
2003-01-09 15:26:00,0.2220,0.2230,0.2220,0.2220,1030400
2003-01-09 15:25:00,0.2220,0.2230,0.2220,0.2220,347200
2003-01-09 15:24:00,0.2220,0.2230,0.2220,0.2220,397600
2003-01-09 15:23:00,0.2220,0.2230,0.2220,0.2220,33600
2003-01-09 15:22:00,0.2220,0.2230,0.2220,0.2220,22400
2003-01-09 15:21:00,0.2220,0.2230,0.2220,0.2220,285208
2003-01-09 15:20:00,0.2220,0.2230,0.2220,0.2230,414400
2003-01-09 15:19:00,0.2230,0.2230,0.2220,0.2220,442400
2003-01-09 15:18:00,0.2230,0.2230,0.2220,0.2220,1624000
2003-01-09 15:17:00,0.2230,0.2230,0.2220,0.2230,470400
2003-01-09 15:16:00,0.2230,0.2240,0.2230,0.2230,401016
2003-01-09 15:15:00,0.2230,0.2230,0.2220,0.2230,117600
2003-01-09 15:14:00,0.2230,0.2230,0.2220,0.2230,168000
2003-01-09 15:13:00,0.2230,0.2230,0.2220,0.2230,285600
2003-01-09 15:12:00,0.2230,0.2230,0.2220,0.2230,1422400
2003-01-09 15:11:00,0.2240,0.2240,0.2220,0.2230,705320
2003-01-09 15:10:00,0.2240,0.2240,0.2230,0.2240,112000
2003-01-09 15:09:00,0.2230,0.2240,0.2230,0.2230,414400
2003-01-09 15:08:00,0.2230,0.2240,0.2230,0.2240,207200
2003-01-09 15:07:00,0.2230,0.2240,0.2230,0.2230,33600
2003-01-09 15:06:00,0.2230,0.2240,0.2230,0.2230,172144
2003-01-09 15:05:00,0.2230,0.2240,0.2230,0.2230,358400
2003-01-09 15:04:00,0.2230,0.2240,0.2230,0.2230,64400
2003-01-09 15:03:00,0.2230,0.2240,0.2230,0.2230,660800
2003-01-09 15:02:00,0.2230,0.2240,0.2230,0.2230,302400
2003-01-09 15:01:00,0.2230,0.2240,0.2220,0.2230,741664
2003-01-09 15:00:00,0.2230,0.2230,0.2220,0.2230,39200
2003-01-09 14:59:00,0.2230,0.2230,0.2220,0.2230,313600
2003-01-09 14:58:00,0.2230,0.2230,0.2220,0.2230,246400
2003-01-09 14:57:00,0.2230,0.2240,0.2220,0.2230,582624
2003-01-09 14:56:00,0.2230,0.2230,0.2220,0.2230,229600
2003-01-09 14:55:00,0.2230,0.2230,0.2220,0.2230,207200
2003-01-09 14:54:00,0.2230,0.2230,0.2220,0.2230,173600
2003-01-09 14:53:00,0.2230,0.2230,0.2220,0.2230,362824
2003-01-09 14:52:00,0.2220,0.2230,0.2220,0.2220,145600
2003-01-09 14:51:00,0.2230,0.2230,0.2220,0.2220,179200
2003-01-09 14:50:00,0.2220,0.2230,0.2220,0.2220,319200
2003-01-09 14:49:00,0.2230,0.2230,0.2220,0.2220,240800
2003-01-09 14:48:00,0.2230,0.2230,0.2220,0.2220,28000
2003-01-09 14:47:00,0.2230,0.2230,0.2220,0.2220,414400
2003-01-09 14:46:00,0.2220,0.2230,0.2220,0.2220,179200
2003-01-09 14:45:00,0.2220,0.2220,0.2220,0.2220,28000
2003-01-09 14:44:00,0.2220,0.2230,0.2220,0.2220,439600
2003-01-09 14:43:00,0.2220,0.2220,0.2220,0.2220,61600
2003-01-09 14:41:00,0.2220,0.2220,0.2220,0.2220,100800
2003-01-09 14:40:00,0.2220,0.2220,0.2210,0.2220,95200
2003-01-09 14:39:00,0.2210,0.2220,0.2210,0.2220,61600
2003-01-09 14:38:00,0.2220,0.2220,0.2210,0.2210,1131200
2003-01-09 14:37:00,0.2220,0.2220,0.2210,0.2220,285600
2003-01-09 14:36:00,0.2220,0.2220,0.2210,0.2220,520800
2003-01-09 14:35:00,0.2210,0.2220,0.2210,0.2210,207200
2003-01-09 14:34:00,0.2210,0.2220,0.2210,0.2220,347200
2003-01-09 14:33:00,0.2220,0.2220,0.2210,0.2210,246400
2003-01-09 14:32:00,0.2220,0.2220,0.2210,0.2220,224000
2003-01-09 14:31:00,0.2220,0.2220,0.2210,0.2220,78400
2003-01-09 14:30:00,0.2220,0.2220,0.2210,0.2220,173600
2003-01-09 14:29:00,0.2220,0.2220,0.2210,0.2210,1170400
2003-01-09 14:28:00,0.2220,0.2220,0.2210,0.2220,403200
2003-01-09 14:27:00,0.2220,0.2220,0.2210,0.2220,604800
2003-01-09 14:26:00,0.2220,0.2220,0.2210,0.2220,136136
2003-01-09 14:25:00,0.2220,0.2220,0.2210,0.2220,330400
2003-01-09 14:24:00,0.2220,0.2220,0.2210,0.2220,147336
2003-01-09 14:23:00,0.2220,0.2220,0.2210,0.2210,117600
2003-01-09 14:22:00,0.2210,0.2220,0.2210,0.2210,196000
2003-01-09 14:21:00,0.2220,0.2220,0.2210,0.2210,511728
2003-01-09 14:20:00,0.2220,0.2220,0.2210,0.2220,128800
2003-01-09 14:19:00,0.2220,0.2220,0.2220,0.2220,812000
2003-01-09 14:18:00,0.2220,0.2220,0.2220,0.2220,106400
2003-01-09 14:17:00,0.2220,0.2220,0.2220,0.2220,22400
2003-01-09 14:16:00,0.2220,0.2220,0.2220,0.2220,46816
2003-01-09 14:15:00,0.2220,0.2220,0.2210,0.2220,184800
2003-01-09 14:14:00,0.2220,0.2220,0.2220,0.2220,78400
2003-01-09 14:13:00,0.2220,0.2220,0.2220,0.2220,22400
2003-01-09 14:12:00,0.2220,0.2220,0.2210,0.2220,212800
2003-01-09 14:11:00,0.2220,0.2220,0.2210,0.2220,128800
2003-01-09 14:10:00,0.2220,0.2220,0.2210,0.2220,28000
2003-01-09 14:09:00,0.2210,0.2220,0.2210,0.2210,50400
2003-01-09 14:08:00,0.2210,0.2220,0.2210,0.2210,156800
2003-01-09 14:07:00,0.2220,0.2220,0.2210,0.2210,169680
2003-01-09 14:06:00,0.2220,0.2220,0.2210,0.2220,515200
2003-01-09 14:05:00,0.2210,0.2220,0.2210,0.2210,89600
2003-01-09 14:04:00,0.2210,0.2220,0.2210,0.2210,89600
2003-01-09 14:03:00,0.2210,0.2210,0.2200,0.2210,162400
2003-01-09 14:02:00,0.2210,0.2210,0.2210,0.2210,95200
2003-01-09 14:01:00,0.2210,0.2210,0.2200,0.2210,106400
2003-01-09 14:00:00,0.2210,0.2210,0.2200,0.2210,280000
2003-01-09 13:59:00,0.2210,0.2210,0.2210,0.2210,151200
2003-01-09 13:58:00,0.2210,0.2210,0.2200,0.2210,381640
2003-01-09 13:57:00,0.2200,0.2210,0.2200,0.2210,501312
2003-01-09 13:56:00,0.2200,0.2210,0.2200,0.2210,1254400
2003-01-09 13:55:00,0.2200,0.2210,0.2200,0.2200,693168
2003-01-09 13:54:00,0.2200,0.2210,0.2200,0.2200,89600
2003-01-09 13:53:00,0.2210,0.2210,0.2200,0.2200,252000
2003-01-09 13:52:00,0.2210,0.2210,0.2200,0.2210,229600
2003-01-09 13:51:00,0.2210,0.2210,0.2200,0.2210,212800
2003-01-09 13:50:00,0.2200,0.2210,0.2200,0.2210,425600
2003-01-09 13:49:00,0.2200,0.2210,0.2200,0.2200,548800
2003-01-09 13:48:00,0.2200,0.2210,0.2190,0.2200,3529176
2003-01-09 13:47:00,0.2210,0.2210,0.2190,0.2200,1083600
2003-01-09 13:46:00,0.2210,0.2210,0.2200,0.2210,268800
2003-01-09 13:45:00,0.2210,0.2210,0.2200,0.2210,643328
2003-01-09 13:44:00,0.2210,0.2210,0.2200,0.2210,390880
2003-01-09 13:43:00,0.2210,0.2210,0.2210,0.2210,268800
2003-01-09 13:42:00,0.2210,0.2210,0.2210,0.2210,50400
2003-01-09 13:41:00,0.2210,0.2210,0.2210,0.2210,324800
2003-01-09 13:40:00,0.2210,0.2210,0.2210,0.2210,1002400
2003-01-09 13:39:00,0.2210,0.2220,0.2210,0.2210,364000
2003-01-09 13:38:00,0.2210,0.2220,0.2210,0.2210,472416
2003-01-09 13:37:00,0.2210,0.2220,0.2210,0.2210,117600
2003-01-09 13:36:00,0.2210,0.2220,0.2210,0.2210,912800
2003-01-09 13:35:00,0.2210,0.2220,0.2210,0.2210,257600
2003-01-09 13:34:00,0.2220,0.2220,0.2210,0.2210,1170400
2003-01-09 13:33:00,0.2210,0.2220,0.2210,0.2210,285600
2003-01-09 13:32:00,0.2220,0.2220,0.2210,0.2210,212800
2003-01-09 13:30:00,0.2220,0.2220,0.2210,0.2220,39200
2003-01-09 13:29:00,0.2220,0.2220,0.2210,0.2220,28000
2003-01-09 13:28:00,0.2210,0.2220,0.2210,0.2210,804384
2003-01-09 13:27:00,0.2220,0.2220,0.2210,0.2220,364000
2003-01-09 13:25:00,0.2220,0.2220,0.2210,0.2220,39200
2003-01-09 13:24:00,0.2210,0.2220,0.2210,0.2210,262752
2003-01-09 13:23:00,0.2220,0.2220,0.2210,0.2210,599200
2003-01-09 13:22:00,0.2210,0.2220,0.2210,0.2210,615608
2003-01-09 13:21:00,0.2220,0.2220,0.2210,0.2210,393344
2003-01-09 13:20:00,0.2220,0.2220,0.2210,0.2210,28000
2003-01-09 13:19:00,0.2220,0.2220,0.2210,0.2210,683200
2003-01-09 13:18:00,0.2220,0.2220,0.2220,0.2220,278096
2003-01-09 13:17:00,0.2220,0.2230,0.2220,0.2220,582400
2003-01-09 13:16:00,0.2230,0.2230,0.2220,0.2220,72800
2003-01-09 13:15:00,0.2220,0.2230,0.2220,0.2220,112000
2003-01-09 13:14:00,0.2230,0.2230,0.2220,0.2220,145600
2003-01-09 13:13:00,0.2230,0.2230,0.2220,0.2220,130928
2003-01-09 13:12:00,0.2230,0.2230,0.2220,0.2230,184800
2003-01-09 13:11:00,0.2230,0.2230,0.2220,0.2230,498400
2003-01-09 13:10:00,0.2230,0.2240,0.2220,0.2230,403648
2003-01-09 13:09:00,0.2230,0.2240,0.2230,0.2230,140000
2003-01-09 13:08:00,0.2240,0.2240,0.2230,0.2230,277200
2003-01-09 13:07:00,0.2240,0.2240,0.2230,0.2240,203616
2003-01-09 13:06:00,0.2230,0.2240,0.2230,0.2240,750400
2003-01-09 13:05:00,0.2230,0.2240,0.2230,0.2230,117600
2003-01-09 13:04:00,0.2230,0.2240,0.2230,0.2230,72800
2003-01-09 13:03:00,0.2230,0.2240,0.2230,0.2230,39200
2003-01-09 13:02:00,0.2230,0.2230,0.2230,0.2230,146048
2003-01-09 13:01:00,0.2230,0.2240,0.2230,0.2230,313600
2003-01-09 13:00:00,0.2230,0.2240,0.2230,0.2230,240800
2003-01-09 12:59:00,0.2230,0.2240,0.2220,0.2230,1310400
2003-01-09 12:58:00,0.2230,0.2240,0.2220,0.2230,1340080
2003-01-09 12:57:00,0.2240,0.2240,0.2230,0.2230,481600
2003-01-09 12:56:00,0.2240,0.2240,0.2230,0.2240,229600
2003-01-09 12:55:00,0.2240,0.2240,0.2230,0.2240,117600
2003-01-09 12:54:00,0.2240,0.2240,0.2230,0.2240,5600
2003-01-09 12:53:00,0.2240,0.2240,0.2230,0.2240,89600
2003-01-09 12:52:00,0.2240,0.2240,0.2230,0.2240,168000
2003-01-09 12:51:00,0.2240,0.2240,0.2230,0.2240,240800
2003-01-09 12:50:00,0.2240,0.2240,0.2230,0.2240,231336
2003-01-09 12:49:00,0.2240,0.2240,0.2230,0.2240,593600
2003-01-09 12:48:00,0.2240,0.2240,0.2230,0.2240,252000
2003-01-09 12:47:00,0.2240,0.2240,0.2240,0.2240,33600
2003-01-09 12:46:00,0.2250,0.2250,0.2240,0.2240,498624
2003-01-09 12:45:00,0.2250,0.2250,0.2240,0.2240,117600
2003-01-09 12:44:00,0.2250,0.2250,0.2240,0.2240,476000
2003-01-09 12:43:00,0.2250,0.2250,0.2240,0.2250,532000
2003-01-09 12:42:00,0.2250,0.2250,0.2240,0.2240,397600
2003-01-09 12:41:00,0.2250,0.2250,0.2240,0.2250,33600
2003-01-09 12:40:00,0.2250,0.2250,0.2240,0.2250,744800
2003-01-09 12:39:00,0.2250,0.2250,0.2240,0.2250,313600
2003-01-09 12:38:00,0.2250,0.2250,0.2240,0.2250,296800
2003-01-09 12:35:00,0.2250,0.2250,0.2240,0.2250,19600
2003-01-09 12:34:00,0.2250,0.2250,0.2240,0.2250,16800
2003-01-09 12:33:00,0.2250,0.2250,0.2240,0.2250,329000
2003-01-09 12:31:00,0.2250,0.2250,0.2240,0.2250,134400
2003-01-09 12:30:00,0.2250,0.2250,0.2240,0.2250,173600
2003-01-09 12:29:00,0.2250,0.2250,0.2250,0.2250,33600
2003-01-09 12:28:00,0.2250,0.2250,0.2250,0.2250,280000
2003-01-09 12:27:00,0.2250,0.2250,0.2250,0.2250,11200
2003-01-09 12:26:00,0.2250,0.2250,0.2250,0.2250,33600
2003-01-09 12:25:00,0.2250,0.2250,0.2250,0.2250,61600
2003-01-09 12:24:00,0.2250,0.2250,0.2250,0.2250,44800
2003-01-09 12:23:00,0.2250,0.2250,0.2250,0.2250,39200
2003-01-09 12:22:00,0.2250,0.2250,0.2240,0.2250,78400
2003-01-09 12:21:00,0.2250,0.2250,0.2240,0.2250,39200
2003-01-09 12:20:00,0.2250,0.2250,0.2240,0.2250,44800
2003-01-09 12:19:00,0.2250,0.2250,0.2240,0.2250,28000
2003-01-09 12:18:00,0.2250,0.2250,0.2240,0.2250,33600
2003-01-09 12:17:00,0.2250,0.2250,0.2240,0.2250,86520
2003-01-09 12:16:00,0.2250,0.2250,0.2240,0.2250,33600
2003-01-09 12:15:00,0.2250,0.2250,0.2240,0.2250,16800
2003-01-09 12:14:00,0.2250,0.2250,0.2250,0.2250,56000
2003-01-09 12:13:00,0.2250,0.2250,0.2240,0.2250,134400
2003-01-09 12:12:00,0.2250,0.2250,0.2240,0.2250,84000
2003-01-09 12:11:00,0.2250,0.2250,0.2240,0.2250,173600
2003-01-09 12:10:00,0.2250,0.2250,0.2250,0.2250,95200
2003-01-09 12:09:00,0.2250,0.2250,0.2250,0.2250,106400
2003-01-09 12:08:00,0.2250,0.2250,0.2250,0.2250,56000
2003-01-09 12:07:00,0.2250,0.2250,0.2250,0.2250,263200
2003-01-09 12:06:00,0.2250,0.2260,0.2250,0.2250,72800
2003-01-09 12:05:00,0.2250,0.2260,0.2250,0.2250,61600
2003-01-09 12:03:00,0.2250,0.2260,0.2250,0.2250,36064
2003-01-09 12:02:00,0.2250,0.2260,0.2250,0.2250,33600
2003-01-09 12:01:00,0.2250,0.2260,0.2250,0.2250,61600
2003-01-09 12:00:00,0.2250,0.2260,0.2250,0.2250,101304
2003-01-09 11:59:00,0.2250,0.2260,0.2250,0.2250,50400
2003-01-09 11:58:00,0.2250,0.2260,0.2250,0.2250,28000
2003-01-09 11:57:00,0.2250,0.2260,0.2250,0.2250,5600
2003-01-09 11:56:00,0.2250,0.2260,0.2250,0.2250,50400
2003-01-09 11:55:00,0.2250,0.2250,0.2250,0.2250,151200
2003-01-09 11:54:00,0.2250,0.2250,0.2250,0.2250,61600
2003-01-09 11:53:00,0.2250,0.2250,0.2250,0.2250,39200
2003-01-09 11:52:00,0.2250,0.2250,0.2240,0.2250,22400
2003-01-09 11:51:00,0.2250,0.2250,0.2240,0.2250,119784
2003-01-09 11:50:00,0.2250,0.2250,0.2240,0.2250,274400
2003-01-09 11:49:00,0.2250,0.2250,0.2240,0.2250,632800
2003-01-09 11:48:00,0.2250,0.2250,0.2250,0.2250,148120
2003-01-09 11:47:00,0.2250,0.2260,0.2250,0.2250,397600
2003-01-09 11:46:00,0.2250,0.2260,0.2250,0.2250,461104
2003-01-09 11:45:00,0.2250,0.2260,0.2250,0.2250,33600
2003-01-09 11:44:00,0.2260,0.2260,0.2250,0.2250,16800
2003-01-09 11:43:00,0.2260,0.2260,0.2250,0.2260,11200
2003-01-09 11:42:00,0.2250,0.2260,0.2250,0.2260,117600
2003-01-09 11:41:00,0.2260,0.2260,0.2250,0.2260,120120
2003-01-09 11:40:00,0.2260,0.2260,0.2250,0.2260,100800
2003-01-09 11:39:00,0.2260,0.2260,0.2250,0.2260,123200
2003-01-09 11:38:00,0.2260,0.2260,0.2250,0.2260,240800
2003-01-09 11:37:00,0.2260,0.2260,0.2250,0.2260,2259208
2003-01-09 11:36:00,0.2250,0.2260,0.2250,0.2260,358400
2003-01-09 11:35:00,0.2260,0.2260,0.2250,0.2260,140000
2003-01-09 11:34:00,0.2260,0.2260,0.2250,0.2250,470400
2003-01-09 11:33:00,0.2260,0.2260,0.2250,0.2260,520800
2003-01-09 11:32:00,0.2260,0.2260,0.2250,0.2250,100800
2003-01-09 11:31:00,0.2260,0.2260,0.2250,0.2260,1431360
2003-01-09 11:30:00,0.2250,0.2260,0.2250,0.2250,5469296
2003-01-09 11:29:00,0.2250,0.2250,0.2250,0.2250,518000
2003-01-09 11:28:00,0.2250,0.2250,0.2250,0.2250,291200
2003-01-09 11:27:00,0.2250,0.2250,0.2240,0.2250,453600
2003-01-09 11:26:00,0.2250,0.2250,0.2240,0.2240,929600
2003-01-09 11:25:00,0.2250,0.2250,0.2240,0.2250,1064000
2003-01-09 11:24:00,0.2250,0.2250,0.2240,0.2250,1240792
2003-01-09 11:23:00,0.2240,0.2250,0.2240,0.2250,682976
2003-01-09 11:22:00,0.2240,0.2250,0.2240,0.2240,644000
2003-01-09 11:21:00,0.2240,0.2250,0.2230,0.2240,322336
2003-01-09 11:20:00,0.2240,0.2240,0.2230,0.2240,347200
2003-01-09 11:19:00,0.2240,0.2240,0.2230,0.2240,398832
2003-01-09 11:18:00,0.2240,0.2240,0.2230,0.2230,540848
2003-01-09 11:17:00,0.2240,0.2240,0.2230,0.2240,78400
2003-01-09 11:16:00,0.2240,0.2240,0.2230,0.2240,266616
2003-01-09 11:15:00,0.2240,0.2240,0.2230,0.2240,364000
2003-01-09 11:14:00,0.2240,0.2240,0.2230,0.2240,921200
2003-01-09 11:13:00,0.2240,0.2240,0.2230,0.2240,168000
2003-01-09 11:12:00,0.2240,0.2240,0.2230,0.2240,128016
2003-01-09 11:11:00,0.2240,0.2240,0.2230,0.2240,448000
2003-01-09 11:10:00,0.2240,0.2240,0.2230,0.2240,168000
2003-01-09 11:09:00,0.2240,0.2240,0.2230,0.2240,313600
2003-01-09 11:08:00,0.2240,0.2240,0.2230,0.2240,526400
2003-01-09 11:07:00,0.2240,0.2240,0.2230,0.2240,361200
2003-01-09 11:06:00,0.2240,0.2240,0.2230,0.2240,190400
2003-01-09 11:05:00,0.2240,0.2250,0.2240,0.2240,257600
2003-01-09 11:04:00,0.2240,0.2250,0.2240,0.2240,336000
2003-01-09 11:03:00,0.2240,0.2240,0.2230,0.2240,100800
2003-01-09 11:02:00,0.2240,0.2250,0.2240,0.2240,28000
2003-01-09 11:01:00,0.2250,0.2250,0.2240,0.2250,1042496
2003-01-09 11:00:00,0.2240,0.2250,0.2240,0.2250,1002400
2003-01-09 10:59:00,0.2240,0.2240,0.2240,0.2240,112000
2003-01-09 10:58:00,0.2240,0.2240,0.2240,0.2240,11200
2003-01-09 10:57:00,0.2240,0.2240,0.2230,0.2240,156800
2003-01-09 10:56:00,0.2240,0.2250,0.2240,0.2240,140000
2003-01-09 10:55:00,0.2250,0.2250,0.2240,0.2240,319200
2003-01-09 10:54:00,0.2250,0.2250,0.2240,0.2240,212800
2003-01-09 10:53:00,0.2250,0.2250,0.2240,0.2240,1211616
2003-01-09 10:52:00,0.2240,0.2250,0.2240,0.2240,358400
2003-01-09 10:51:00,0.2240,0.2250,0.2230,0.2240,1330560
2003-01-09 10:50:00,0.2230,0.2240,0.2230,0.2240,519344
2003-01-09 10:49:00,0.2230,0.2240,0.2230,0.2230,243600
2003-01-09 10:48:00,0.2240,0.2240,0.2230,0.2240,368088
2003-01-09 10:47:00,0.2240,0.2240,0.2230,0.2240,252000
2003-01-09 10:46:00,0.2230,0.2240,0.2230,0.2240,476000
2003-01-09 10:45:00,0.2240,0.2240,0.2230,0.2230,392616
2003-01-09 10:44:00,0.2240,0.2240,0.2230,0.2240,1596000
2003-01-09 10:43:00,0.2240,0.2240,0.2230,0.2230,476000
2003-01-09 10:42:00,0.2230,0.2240,0.2230,0.2240,851200
2003-01-09 10:41:00,0.2230,0.2230,0.2230,0.2230,134400
2003-01-09 10:40:00,0.2230,0.2240,0.2220,0.2230,246400
2003-01-09 10:39:00,0.2230,0.2230,0.2220,0.2230,28000
2003-01-09 10:38:00,0.2230,0.2230,0.2220,0.2230,638400
2003-01-09 10:37:00,0.2230,0.2240,0.2220,0.2230,1052464
2003-01-09 10:36:00,0.2230,0.2230,0.2230,0.2230,44800
2003-01-09 10:35:00,0.2230,0.2240,0.2230,0.2230,303352
2003-01-09 10:34:00,0.2240,0.2240,0.2230,0.2240,117600
2003-01-09 10:33:00,0.2240,0.2240,0.2230,0.2240,78400
2003-01-09 10:32:00,0.2240,0.2240,0.2230,0.2230,1808800
2003-01-09 10:31:00,0.2240,0.2240,0.2230,0.2240,453600
2003-01-09 10:30:00,0.2240,0.2240,0.2230,0.2240,750400
2003-01-09 10:29:00,0.2230,0.2240,0.2220,0.2240,408800
2003-01-09 10:28:00,0.2230,0.2240,0.2220,0.2230,274400
2003-01-09 10:27:00,0.2230,0.2230,0.2220,0.2230,505400
2003-01-09 10:26:00,0.2230,0.2230,0.2220,0.2230,494704
2003-01-09 10:25:00,0.2230,0.2230,0.2220,0.2230,212800
2003-01-09 10:24:00,0.2230,0.2230,0.2220,0.2230,1125712
2003-01-09 10:23:00,0.2230,0.2240,0.2220,0.2230,218400
2003-01-09 10:22:00,0.2230,0.2240,0.2230,0.2230,201600
2003-01-09 10:21:00,0.2240,0.2240,0.2230,0.2230,386400
2003-01-09 10:20:00,0.2240,0.2240,0.2230,0.2240,688800
2003-01-09 10:19:00,0.2240,0.2240,0.2230,0.2240,946400
2003-01-09 10:18:00,0.2240,0.2240,0.2230,0.2240,470400
2003-01-09 10:17:00,0.2240,0.2240,0.2230,0.2240,2488864
2003-01-09 10:16:00,0.2230,0.2240,0.2230,0.2240,689752
2003-01-09 10:15:00,0.2230,0.2240,0.2230,0.2230,464800
2003-01-09 10:14:00,0.2230,0.2240,0.2230,0.2230,694400
2003-01-09 10:13:00,0.2230,0.2230,0.2230,0.2230,106400
2003-01-09 10:12:00,0.2230,0.2240,0.2230,0.2230,436800
2003-01-09 10:11:00,0.2230,0.2230,0.2230,0.2230,56000
2003-01-09 10:10:00,0.2230,0.2240,0.2230,0.2230,179200
2003-01-09 10:09:00,0.2230,0.2240,0.2230,0.2230,754712
2003-01-09 10:08:00,0.2240,0.2240,0.2230,0.2230,257600
2003-01-09 10:07:00,0.2240,0.2240,0.2230,0.2240,420000
2003-01-09 10:06:00,0.2240,0.2240,0.2230,0.2240,778232
2003-01-09 10:05:00,0.2240,0.2240,0.2230,0.2240,246400
2003-01-09 10:04:00,0.2240,0.2240,0.2230,0.2240,442400
2003-01-09 10:03:00,0.2240,0.2240,0.2230,0.2240,653744
2003-01-09 10:02:00,0.2240,0.2240,0.2230,0.2240,537264
2003-01-09 10:01:00,0.2240,0.2240,0.2230,0.2240,3004792
2003-01-09 10:00:00,0.2230,0.2240,0.2230,0.2240,3216584
2003-01-09 09:59:00,0.2230,0.2240,0.2230,0.2230,940800
2003-01-09 09:58:00,0.2230,0.2230,0.2220,0.2230,268968
2003-01-09 09:57:00,0.2230,0.2240,0.2220,0.2230,565600
2003-01-09 09:56:00,0.2230,0.2240,0.2220,0.2230,851200
2003-01-09 09:55:00,0.2230,0.2230,0.2220,0.2230,408800
2003-01-09 09:54:00,0.2230,0.2240,0.2220,0.2230,610400
2003-01-09 09:53:00,0.2230,0.2240,0.2230,0.2230,301728
2003-01-09 09:52:00,0.2230,0.2240,0.2230,0.2240,722400
2003-01-09 09:51:00,0.2230,0.2240,0.2220,0.2230,644000
2003-01-09 09:50:00,0.2220,0.2230,0.2220,0.2220,610400
2003-01-09 09:49:00,0.2230,0.2230,0.2220,0.2220,1030400
2003-01-09 09:48:00,0.2230,0.2240,0.2230,0.2230,268800
2003-01-09 09:47:00,0.2240,0.2240,0.2230,0.2230,703976
2003-01-09 09:46:00,0.2240,0.2240,0.2230,0.2240,2500568
2003-01-09 09:45:00,0.2240,0.2240,0.2230,0.2240,1176000
2003-01-09 09:44:00,0.2230,0.2240,0.2230,0.2240,733600
2003-01-09 09:43:00,0.2240,0.2240,0.2230,0.2230,1433600
2003-01-09 09:42:00,0.2240,0.2240,0.2230,0.2240,2976120
2003-01-09 09:41:00,0.2240,0.2240,0.2230,0.2240,1769600
2003-01-09 09:40:00,0.2230,0.2240,0.2230,0.2240,812000
2003-01-09 09:39:00,0.2230,0.2230,0.2220,0.2230,240800
2003-01-09 09:38:00,0.2230,0.2240,0.2220,0.2230,616112
2003-01-09 09:37:00,0.2230,0.2240,0.2220,0.2230,658000
2003-01-09 09:36:00,0.2230,0.2240,0.2220,0.2230,688800
2003-01-09 09:35:00,0.2230,0.2230,0.2220,0.2230,431200
2003-01-09 09:34:00,0.2220,0.2230,0.2220,0.2230,492800
2003-01-09 09:33:00,0.2220,0.2230,0.2220,0.2220,677600
2003-01-09 09:32:00,0.2230,0.2230,0.2220,0.2220,739480
2003-01-09 09:31:00,0.2220,0.2230,0.2220,0.2220,285040
2003-01-09 09:30:00,0.2220,0.2230,0.2210,0.2220,859992
2003-01-09 09:29:00,0.2210,0.2220,0.2210,0.2220,112000
2003-01-09 09:28:00,0.2210,0.2220,0.2210,0.2210,50400
2003-01-09 09:24:00,0.2210,0.2220,0.2210,0.2210,67200
2003-01-09 09:23:00,0.2230,0.2230,0.2220,0.2230,44800
2003-01-09 09:22:00,0.2220,0.2230,0.2220,0.2230,352800
2003-01-09 09:17:00,0.2210,0.2220,0.2210,0.2210,33600
2003-01-09 09:12:00,0.2210,0.2210,0.2200,0.2210,5359200
2003-01-09 08:53:00,0.2220,0.2220,0.2210,0.2210,89600
2003-01-09 08:44:00,0.2220,0.2220,0.2220,0.2220,100800
2003-01-09 08:25:00,0.2200,0.2210,0.2200,0.2200,5600
2003-01-08 17:25:00,0.2210,0.2210,0.2200,0.2210,464800
2003-01-08 17:09:00,0.2210,0.2210,0.2200,0.2210,940800
2003-01-08 16:42:00,0.2210,0.2210,0.2200,0.2210,6988800
2003-01-08 16:33:00,0.2210,0.2210,0.2200,0.2210,162400
2003-01-08 16:27:00,0.2210,0.2210,0.2200,0.2210,218400
2003-01-08 16:21:00,0.2200,0.2210,0.2200,0.2200,44800
2003-01-08 16:19:00,0.2210,0.2210,0.2200,0.2210,168000
2003-01-08 16:18:00,0.2210,0.2210,0.2200,0.2210,56000
2003-01-08 16:17:00,0.2200,0.2200,0.2190,0.2200,7756000
2003-01-08 16:12:00,0.2210,0.2210,0.2200,0.2210,50400
2003-01-08 16:11:00,0.2210,0.2210,0.2200,0.2210,11200
2003-01-08 16:10:00,0.2210,0.2210,0.2200,0.2210,218400
2003-01-08 16:09:00,0.2210,0.2210,0.2200,0.2210,1523200
2003-01-08 16:08:00,0.2210,0.2210,0.2190,0.2210,78400
2003-01-08 16:07:00,0.2210,0.2210,0.2200,0.2210,112000
2003-01-08 16:06:00,0.2210,0.2210,0.2200,0.2210,22400
2003-01-08 16:05:00,0.2210,0.2210,0.2200,0.2210,33600
2003-01-08 16:04:00,0.2210,0.2210,0.2200,0.2210,56000
2003-01-08 16:02:00,0.2210,0.2210,0.2200,0.2210,78400
2003-01-08 16:01:00,0.2210,0.2210,0.2200,0.2210,50400
2003-01-08 16:00:00,0.2210,0.2210,0.2190,0.2210,1125600
2003-01-08 15:59:00,0.2210,0.2210,0.2200,0.2210,2422056
2003-01-08 15:58:00,0.2210,0.2210,0.2200,0.2210,1242472
2003-01-08 15:57:00,0.2210,0.2210,0.2200,0.2210,1108800
2003-01-08 15:56:00,0.2210,0.2210,0.2200,0.2210,526736
2003-01-08 15:55:00,0.2200,0.2210,0.2200,0.2210,320600
2003-01-08 15:54:00,0.2200,0.2210,0.2200,0.2200,274400
2003-01-08 15:53:00,0.2200,0.2210,0.2200,0.2200,282296
2003-01-08 15:52:00,0.2200,0.2200,0.2190,0.2200,218400
2003-01-08 15:51:00,0.2200,0.2200,0.2190,0.2200,425600
2003-01-08 15:50:00,0.2200,0.2200,0.2190,0.2200,873600
2003-01-08 15:49:00,0.2200,0.2200,0.2190,0.2200,778400
2003-01-08 15:48:00,0.2190,0.2200,0.2190,0.2190,868000
2003-01-08 15:47:00,0.2200,0.2200,0.2190,0.2190,431200
2003-01-08 15:46:00,0.2200,0.2200,0.2190,0.2190,341600
2003-01-08 15:45:00,0.2200,0.2200,0.2190,0.2200,265440
2003-01-08 15:44:00,0.2200,0.2200,0.2190,0.2200,767032
2003-01-08 15:43:00,0.2200,0.2210,0.2200,0.2200,100800
2003-01-08 15:42:00,0.2200,0.2210,0.2200,0.2200,341600
2003-01-08 15:41:00,0.2200,0.2210,0.2200,0.2200,644000
2003-01-08 15:40:00,0.2200,0.2200,0.2200,0.2200,33600
2003-01-08 15:39:00,0.2200,0.2200,0.2200,0.2200,201600
2003-01-08 15:38:00,0.2200,0.2200,0.2200,0.2200,56000
2003-01-08 15:37:00,0.2200,0.2200,0.2200,0.2200,72800
2003-01-08 15:36:00,0.2200,0.2200,0.2200,0.2200,44800
2003-01-08 15:35:00,0.2200,0.2210,0.2200,0.2200,1294944
2003-01-08 15:34:00,0.2200,0.2200,0.2190,0.2200,761600
2003-01-08 15:33:00,0.2200,0.2200,0.2190,0.2200,651560
2003-01-08 15:32:00,0.2200,0.2200,0.2190,0.2200,436800
2003-01-08 15:31:00,0.2200,0.2210,0.2200,0.2200,349104
2003-01-08 15:30:00,0.2210,0.2210,0.2200,0.2200,324800
2003-01-08 15:29:00,0.2210,0.2210,0.2200,0.2210,50400
2003-01-08 15:28:00,0.2210,0.2210,0.2200,0.2210,274400
2003-01-08 15:27:00,0.2210,0.2210,0.2200,0.2210,173600
2003-01-08 15:26:00,0.2210,0.2210,0.2200,0.2210,145600
2003-01-08 15:25:00,0.2210,0.2210,0.2200,0.2210,123200
2003-01-08 15:24:00,0.2210,0.2210,0.2200,0.2210,448000
2003-01-08 15:23:00,0.2200,0.2210,0.2200,0.2210,716800
2003-01-08 15:22:00,0.2200,0.2210,0.2200,0.2200,814968
2003-01-08 15:21:00,0.2200,0.2210,0.2200,0.2200,319200
2003-01-08 15:20:00,0.2200,0.2210,0.2200,0.2200,302400
2003-01-08 15:19:00,0.2200,0.2210,0.2200,0.2200,380800
2003-01-08 15:18:00,0.2200,0.2210,0.2200,0.2200,112000
2003-01-08 15:17:00,0.2200,0.2210,0.2200,0.2200,782936
2003-01-08 15:16:00,0.2210,0.2210,0.2200,0.2210,599200
2003-01-08 15:15:00,0.2200,0.2210,0.2200,0.2200,72800
2003-01-08 15:14:00,0.2200,0.2210,0.2200,0.2210,165984
2003-01-08 15:13:00,0.2200,0.2210,0.2200,0.2200,263200
2003-01-08 15:12:00,0.2200,0.2210,0.2200,0.2200,1276800
2003-01-08 15:11:00,0.2200,0.2200,0.2200,0.2200,489776
2003-01-08 15:10:00,0.2200,0.2200,0.2200,0.2200,278320
2003-01-08 15:09:00,0.2200,0.2200,0.2200,0.2200,61600
2003-01-08 15:08:00,0.2200,0.2210,0.2200,0.2200,263200
2003-01-08 15:07:00,0.2200,0.2210,0.2200,0.2200,67200
2003-01-08 15:06:00,0.2200,0.2210,0.2200,0.2200,56000
2003-01-08 15:05:00,0.2200,0.2200,0.2200,0.2200,72800
2003-01-08 15:04:00,0.2200,0.2210,0.2200,0.2200,499632
2003-01-08 15:03:00,0.2200,0.2210,0.2200,0.2200,414400
2003-01-08 15:02:00,0.2200,0.2210,0.2200,0.2200,320936
2003-01-08 15:01:00,0.2200,0.2210,0.2190,0.2200,1372000
2003-01-08 15:00:00,0.2200,0.2210,0.2200,0.2200,531160
2003-01-08 14:59:00,0.2200,0.2210,0.2200,0.2200,207200
2003-01-08 14:58:00,0.2200,0.2210,0.2200,0.2200,173600
2003-01-08 14:57:00,0.2200,0.2210,0.2200,0.2200,566160
2003-01-08 14:56:00,0.2200,0.2210,0.2200,0.2200,218400
2003-01-08 14:55:00,0.2200,0.2210,0.2200,0.2200,84000
2003-01-08 14:54:00,0.2200,0.2210,0.2200,0.2200,39200
2003-01-08 14:53:00,0.2200,0.2210,0.2200,0.2200,632800
2003-01-08 14:52:00,0.2200,0.2210,0.2200,0.2200,170072
2003-01-08 14:51:00,0.2210,0.2210,0.2200,0.2210,336000
2003-01-08 14:50:00,0.2210,0.2210,0.2200,0.2210,39200
2003-01-08 14:49:00,0.2210,0.2210,0.2200,0.2210,257600
2003-01-08 14:48:00,0.2210,0.2210,0.2200,0.2210,576800
2003-01-08 14:47:00,0.2210,0.2210,0.2200,0.2210,189224
2003-01-08 14:46:00,0.2210,0.2210,0.2200,0.2210,515368
2003-01-08 14:45:00,0.2210,0.2210,0.2200,0.2210,319200
2003-01-08 14:44:00,0.2210,0.2210,0.2200,0.2210,313600
2003-01-08 14:43:00,0.2210,0.2220,0.2210,0.2210,173600
2003-01-08 14:42:00,0.2210,0.2210,0.2210,0.2210,100800
2003-01-08 14:41:00,0.2210,0.2220,0.2200,0.2210,534240
2003-01-08 14:40:00,0.2210,0.2210,0.2200,0.2210,5891200
2003-01-08 14:39:00,0.2210,0.2210,0.2200,0.2210,2208192
2003-01-08 14:38:00,0.2200,0.2210,0.2200,0.2200,763952
2003-01-08 14:37:00,0.2200,0.2210,0.2200,0.2200,296800
2003-01-08 14:36:00,0.2200,0.2210,0.2200,0.2200,61600
2003-01-08 14:35:00,0.2200,0.2210,0.2200,0.2200,11200
2003-01-08 14:34:00,0.2200,0.2210,0.2200,0.2200,11200
2003-01-08 14:33:00,0.2200,0.2210,0.2200,0.2200,403200
2003-01-08 14:32:00,0.2200,0.2210,0.2200,0.2200,2060800
2003-01-08 14:31:00,0.2210,0.2210,0.2200,0.2200,516992
2003-01-08 14:30:00,0.2210,0.2210,0.2200,0.2200,453600
2003-01-08 14:29:00,0.2210,0.2210,0.2200,0.2200,176456
2003-01-08 14:28:00,0.2200,0.2210,0.2200,0.2200,1098832
2003-01-08 14:27:00,0.2200,0.2210,0.2200,0.2200,246400
2003-01-08 14:26:00,0.2200,0.2210,0.2200,0.2200,140000
2003-01-08 14:25:00,0.2200,0.2210,0.2190,0.2200,263200
2003-01-08 14:24:00,0.2200,0.2210,0.2200,0.2210,151200
2003-01-08 14:23:00,0.2210,0.2210,0.2200,0.2210,330400
2003-01-08 14:22:00,0.2200,0.2210,0.2200,0.2210,795200
2003-01-08 14:21:00,0.2200,0.2210,0.2200,0.2200,280000
2003-01-08 14:20:00,0.2200,0.2200,0.2190,0.2200,313600
2003-01-08 14:19:00,0.2200,0.2210,0.2200,0.2200,28000
2003-01-08 14:18:00,0.2200,0.2200,0.2200,0.2200,5600
2003-01-08 14:17:00,0.2200,0.2210,0.2200,0.2200,273000
2003-01-08 14:16:00,0.2200,0.2200,0.2190,0.2200,128800
2003-01-08 14:15:00,0.2200,0.2200,0.2190,0.2200,496944
2003-01-08 14:14:00,0.2200,0.2200,0.2190,0.2200,274400
2003-01-08 14:13:00,0.2200,0.2200,0.2190,0.2200,640248
2003-01-08 14:12:00,0.2200,0.2210,0.2190,0.2200,362320
2003-01-08 14:11:00,0.2210,0.2210,0.2200,0.2210,33600
2003-01-08 14:10:00,0.2200,0.2210,0.2200,0.2200,733600
2003-01-08 14:09:00,0.2200,0.2210,0.2200,0.2200,688800
2003-01-08 14:08:00,0.2210,0.2210,0.2200,0.2210,121016
2003-01-08 14:07:00,0.2200,0.2210,0.2200,0.2210,436800
2003-01-08 14:06:00,0.2200,0.2210,0.2200,0.2200,112000
2003-01-08 14:05:00,0.2200,0.2210,0.2190,0.2200,277816
2003-01-08 14:04:00,0.2200,0.2200,0.2190,0.2200,466984
2003-01-08 14:03:00,0.2200,0.2200,0.2190,0.2200,834400
2003-01-08 14:02:00,0.2200,0.2200,0.2190,0.2200,106400
2003-01-08 14:01:00,0.2200,0.2200,0.2190,0.2200,78400
2003-01-08 14:00:00,0.2200,0.2200,0.2190,0.2200,268800
2003-01-08 13:59:00,0.2200,0.2200,0.2200,0.2200,22400
2003-01-08 13:58:00,0.2200,0.2200,0.2200,0.2200,118720
2003-01-08 13:57:00,0.2200,0.2200,0.2190,0.2200,219464
2003-01-08 13:56:00,0.2200,0.2200,0.2190,0.2200,257600
2003-01-08 13:55:00,0.2200,0.2200,0.2200,0.2200,5600
2003-01-08 13:54:00,0.2200,0.2200,0.2190,0.2200,302400
2003-01-08 13:53:00,0.2200,0.2200,0.2190,0.2200,369600
2003-01-08 13:52:00,0.2200,0.2200,0.2190,0.2200,50400
2003-01-08 13:51:00,0.2200,0.2200,0.2190,0.2200,39200
2003-01-08 13:50:00,0.2190,0.2200,0.2190,0.2190,980000
2003-01-08 13:49:00,0.2200,0.2200,0.2190,0.2190,235200
2003-01-08 13:48:00,0.2200,0.2200,0.2190,0.2190,156800
2003-01-08 13:47:00,0.2200,0.2200,0.2190,0.2190,28000
2003-01-08 13:46:00,0.2200,0.2200,0.2190,0.2200,100800
2003-01-08 13:45:00,0.2190,0.2200,0.2190,0.2190,492800
2003-01-08 13:44:00,0.2200,0.2200,0.2190,0.2190,156800
2003-01-08 13:43:00,0.2190,0.2200,0.2190,0.2190,106400
2003-01-08 13:42:00,0.2190,0.2200,0.2190,0.2190,67200
2003-01-08 13:41:00,0.2190,0.2200,0.2190,0.2190,716800
2003-01-08 13:40:00,0.2200,0.2200,0.2190,0.2190,840000
2003-01-08 13:39:00,0.2200,0.2200,0.2190,0.2200,212800
2003-01-08 13:38:00,0.2200,0.2200,0.2190,0.2200,330400
2003-01-08 13:37:00,0.2200,0.2200,0.2190,0.2200,785680
2003-01-08 13:36:00,0.2200,0.2210,0.2190,0.2200,207200
2003-01-08 13:35:00,0.2200,0.2200,0.2200,0.2200,100800
2003-01-08 13:34:00,0.2200,0.2200,0.2200,0.2200,39200
2003-01-08 13:33:00,0.2200,0.2200,0.2200,0.2200,44800
2003-01-08 13:32:00,0.2200,0.2200,0.2200,0.2200,128800
2003-01-08 13:31:00,0.2200,0.2210,0.2200,0.2200,728056
2003-01-08 13:30:00,0.2210,0.2210,0.2200,0.2200,431200
2003-01-08 13:29:00,0.2210,0.2210,0.2200,0.2210,957600
2003-01-08 13:28:00,0.2210,0.2210,0.2200,0.2210,39200
2003-01-08 13:27:00,0.2210,0.2210,0.2200,0.2210,156800
2003-01-08 13:26:00,0.2200,0.2210,0.2200,0.2200,571200
2003-01-08 13:25:00,0.2200,0.2200,0.2200,0.2200,33600
2003-01-08 13:24:00,0.2200,0.2200,0.2200,0.2200,67200
2003-01-08 13:23:00,0.2200,0.2200,0.2190,0.2200,78400
2003-01-08 13:22:00,0.2200,0.2200,0.2190,0.2200,526400
2003-01-08 13:21:00,0.2200,0.2200,0.2190,0.2200,620200
2003-01-08 13:20:00,0.2200,0.2200,0.2200,0.2200,39200
2003-01-08 13:19:00,0.2200,0.2200,0.2190,0.2200,352800
2003-01-08 13:18:00,0.2200,0.2200,0.2190,0.2200,134400
2003-01-08 13:17:00,0.2200,0.2200,0.2190,0.2190,235200
2003-01-08 13:16:00,0.2200,0.2200,0.2190,0.2200,1164800
2003-01-08 13:15:00,0.2200,0.2200,0.2190,0.2190,201600
2003-01-08 13:14:00,0.2200,0.2200,0.2190,0.2200,84000
2003-01-08 13:13:00,0.2200,0.2200,0.2190,0.2200,274400
2003-01-08 13:11:00,0.2200,0.2200,0.2190,0.2200,67200
2003-01-08 13:10:00,0.2200,0.2200,0.2190,0.2200,179200
2003-01-08 13:09:00,0.2200,0.2200,0.2190,0.2200,33600
2003-01-08 13:07:00,0.2200,0.2200,0.2190,0.2200,33600
2003-01-08 13:06:00,0.2200,0.2200,0.2190,0.2200,229600
2003-01-08 13:05:00,0.2200,0.2200,0.2190,0.2200,78400
2003-01-08 13:04:00,0.2200,0.2200,0.2190,0.2200,72912
2003-01-08 13:03:00,0.2200,0.2200,0.2200,0.2200,39200
2003-01-08 13:02:00,0.2200,0.2200,0.2190,0.2200,240800
2003-01-08 13:01:00,0.2200,0.2200,0.2190,0.2200,397600
2003-01-08 13:00:00,0.2200,0.2200,0.2190,0.2200,11200
2003-01-08 12:59:00,0.2200,0.2200,0.2190,0.2200,168000
2003-01-08 12:58:00,0.2200,0.2200,0.2190,0.2200,216440
2003-01-08 12:57:00,0.2200,0.2200,0.2200,0.2200,84000
2003-01-08 12:56:00,0.2200,0.2210,0.2200,0.2200,397600
2003-01-08 12:55:00,0.2200,0.2210,0.2200,0.2200,84000
2003-01-08 12:54:00,0.2200,0.2210,0.2200,0.2200,61600
2003-01-08 12:53:00,0.2200,0.2210,0.2200,0.2200,56000
2003-01-08 12:51:00,0.2210,0.2210,0.2200,0.2200,207200
2003-01-08 12:50:00,0.2210,0.2210,0.2200,0.2210,582400
2003-01-08 12:49:00,0.2200,0.2210,0.2200,0.2210,985600
2003-01-08 12:48:00,0.2200,0.2200,0.2190,0.2200,644000
2003-01-08 12:47:00,0.2200,0.2200,0.2200,0.2200,415240
2003-01-08 12:46:00,0.2200,0.2200,0.2190,0.2200,190400
2003-01-08 12:45:00,0.2200,0.2200,0.2190,0.2200,207816
2003-01-08 12:44:00,0.2200,0.2200,0.2190,0.2200,151200
2003-01-08 12:43:00,0.2200,0.2200,0.2190,0.2200,123200
2003-01-08 12:42:00,0.2200,0.2200,0.2200,0.2200,196000
2003-01-08 12:41:00,0.2200,0.2200,0.2200,0.2200,67200
2003-01-08 12:40:00,0.2200,0.2200,0.2200,0.2200,145600
2003-01-08 12:39:00,0.2200,0.2200,0.2190,0.2200,940800
2003-01-08 12:38:00,0.2200,0.2200,0.2190,0.2200,1176000
2003-01-08 12:37:00,0.2200,0.2200,0.2190,0.2200,420000
2003-01-08 12:36:00,0.2190,0.2200,0.2190,0.2190,190400
2003-01-08 12:35:00,0.2190,0.2200,0.2190,0.2190,139328
2003-01-08 12:34:00,0.2190,0.2200,0.2190,0.2190,423024
2003-01-08 12:33:00,0.2190,0.2200,0.2190,0.2190,980000
2003-01-08 12:32:00,0.2200,0.2200,0.2190,0.2190,1002400
2003-01-08 12:31:00,0.2200,0.2200,0.2190,0.2200,1619184
2003-01-08 12:30:00,0.2190,0.2190,0.2190,0.2190,772800
2003-01-08 12:29:00,0.2190,0.2200,0.2190,0.2190,239960
2003-01-08 12:28:00,0.2190,0.2200,0.2190,0.2190,123200
2003-01-08 12:27:00,0.2190,0.2200,0.2190,0.2190,11200
2003-01-08 12:26:00,0.2190,0.2200,0.2190,0.2190,72800
2003-01-08 12:25:00,0.2190,0.2200,0.2190,0.2190,1769600
2003-01-08 12:24:00,0.2200,0.2200,0.2190,0.2190,1848168
2003-01-08 12:23:00,0.2200,0.2200,0.2190,0.2190,608272
2003-01-08 12:22:00,0.2200,0.2200,0.2190,0.2200,2083536
2003-01-08 12:21:00,0.2200,0.2200,0.2190,0.2190,117600
2003-01-08 12:20:00,0.2200,0.2200,0.2190,0.2200,1825264
2003-01-08 12:19:00,0.2200,0.2200,0.2190,0.2200,263200
2003-01-08 12:18:00,0.2200,0.2200,0.2190,0.2190,297864
2003-01-08 12:17:00,0.2200,0.2200,0.2190,0.2200,218400
2003-01-08 12:16:00,0.2200,0.2200,0.2190,0.2200,963200
2003-01-08 12:15:00,0.2200,0.2200,0.2190,0.2200,296800
2003-01-08 12:14:00,0.2200,0.2200,0.2190,0.2200,588000
2003-01-08 12:13:00,0.2200,0.2200,0.2190,0.2200,291200
2003-01-08 12:12:00,0.2200,0.2200,0.2190,0.2200,257600
2003-01-08 12:11:00,0.2200,0.2200,0.2190,0.2200,660800
2003-01-08 12:10:00,0.2200,0.2200,0.2190,0.2190,190400
2003-01-08 12:09:00,0.2200,0.2200,0.2190,0.2200,588000
2003-01-08 12:08:00,0.2200,0.2200,0.2190,0.2200,50400
2003-01-08 12:07:00,0.2190,0.2200,0.2190,0.2190,1047200
2003-01-08 12:06:00,0.2200,0.2200,0.2190,0.2190,576800
2003-01-08 12:05:00,0.2200,0.2200,0.2190,0.2200,140000
2003-01-08 12:04:00,0.2200,0.2200,0.2190,0.2200,246400
2003-01-08 12:03:00,0.2200,0.2200,0.2190,0.2190,128800
2003-01-08 12:02:00,0.2200,0.2200,0.2190,0.2200,918400
2003-01-08 12:01:00,0.2200,0.2200,0.2190,0.2200,901600
2003-01-08 12:00:00,0.2200,0.2200,0.2190,0.2200,2771048
2003-01-08 11:59:00,0.2200,0.2200,0.2190,0.2200,476896
2003-01-08 11:58:00,0.2200,0.2200,0.2190,0.2200,56000
2003-01-08 11:57:00,0.2200,0.2200,0.2200,0.2200,5600
2003-01-08 11:56:00,0.2200,0.2200,0.2190,0.2200,756000
2003-01-08 11:55:00,0.2200,0.2200,0.2190,0.2200,224000
2003-01-08 11:54:00,0.2200,0.2200,0.2190,0.2200,1078560
2003-01-08 11:53:00,0.2200,0.2200,0.2190,0.2200,800800
2003-01-08 11:52:00,0.2200,0.2200,0.2190,0.2200,170744
2003-01-08 11:51:00,0.2200,0.2200,0.2200,0.2200,44800
2003-01-08 11:50:00,0.2200,0.2200,0.2200,0.2200,5600
2003-01-08 11:49:00,0.2200,0.2200,0.2200,0.2200,812000
2003-01-08 11:48:00,0.2200,0.2200,0.2200,0.2200,946400
2003-01-08 11:47:00,0.2200,0.2200,0.2190,0.2200,442400
2003-01-08 11:46:00,0.2200,0.2200,0.2200,0.2200,49728
2003-01-08 11:45:00,0.2200,0.2200,0.2200,0.2200,263200
2003-01-08 11:44:00,0.2200,0.2200,0.2200,0.2200,72800
2003-01-08 11:43:00,0.2200,0.2200,0.2200,0.2200,16800
2003-01-08 11:42:00,0.2200,0.2200,0.2200,0.2200,106400
2003-01-08 11:41:00,0.2200,0.2200,0.2200,0.2200,28000
2003-01-08 11:40:00,0.2200,0.2200,0.2200,0.2200,336000
2003-01-08 11:39:00,0.2200,0.2200,0.2200,0.2200,420000
2003-01-08 11:38:00,0.2200,0.2210,0.2200,0.2200,252000
2003-01-08 11:37:00,0.2210,0.2210,0.2200,0.2200,207200
2003-01-08 11:36:00,0.2200,0.2210,0.2200,0.2210,548800
2003-01-08 11:35:00,0.2200,0.2210,0.2200,0.2200,313600
2003-01-08 11:34:00,0.2200,0.2210,0.2200,0.2200,28000
2003-01-08 11:33:00,0.2200,0.2210,0.2200,0.2200,33600
2003-01-08 11:32:00,0.2200,0.2210,0.2200,0.2200,100800
2003-01-08 11:31:00,0.2210,0.2210,0.2200,0.2210,95200
2003-01-08 11:30:00,0.2210,0.2210,0.2200,0.2210,168000
2003-01-08 11:29:00,0.2210,0.2210,0.2200,0.2210,178304
2003-01-08 11:28:00,0.2210,0.2220,0.2210,0.2210,324800
2003-01-08 11:27:00,0.2210,0.2220,0.2210,0.2210,151200
2003-01-08 11:26:00,0.2210,0.2220,0.2200,0.2210,1904000
2003-01-08 11:25:00,0.2210,0.2210,0.2200,0.2210,716800
2003-01-08 11:24:00,0.2210,0.2210,0.2200,0.2210,448000
2003-01-08 11:23:00,0.2200,0.2210,0.2200,0.2210,929600
2003-01-08 11:22:00,0.2200,0.2210,0.2200,0.2200,190400
2003-01-08 11:21:00,0.2200,0.2210,0.2200,0.2200,84000
2003-01-08 11:20:00,0.2200,0.2210,0.2200,0.2200,733600
2003-01-08 11:18:00,0.2200,0.2210,0.2200,0.2200,285600
2003-01-08 11:17:00,0.2200,0.2200,0.2190,0.2200,229600
2003-01-08 11:16:00,0.2200,0.2200,0.2190,0.2200,324800
2003-01-08 11:15:00,0.2200,0.2200,0.2190,0.2200,162904
2003-01-08 11:14:00,0.2200,0.2200,0.2190,0.2200,72800
2003-01-08 11:13:00,0.2200,0.2200,0.2190,0.2200,504000
2003-01-08 11:12:00,0.2200,0.2210,0.2190,0.2200,366128
2003-01-08 11:11:00,0.2200,0.2210,0.2200,0.2200,576800
2003-01-08 11:10:00,0.2200,0.2210,0.2200,0.2200,1041600
2003-01-08 11:09:00,0.2200,0.2200,0.2200,0.2200,515200
2003-01-08 11:08:00,0.2200,0.2200,0.2200,0.2200,187320
2003-01-08 11:07:00,0.2200,0.2200,0.2200,0.2200,140000
2003-01-08 11:06:00,0.2200,0.2210,0.2200,0.2200,179200
2003-01-08 11:05:00,0.2210,0.2210,0.2200,0.2200,532000
2003-01-08 11:04:00,0.2200,0.2210,0.2200,0.2210,918400
2003-01-08 11:03:00,0.2200,0.2200,0.2190,0.2200,369600
2003-01-08 11:02:00,0.2200,0.2200,0.2190,0.2200,128800
2003-01-08 11:01:00,0.2200,0.2200,0.2190,0.2200,162400
2003-01-08 11:00:00,0.2200,0.2200,0.2190,0.2200,190400
2003-01-08 10:59:00,0.2200,0.2200,0.2190,0.2200,504000
2003-01-08 10:58:00,0.2200,0.2200,0.2190,0.2200,436800
2003-01-08 10:57:00,0.2200,0.2210,0.2200,0.2200,1299200
2003-01-08 10:56:00,0.2200,0.2210,0.2190,0.2200,168000
2003-01-08 10:55:00,0.2210,0.2210,0.2190,0.2200,1388912
2003-01-08 10:54:00,0.2210,0.2210,0.2200,0.2210,798000
2003-01-08 10:53:00,0.2210,0.2210,0.2200,0.2210,252000
2003-01-08 10:52:00,0.2210,0.2210,0.2210,0.2210,168000
2003-01-08 10:51:00,0.2210,0.2210,0.2210,0.2210,11200
2003-01-08 10:50:00,0.2210,0.2210,0.2210,0.2210,123200
2003-01-08 10:49:00,0.2210,0.2210,0.2200,0.2210,78400
2003-01-08 10:48:00,0.2210,0.2220,0.2210,0.2210,134400
2003-01-08 10:47:00,0.2210,0.2210,0.2200,0.2210,100800
2003-01-08 10:46:00,0.2210,0.2220,0.2210,0.2210,319200
2003-01-08 10:45:00,0.2210,0.2220,0.2200,0.2210,1506400
2003-01-08 10:44:00,0.2210,0.2210,0.2200,0.2210,851200
2003-01-08 10:43:00,0.2210,0.2210,0.2200,0.2210,750400
2003-01-08 10:42:00,0.2210,0.2220,0.2210,0.2210,377664
2003-01-08 10:41:00,0.2210,0.2210,0.2210,0.2210,173600
2003-01-08 10:40:00,0.2210,0.2220,0.2210,0.2210,733600
2003-01-08 10:39:00,0.2210,0.2220,0.2210,0.2210,498400
2003-01-08 10:38:00,0.2210,0.2210,0.2200,0.2210,532000
2003-01-08 10:37:00,0.2200,0.2210,0.2200,0.2210,425600
2003-01-08 10:36:00,0.2200,0.2210,0.2200,0.2200,1047816
2003-01-08 10:35:00,0.2200,0.2210,0.2200,0.2200,705600
2003-01-08 10:34:00,0.2210,0.2210,0.2200,0.2200,621600
2003-01-08 10:33:00,0.2200,0.2210,0.2200,0.2210,134400
2003-01-08 10:32:00,0.2210,0.2210,0.2200,0.2210,173600
2003-01-08 10:31:00,0.2210,0.2210,0.2200,0.2210,134400
2003-01-08 10:30:00,0.2210,0.2210,0.2200,0.2210,240800
2003-01-08 10:29:00,0.2210,0.2210,0.2200,0.2210,324464
2003-01-08 10:28:00,0.2210,0.2210,0.2200,0.2210,313600
2003-01-08 10:27:00,0.2210,0.2220,0.2200,0.2210,212800
2003-01-08 10:26:00,0.2210,0.2210,0.2200,0.2210,117600
2003-01-08 10:25:00,0.2210,0.2210,0.2200,0.2210,218400
2003-01-08 10:24:00,0.2210,0.2220,0.2210,0.2210,697536
2003-01-08 10:23:00,0.2210,0.2220,0.2210,0.2210,616000
2003-01-08 10:22:00,0.2210,0.2220,0.2200,0.2210,520800
2003-01-08 10:21:00,0.2200,0.2210,0.2200,0.2210,570416
2003-01-08 10:20:00,0.2200,0.2200,0.2200,0.2200,106400
2003-01-08 10:19:00,0.2200,0.2200,0.2200,0.2200,196000
2003-01-08 10:18:00,0.2200,0.2200,0.2200,0.2200,240800
2003-01-08 10:17:00,0.2200,0.2200,0.2200,0.2200,403200
2003-01-08 10:16:00,0.2200,0.2200,0.2190,0.2200,184800
2003-01-08 10:15:00,0.2200,0.2200,0.2190,0.2200,229600
2003-01-08 10:14:00,0.2200,0.2200,0.2190,0.2200,39200
2003-01-08 10:13:00,0.2200,0.2210,0.2200,0.2200,179200
2003-01-08 10:12:00,0.2200,0.2210,0.2200,0.2200,112000
2003-01-08 10:11:00,0.2200,0.2210,0.2200,0.2200,179200
2003-01-08 10:10:00,0.2200,0.2210,0.2200,0.2200,145600
2003-01-08 10:09:00,0.2200,0.2210,0.2200,0.2200,89600
2003-01-08 10:08:00,0.2200,0.2210,0.2200,0.2200,218400
2003-01-08 10:07:00,0.2200,0.2210,0.2200,0.2200,1008000
2003-01-08 10:06:00,0.2200,0.2210,0.2200,0.2200,408800
2003-01-08 10:05:00,0.2200,0.2210,0.2200,0.2200,123200
2003-01-08 10:04:00,0.2190,0.2210,0.2190,0.2200,1216376
2003-01-08 10:03:00,0.2200,0.2200,0.2190,0.2190,2256800
2003-01-08 10:02:00,0.2190,0.2200,0.2190,0.2200,728000
2003-01-08 10:01:00,0.2200,0.2200,0.2190,0.2200,2419200
2003-01-08 10:00:00,0.2200,0.2200,0.2200,0.2200,274400
2003-01-08 09:59:00,0.2200,0.2210,0.2200,0.2200,442400
2003-01-08 09:58:00,0.2190,0.2210,0.2190,0.2200,1652000
2003-01-08 09:57:00,0.2190,0.2190,0.2190,0.2190,627200
2003-01-08 09:56:00,0.2190,0.2200,0.2190,0.2190,1388800
2003-01-08 09:55:00,0.2200,0.2200,0.2190,0.2200,1260000
2003-01-08 09:54:00,0.2200,0.2200,0.2190,0.2200,408800
2003-01-08 09:53:00,0.2200,0.2210,0.2190,0.2190,624176
2003-01-08 09:52:00,0.2210,0.2210,0.2200,0.2200,645904
2003-01-08 09:51:00,0.2220,0.2220,0.2200,0.2210,554400
2003-01-08 09:50:00,0.2220,0.2220,0.2210,0.2220,661528
2003-01-08 09:49:00,0.2200,0.2220,0.2200,0.2220,1506400
2003-01-08 09:48:00,0.2200,0.2210,0.2190,0.2200,1764000
2003-01-08 09:47:00,0.2200,0.2210,0.2190,0.2200,473200
2003-01-08 09:46:00,0.2200,0.2210,0.2190,0.2200,2826880
2003-01-08 09:45:00,0.2200,0.2210,0.2200,0.2210,3628800
2003-01-08 09:44:00,0.2200,0.2210,0.2190,0.2200,2394168
2003-01-08 09:43:00,0.2210,0.2210,0.2200,0.2200,940800
2003-01-08 09:42:00,0.2210,0.2210,0.2200,0.2210,532000
2003-01-08 09:41:00,0.2210,0.2220,0.2200,0.2210,1187200
2003-01-08 09:40:00,0.2220,0.2220,0.2210,0.2210,1892800
2003-01-08 09:39:00,0.2220,0.2220,0.2210,0.2220,128800
2003-01-08 09:38:00,0.2220,0.2220,0.2210,0.2220,437752
2003-01-08 09:37:00,0.2220,0.2230,0.2210,0.2220,1276800
2003-01-08 09:36:00,0.2230,0.2230,0.2220,0.2220,1153600
2003-01-08 09:35:00,0.2220,0.2230,0.2210,0.2220,3524416
2003-01-08 09:34:00,0.2220,0.2220,0.2210,0.2220,864416
2003-01-08 09:33:00,0.2220,0.2230,0.2210,0.2220,1302000
2003-01-08 09:32:00,0.2220,0.2230,0.2210,0.2220,392000
2003-01-08 09:31:00,0.2220,0.2220,0.2210,0.2220,730800
2003-01-08 09:30:00,0.2210,0.2230,0.2210,0.2220,2623600
2003-01-08 09:29:00,0.2210,0.2220,0.2210,0.2210,291200
2003-01-08 09:26:00,0.2210,0.2220,0.2210,0.2210,5600
2003-01-08 09:23:00,0.2220,0.2230,0.2220,0.2220,128800
2003-01-08 09:16:00,0.2230,0.2230,0.2220,0.2230,28000
2003-01-08 09:14:00,0.2230,0.2230,0.2220,0.2230,5600
2003-01-08 09:06:00,0.2230,0.2230,0.2220,0.2230,5600
2003-01-08 08:52:00,0.2230,0.2230,0.2220,0.2230,5600
2003-01-08 08:05:00,0.2240,0.2240,0.2230,0.2240,5600
2003-01-08 08:00:00,0.2260,0.2260,0.2250,0.2260,11200
2003-01-07 18:23:00,0.2210,0.2220,0.2210,0.2210,16800
2003-01-07 18:08:00,0.2210,0.2220,0.2210,0.2210,11200
2003-01-07 18:02:00,0.2250,0.2250,0.2250,0.2250,212800
2003-01-07 18:00:00,0.2250,0.2250,0.2250,0.2250,1696800
2003-01-07 17:57:00,0.2250,0.2250,0.2250,0.2250,845600
2003-01-07 17:31:00,0.2220,0.2220,0.2190,0.2200,95592
2003-01-07 17:17:00,0.2230,0.2230,0.2220,0.2230,11200
2003-01-07 17:16:00,0.2230,0.2230,0.2220,0.2220,22400
2003-01-07 17:11:00,0.2230,0.2230,0.2220,0.2220,33600
2003-01-07 16:59:00,0.2220,0.2220,0.2220,0.2220,16800
2003-01-07 16:54:00,0.2220,0.2220,0.2220,0.2220,11200
2003-01-07 16:52:00,0.2230,0.2230,0.2220,0.2230,56000
2003-01-07 16:51:00,0.2230,0.2230,0.2220,0.2230,5600
2003-01-07 16:46:00,0.2200,0.2200,0.2190,0.2200,33600
2003-01-07 16:44:00,0.2210,0.2220,0.2200,0.2220,35112
2003-01-07 16:43:00,0.2230,0.2230,0.2190,0.2200,903000
2003-01-07 16:42:00,0.2250,0.2250,0.2250,0.2250,184800
2003-01-07 16:39:00,0.2230,0.2230,0.2220,0.2230,11200
2003-01-07 16:35:00,0.2230,0.2230,0.2220,0.2230,5600
2003-01-07 16:34:00,0.2230,0.2260,0.2220,0.2250,201600
2003-01-07 16:22:00,0.2250,0.2250,0.2250,0.2250,16800
2003-01-07 16:20:00,0.2250,0.2250,0.2250,0.2250,5600
2003-01-07 16:14:00,0.2270,0.2270,0.2270,0.2270,22400
2003-01-07 16:12:00,0.2260,0.2260,0.2250,0.2260,22400
2003-01-07 16:11:00,0.2260,0.2260,0.2250,0.2260,44576
2003-01-07 16:09:00,0.2250,0.2250,0.2250,0.2250,3040800
2003-01-07 16:07:00,0.2250,0.2250,0.2250,0.2250,2335200
2003-01-07 16:05:00,0.2250,0.2280,0.2250,0.2260,424368
2003-01-07 16:04:00,0.2260,0.2260,0.2250,0.2260,112000
2003-01-07 16:03:00,0.2250,0.2250,0.2250,0.2250,22400
2003-01-07 16:02:00,0.2270,0.2270,0.2250,0.2250,162400
2003-01-07 16:01:00,0.2250,0.2250,0.2250,0.2250,28000
2003-01-07 16:00:00,0.2260,0.2270,0.2240,0.2250,1310400
2003-01-07 15:59:00,0.2240,0.2260,0.2230,0.2260,5582528
2003-01-07 15:58:00,0.2240,0.2240,0.2230,0.2240,2684864
2003-01-07 15:57:00,0.2240,0.2240,0.2230,0.2240,2343936
2003-01-07 15:56:00,0.2230,0.2240,0.2220,0.2240,961128
2003-01-07 15:55:00,0.2230,0.2230,0.2220,0.2230,537432
2003-01-07 15:54:00,0.2230,0.2240,0.2220,0.2230,291200
2003-01-07 15:53:00,0.2220,0.2240,0.2220,0.2230,879200
2003-01-07 15:52:00,0.2220,0.2220,0.2210,0.2220,918400
2003-01-07 15:51:00,0.2220,0.2220,0.2210,0.2220,1040200
2003-01-07 15:50:00,0.2220,0.2220,0.2220,0.2220,839552
2003-01-07 15:49:00,0.2220,0.2220,0.2210,0.2220,727440
2003-01-07 15:48:00,0.2220,0.2230,0.2220,0.2220,1159200
2003-01-07 15:47:00,0.2220,0.2230,0.2220,0.2220,491624
2003-01-07 15:46:00,0.2220,0.2230,0.2220,0.2220,1153040
2003-01-07 15:45:00,0.2230,0.2230,0.2220,0.2220,1064000
2003-01-07 15:44:00,0.2230,0.2230,0.2220,0.2230,308000
2003-01-07 15:43:00,0.2230,0.2230,0.2220,0.2230,582400
2003-01-07 15:42:00,0.2220,0.2230,0.2220,0.2230,212800
2003-01-07 15:41:00,0.2230,0.2230,0.2220,0.2220,1191624
2003-01-07 15:40:00,0.2230,0.2230,0.2220,0.2230,677600
2003-01-07 15:39:00,0.2230,0.2230,0.2220,0.2230,465136
2003-01-07 15:38:00,0.2230,0.2230,0.2220,0.2230,240800
2003-01-07 15:37:00,0.2230,0.2230,0.2220,0.2220,268800
2003-01-07 15:36:00,0.2230,0.2230,0.2220,0.2230,400232
2003-01-07 15:35:00,0.2230,0.2240,0.2230,0.2230,608216
2003-01-07 15:34:00,0.2240,0.2240,0.2230,0.2230,246400
2003-01-07 15:33:00,0.2230,0.2240,0.2230,0.2230,162400
2003-01-07 15:32:00,0.2230,0.2230,0.2220,0.2230,512064
2003-01-07 15:31:00,0.2230,0.2230,0.2220,0.2230,507584
2003-01-07 15:30:00,0.2230,0.2230,0.2230,0.2230,67200
2003-01-07 15:29:00,0.2230,0.2240,0.2230,0.2230,1265600
2003-01-07 15:28:00,0.2230,0.2240,0.2230,0.2230,190400
2003-01-07 15:27:00,0.2230,0.2240,0.2230,0.2230,162400
2003-01-07 15:26:00,0.2240,0.2240,0.2230,0.2230,543200
2003-01-07 15:25:00,0.2240,0.2240,0.2230,0.2240,61600
2003-01-07 15:24:00,0.2230,0.2240,0.2230,0.2240,317240
2003-01-07 15:23:00,0.2230,0.2240,0.2220,0.2230,358400
2003-01-07 15:22:00,0.2240,0.2240,0.2230,0.2240,403200
2003-01-07 15:21:00,0.2240,0.2240,0.2240,0.2240,61600
2003-01-07 15:20:00,0.2240,0.2240,0.2240,0.2240,72800
2003-01-07 15:19:00,0.2240,0.2240,0.2240,0.2240,156800
2003-01-07 15:18:00,0.2240,0.2240,0.2240,0.2240,756000
2003-01-07 15:17:00,0.2240,0.2250,0.2240,0.2240,286888
2003-01-07 15:16:00,0.2240,0.2240,0.2230,0.2240,310464
2003-01-07 15:15:00,0.2240,0.2240,0.2230,0.2240,352800
2003-01-07 15:14:00,0.2240,0.2240,0.2230,0.2240,879200
2003-01-07 15:13:00,0.2240,0.2240,0.2230,0.2240,376824
2003-01-07 15:12:00,0.2230,0.2240,0.2230,0.2240,380800
2003-01-07 15:11:00,0.2230,0.2230,0.2220,0.2230,420000
2003-01-07 15:10:00,0.2230,0.2230,0.2220,0.2230,459200
2003-01-07 15:09:00,0.2230,0.2230,0.2220,0.2230,100800
2003-01-07 15:08:00,0.2230,0.2230,0.2220,0.2230,956928
2003-01-07 15:07:00,0.2230,0.2230,0.2220,0.2230,312760
2003-01-07 15:06:00,0.2230,0.2230,0.2220,0.2230,240800
2003-01-07 15:05:00,0.2230,0.2230,0.2220,0.2230,421792
2003-01-07 15:04:00,0.2230,0.2230,0.2220,0.2230,409136
2003-01-07 15:03:00,0.2230,0.2230,0.2220,0.2230,128800
2003-01-07 15:02:00,0.2230,0.2230,0.2220,0.2230,50400
2003-01-07 15:01:00,0.2230,0.2230,0.2220,0.2230,66360
2003-01-07 15:00:00,0.2230,0.2230,0.2220,0.2230,229600
2003-01-07 14:59:00,0.2230,0.2230,0.2220,0.2220,355264
2003-01-07 14:58:00,0.2230,0.2230,0.2220,0.2230,677600
2003-01-07 14:57:00,0.2230,0.2230,0.2220,0.2220,106400
2003-01-07 14:56:00,0.2230,0.2230,0.2220,0.2220,470400
2003-01-07 14:55:00,0.2230,0.2240,0.2220,0.2230,470008
2003-01-07 14:54:00,0.2230,0.2230,0.2220,0.2220,346192
2003-01-07 14:53:00,0.2220,0.2230,0.2220,0.2220,720272
2003-01-07 14:52:00,0.2220,0.2230,0.2220,0.2220,798224
2003-01-07 14:51:00,0.2220,0.2220,0.2220,0.2220,925176
2003-01-07 14:50:00,0.2230,0.2230,0.2220,0.2220,604800
2003-01-07 14:49:00,0.2230,0.2230,0.2220,0.2230,394800
2003-01-07 14:48:00,0.2240,0.2240,0.2230,0.2230,644000
2003-01-07 14:47:00,0.2230,0.2240,0.2230,0.2240,257600
2003-01-07 14:46:00,0.2230,0.2240,0.2230,0.2230,330400
2003-01-07 14:45:00,0.2230,0.2240,0.2230,0.2230,212800
2003-01-07 14:44:00,0.2230,0.2230,0.2220,0.2230,884800
2003-01-07 14:43:00,0.2230,0.2240,0.2220,0.2230,1848000
2003-01-07 14:42:00,0.2230,0.2240,0.2220,0.2230,220976
2003-01-07 14:41:00,0.2240,0.2240,0.2230,0.2230,134400
2003-01-07 14:40:00,0.2230,0.2240,0.2230,0.2240,545832
2003-01-07 14:39:00,0.2240,0.2240,0.2230,0.2230,841232
2003-01-07 14:38:00,0.2240,0.2240,0.2230,0.2240,1859200
2003-01-07 14:37:00,0.2240,0.2240,0.2230,0.2240,224000
2003-01-07 14:36:00,0.2240,0.2240,0.2230,0.2240,714000
2003-01-07 14:35:00,0.2240,0.2240,0.2230,0.2240,492800
2003-01-07 14:34:00,0.2240,0.2250,0.2230,0.2240,509600
2003-01-07 14:33:00,0.2250,0.2250,0.2240,0.2240,935200
2003-01-07 14:32:00,0.2250,0.2250,0.2240,0.2240,291200
2003-01-07 14:31:00,0.2240,0.2250,0.2240,0.2240,928816
2003-01-07 14:30:00,0.2240,0.2250,0.2240,0.2240,268800
2003-01-07 14:29:00,0.2240,0.2250,0.2240,0.2240,576800
2003-01-07 14:28:00,0.2240,0.2250,0.2240,0.2240,627200
2003-01-07 14:27:00,0.2240,0.2250,0.2240,0.2240,1468488
2003-01-07 14:26:00,0.2240,0.2250,0.2240,0.2240,313992
2003-01-07 14:25:00,0.2240,0.2250,0.2240,0.2240,517272
2003-01-07 14:24:00,0.2250,0.2250,0.2240,0.2240,789600
2003-01-07 14:23:00,0.2250,0.2250,0.2240,0.2240,372624
2003-01-07 14:22:00,0.2250,0.2250,0.2240,0.2250,380072
2003-01-07 14:21:00,0.2250,0.2260,0.2250,0.2250,498400
2003-01-07 14:20:00,0.2260,0.2260,0.2250,0.2250,117600
2003-01-07 14:19:00,0.2250,0.2260,0.2250,0.2250,1282400
2003-01-07 14:18:00,0.2250,0.2260,0.2250,0.2250,766976
2003-01-07 14:17:00,0.2250,0.2260,0.2250,0.2250,302400
2003-01-07 14:16:00,0.2260,0.2260,0.2250,0.2250,298424
2003-01-07 14:15:00,0.2260,0.2260,0.2250,0.2260,384720
2003-01-07 14:14:00,0.2260,0.2260,0.2250,0.2260,464800
2003-01-07 14:13:00,0.2270,0.2270,0.2260,0.2260,907760
2003-01-07 14:12:00,0.2260,0.2270,0.2260,0.2260,554400
2003-01-07 14:11:00,0.2270,0.2270,0.2260,0.2260,280000
2003-01-07 14:10:00,0.2270,0.2270,0.2260,0.2260,694400
2003-01-07 14:09:00,0.2260,0.2270,0.2260,0.2260,1836184
2003-01-07 14:08:00,0.2270,0.2270,0.2260,0.2260,582400
2003-01-07 14:07:00,0.2260,0.2270,0.2250,0.2260,1812384
2003-01-07 14:06:00,0.2270,0.2270,0.2250,0.2260,1019200
2003-01-07 14:05:00,0.2270,0.2280,0.2260,0.2270,3932768
2003-01-07 14:04:00,0.2270,0.2270,0.2260,0.2270,2132816
2003-01-07 14:03:00,0.2270,0.2270,0.2260,0.2270,1246336
2003-01-07 14:02:00,0.2260,0.2270,0.2250,0.2270,1772400
2003-01-07 14:01:00,0.2260,0.2260,0.2250,0.2260,1657600
2003-01-07 14:00:00,0.2250,0.2260,0.2250,0.2260,944216
2003-01-07 13:59:00,0.2250,0.2260,0.2250,0.2250,639520
2003-01-07 13:58:00,0.2250,0.2260,0.2240,0.2250,756000
2003-01-07 13:57:00,0.2250,0.2260,0.2250,0.2250,576800
2003-01-07 13:56:00,0.2260,0.2260,0.2250,0.2250,1007888
2003-01-07 13:55:00,0.2250,0.2260,0.2240,0.2260,1470336
2003-01-07 13:54:00,0.2250,0.2250,0.2240,0.2240,369600
2003-01-07 13:53:00,0.2250,0.2260,0.2240,0.2250,453600
2003-01-07 13:52:00,0.2250,0.2260,0.2250,0.2250,644000
2003-01-07 13:51:00,0.2250,0.2250,0.2240,0.2240,436800
2003-01-07 13:50:00,0.2240,0.2250,0.2240,0.2250,565600
2003-01-07 13:49:00,0.2250,0.2250,0.2240,0.2240,560000
2003-01-07 13:48:00,0.2250,0.2250,0.2240,0.2250,709688
2003-01-07 13:47:00,0.2250,0.2250,0.2240,0.2250,117600
2003-01-07 13:46:00,0.2250,0.2250,0.2240,0.2250,448000
2003-01-07 13:45:00,0.2250,0.2250,0.2240,0.2250,989632
2003-01-07 13:44:00,0.2250,0.2250,0.2240,0.2250,173600
2003-01-07 13:43:00,0.2240,0.2250,0.2230,0.2250,884800
2003-01-07 13:42:00,0.2240,0.2250,0.2240,0.2240,552776
2003-01-07 13:41:00,0.2240,0.2250,0.2240,0.2250,448840
2003-01-07 13:40:00,0.2240,0.2250,0.2230,0.2240,731136
2003-01-07 13:39:00,0.2240,0.2250,0.2240,0.2240,1395016
2003-01-07 13:38:00,0.2250,0.2250,0.2240,0.2240,520800
2003-01-07 13:37:00,0.2250,0.2250,0.2240,0.2240,380800
2003-01-07 13:36:00,0.2250,0.2250,0.2240,0.2240,381024
2003-01-07 13:35:00,0.2250,0.2250,0.2240,0.2250,1056328
2003-01-07 13:34:00,0.2250,0.2250,0.2240,0.2250,515984
2003-01-07 13:33:00,0.2250,0.2250,0.2240,0.2240,367640
2003-01-07 13:32:00,0.2240,0.2250,0.2240,0.2240,1394400
2003-01-07 13:31:00,0.2240,0.2250,0.2240,0.2240,173600
2003-01-07 13:30:00,0.2240,0.2240,0.2240,0.2240,72800
2003-01-07 13:29:00,0.2240,0.2240,0.2230,0.2240,599200
2003-01-07 13:28:00,0.2230,0.2240,0.2230,0.2240,655200
2003-01-07 13:27:00,0.2230,0.2240,0.2230,0.2230,11200
2003-01-07 13:26:00,0.2230,0.2240,0.2230,0.2230,222040
2003-01-07 13:25:00,0.2230,0.2230,0.2220,0.2230,141960
2003-01-07 13:24:00,0.2230,0.2230,0.2220,0.2220,436800
2003-01-07 13:23:00,0.2230,0.2230,0.2230,0.2230,89600
2003-01-07 13:22:00,0.2230,0.2230,0.2230,0.2230,67200
2003-01-07 13:21:00,0.2230,0.2230,0.2230,0.2230,1069600
2003-01-07 13:20:00,0.2240,0.2240,0.2230,0.2230,128800
2003-01-07 13:19:00,0.2230,0.2240,0.2230,0.2230,464576
2003-01-07 13:18:00,0.2230,0.2240,0.2220,0.2230,296800
2003-01-07 13:17:00,0.2230,0.2240,0.2230,0.2230,39200
2003-01-07 13:16:00,0.2230,0.2240,0.2230,0.2230,224000
2003-01-07 13:15:00,0.2230,0.2230,0.2230,0.2230,72800
2003-01-07 13:14:00,0.2230,0.2240,0.2230,0.2230,416416
2003-01-07 13:12:00,0.2230,0.2240,0.2230,0.2230,61600
2003-01-07 13:11:00,0.2230,0.2240,0.2230,0.2240,128800
2003-01-07 13:10:00,0.2230,0.2230,0.2220,0.2230,61600
2003-01-07 13:09:00,0.2230,0.2230,0.2220,0.2230,44800
2003-01-07 13:08:00,0.2230,0.2230,0.2220,0.2230,50400
2003-01-07 13:07:00,0.2230,0.2230,0.2220,0.2230,72800
2003-01-07 13:06:00,0.2230,0.2230,0.2220,0.2220,342944
2003-01-07 13:05:00,0.2230,0.2230,0.2220,0.2230,112000
2003-01-07 13:04:00,0.2230,0.2240,0.2220,0.2230,201600
2003-01-07 13:03:00,0.2230,0.2240,0.2220,0.2230,784000
2003-01-07 13:02:00,0.2230,0.2230,0.2220,0.2220,369600
2003-01-07 13:01:00,0.2230,0.2230,0.2220,0.2230,246400
2003-01-07 13:00:00,0.2230,0.2230,0.2220,0.2230,224000
2003-01-07 12:59:00,0.2230,0.2230,0.2220,0.2230,313600
2003-01-07 12:58:00,0.2230,0.2230,0.2220,0.2230,11200
2003-01-07 12:57:00,0.2220,0.2230,0.2220,0.2220,84000
2003-01-07 12:56:00,0.2220,0.2230,0.2220,0.2220,451416
2003-01-07 12:55:00,0.2230,0.2230,0.2220,0.2220,156800
2003-01-07 12:54:00,0.2230,0.2230,0.2220,0.2220,67200
2003-01-07 12:53:00,0.2220,0.2230,0.2220,0.2220,254296
2003-01-07 12:52:00,0.2220,0.2230,0.2220,0.2220,358400
2003-01-07 12:51:00,0.2230,0.2230,0.2220,0.2220,123200
2003-01-07 12:50:00,0.2230,0.2230,0.2220,0.2230,313600
2003-01-07 12:49:00,0.2230,0.2230,0.2220,0.2230,145600
2003-01-07 12:48:00,0.2230,0.2230,0.2220,0.2230,201600
2003-01-07 12:47:00,0.2230,0.2230,0.2220,0.2230,134400
2003-01-07 12:46:00,0.2230,0.2230,0.2220,0.2230,436800
2003-01-07 12:45:00,0.2230,0.2230,0.2220,0.2230,538496
2003-01-07 12:44:00,0.2230,0.2240,0.2230,0.2230,276584
2003-01-07 12:43:00,0.2230,0.2240,0.2230,0.2230,86016
2003-01-07 12:42:00,0.2230,0.2240,0.2230,0.2230,106400
2003-01-07 12:41:00,0.2230,0.2240,0.2230,0.2230,117600
2003-01-07 12:40:00,0.2230,0.2240,0.2230,0.2230,128800
2003-01-07 12:39:00,0.2230,0.2230,0.2230,0.2230,117600
2003-01-07 12:38:00,0.2230,0.2240,0.2230,0.2230,207200
2003-01-07 12:37:00,0.2230,0.2240,0.2230,0.2230,1052800
2003-01-07 12:36:00,0.2230,0.2240,0.2230,0.2230,358400
2003-01-07 12:35:00,0.2230,0.2240,0.2230,0.2230,44800
2003-01-07 12:34:00,0.2230,0.2240,0.2230,0.2230,224840
2003-01-07 12:33:00,0.2240,0.2240,0.2230,0.2230,395976
2003-01-07 12:32:00,0.2230,0.2240,0.2230,0.2230,28000
2003-01-07 12:31:00,0.2230,0.2240,0.2230,0.2240,382368
2003-01-07 12:30:00,0.2230,0.2240,0.2230,0.2230,179200
2003-01-07 12:29:00,0.2230,0.2240,0.2230,0.2230,67200
2003-01-07 12:28:00,0.2240,0.2240,0.2230,0.2230,123200
2003-01-07 12:27:00,0.2230,0.2240,0.2230,0.2230,481600
2003-01-07 12:26:00,0.2230,0.2240,0.2230,0.2240,352800
2003-01-07 12:25:00,0.2240,0.2240,0.2230,0.2230,621600
2003-01-07 12:24:00,0.2240,0.2240,0.2230,0.2240,387800
2003-01-07 12:23:00,0.2240,0.2240,0.2230,0.2240,156800
2003-01-07 12:22:00,0.2240,0.2240,0.2230,0.2240,833280
2003-01-07 12:21:00,0.2240,0.2240,0.2230,0.2240,373184
2003-01-07 12:20:00,0.2240,0.2250,0.2240,0.2240,1057952
2003-01-07 12:19:00,0.2240,0.2250,0.2240,0.2240,476000
2003-01-07 12:18:00,0.2240,0.2250,0.2230,0.2240,2488864
2003-01-07 12:17:00,0.2240,0.2240,0.2230,0.2240,448000
2003-01-07 12:16:00,0.2240,0.2250,0.2230,0.2240,2906400
2003-01-07 12:15:00,0.2230,0.2240,0.2230,0.2240,1142400
2003-01-07 12:14:00,0.2230,0.2240,0.2230,0.2230,212016
2003-01-07 12:13:00,0.2230,0.2240,0.2220,0.2230,190400
2003-01-07 12:12:00,0.2230,0.2230,0.2220,0.2230,184800
2003-01-07 12:11:00,0.2230,0.2230,0.2220,0.2230,401688
2003-01-07 12:10:00,0.2230,0.2230,0.2220,0.2230,5600
2003-01-07 12:09:00,0.2230,0.2240,0.2220,0.2230,750400
2003-01-07 12:08:00,0.2230,0.2230,0.2220,0.2230,285600
2003-01-07 12:07:00,0.2230,0.2230,0.2220,0.2220,240800
2003-01-07 12:06:00,0.2230,0.2230,0.2220,0.2220,425600
2003-01-07 12:05:00,0.2230,0.2230,0.2220,0.2230,520800
2003-01-07 12:04:00,0.2230,0.2240,0.2220,0.2230,817600
2003-01-07 12:03:00,0.2230,0.2240,0.2230,0.2230,336840
2003-01-07 12:02:00,0.2230,0.2240,0.2230,0.2230,351960
2003-01-07 12:01:00,0.2230,0.2240,0.2230,0.2230,347200
2003-01-07 12:00:00,0.2230,0.2230,0.2220,0.2230,397600
2003-01-07 11:59:00,0.2230,0.2230,0.2220,0.2230,84000
2003-01-07 11:58:00,0.2230,0.2230,0.2220,0.2230,117600
2003-01-07 11:57:00,0.2230,0.2230,0.2220,0.2230,431200
2003-01-07 11:56:00,0.2230,0.2230,0.2220,0.2230,487200
2003-01-07 11:55:00,0.2230,0.2230,0.2220,0.2220,498400
2003-01-07 11:54:00,0.2230,0.2230,0.2220,0.2230,1170400
2003-01-07 11:53:00,0.2230,0.2230,0.2220,0.2230,179200
2003-01-07 11:52:00,0.2230,0.2240,0.2220,0.2230,683200
2003-01-07 11:51:00,0.2230,0.2240,0.2230,0.2230,106400
2003-01-07 11:50:00,0.2240,0.2240,0.2230,0.2240,907200
2003-01-07 11:49:00,0.2230,0.2240,0.2230,0.2230,571144
2003-01-07 11:48:00,0.2230,0.2230,0.2230,0.2230,224000
2003-01-07 11:47:00,0.2230,0.2230,0.2220,0.2230,224672
2003-01-07 11:46:00,0.2230,0.2230,0.2220,0.2230,159600
2003-01-07 11:45:00,0.2230,0.2230,0.2220,0.2230,284984
2003-01-07 11:44:00,0.2230,0.2230,0.2230,0.2230,187600
2003-01-07 11:43:00,0.2230,0.2230,0.2230,0.2230,151200
2003-01-07 11:42:00,0.2230,0.2230,0.2230,0.2230,207200
2003-01-07 11:41:00,0.2230,0.2230,0.2230,0.2230,453600
2003-01-07 11:40:00,0.2230,0.2230,0.2220,0.2230,1042160
2003-01-07 11:39:00,0.2230,0.2230,0.2220,0.2230,310464
2003-01-07 11:38:00,0.2230,0.2230,0.2220,0.2230,134400
2003-01-07 11:37:00,0.2230,0.2230,0.2220,0.2230,274400
2003-01-07 11:36:00,0.2230,0.2230,0.2220,0.2230,341600
2003-01-07 11:35:00,0.2230,0.2230,0.2220,0.2220,145600
2003-01-07 11:34:00,0.2230,0.2230,0.2220,0.2230,296800
2003-01-07 11:33:00,0.2230,0.2230,0.2220,0.2230,442568
2003-01-07 11:32:00,0.2230,0.2230,0.2220,0.2230,582400
2003-01-07 11:31:00,0.2230,0.2230,0.2220,0.2220,263592
2003-01-07 11:30:00,0.2230,0.2230,0.2220,0.2220,184800
2003-01-07 11:29:00,0.2220,0.2230,0.2220,0.2220,468328
2003-01-07 11:28:00,0.2220,0.2230,0.2220,0.2220,124208
2003-01-07 11:27:00,0.2220,0.2230,0.2220,0.2220,448000
2003-01-07 11:26:00,0.2230,0.2230,0.2220,0.2220,464800
2003-01-07 11:25:00,0.2230,0.2230,0.2220,0.2220,397600
2003-01-07 11:24:00,0.2220,0.2230,0.2210,0.2220,700000
2003-01-07 11:23:00,0.2220,0.2220,0.2210,0.2220,123200
2003-01-07 11:22:00,0.2220,0.2220,0.2210,0.2220,1388800
2003-01-07 11:21:00,0.2220,0.2220,0.2210,0.2220,268800
2003-01-07 11:20:00,0.2220,0.2220,0.2210,0.2220,1332800
2003-01-07 11:19:00,0.2220,0.2220,0.2220,0.2220,145600
2003-01-07 11:18:00,0.2220,0.2220,0.2210,0.2220,1314880
2003-01-07 11:17:00,0.2210,0.2220,0.2210,0.2220,1332800
2003-01-07 11:16:00,0.2210,0.2220,0.2210,0.2210,229600
2003-01-07 11:15:00,0.2210,0.2220,0.2210,0.2210,1461040
2003-01-07 11:14:00,0.2210,0.2220,0.2210,0.2210,347200
2003-01-07 11:13:00,0.2210,0.2220,0.2210,0.2210,1097600
2003-01-07 11:12:00,0.2210,0.2210,0.2210,0.2210,672000
2003-01-07 11:11:00,0.2210,0.2220,0.2210,0.2210,268800
2003-01-07 11:10:00,0.2210,0.2220,0.2210,0.2210,1596672
2003-01-07 11:09:00,0.2210,0.2220,0.2200,0.2210,324800
2003-01-07 11:08:00,0.2210,0.2220,0.2210,0.2210,221984
2003-01-07 11:07:00,0.2210,0.2220,0.2200,0.2210,491120
2003-01-07 11:06:00,0.2210,0.2210,0.2200,0.2210,1125600
2003-01-07 11:05:00,0.2210,0.2210,0.2200,0.2210,352912
2003-01-07 11:04:00,0.2220,0.2220,0.2210,0.2210,638400
2003-01-07 11:03:00,0.2210,0.2220,0.2210,0.2210,576800
2003-01-07 11:02:00,0.2210,0.2220,0.2210,0.2210,285600
2003-01-07 11:01:00,0.2210,0.2220,0.2200,0.2210,784000
2003-01-07 11:00:00,0.2210,0.2210,0.2200,0.2210,190400
2003-01-07 10:59:00,0.2210,0.2210,0.2200,0.2210,201600
2003-01-07 10:58:00,0.2210,0.2210,0.2200,0.2210,920920
2003-01-07 10:57:00,0.2210,0.2210,0.2200,0.2210,2433536
2003-01-07 10:56:00,0.2210,0.2220,0.2210,0.2210,509600
2003-01-07 10:55:00,0.2210,0.2210,0.2210,0.2210,1545600
2003-01-07 10:54:00,0.2210,0.2220,0.2210,0.2210,1080800
2003-01-07 10:53:00,0.2210,0.2210,0.2210,0.2210,1545600
2003-01-07 10:52:00,0.2210,0.2210,0.2210,0.2210,1044400
2003-01-07 10:51:00,0.2210,0.2220,0.2210,0.2210,806400
2003-01-07 10:50:00,0.2210,0.2220,0.2210,0.2210,1898400
2003-01-07 10:49:00,0.2210,0.2220,0.2210,0.2210,207200
2003-01-07 10:48:00,0.2210,0.2220,0.2210,0.2210,224000
2003-01-07 10:47:00,0.2210,0.2220,0.2210,0.2210,694400
2003-01-07 10:46:00,0.2210,0.2220,0.2210,0.2210,1814008
2003-01-07 10:45:00,0.2210,0.2220,0.2210,0.2210,924000
2003-01-07 10:44:00,0.2210,0.2220,0.2210,0.2210,925848
2003-01-07 10:43:00,0.2220,0.2220,0.2210,0.2210,688464
2003-01-07 10:42:00,0.2210,0.2220,0.2210,0.2220,554344
2003-01-07 10:41:00,0.2210,0.2220,0.2200,0.2210,2614360
2003-01-07 10:40:00,0.2220,0.2220,0.2210,0.2210,527800
2003-01-07 10:39:00,0.2220,0.2220,0.2210,0.2220,229600
2003-01-07 10:38:00,0.2210,0.2220,0.2210,0.2220,649600
2003-01-07 10:37:00,0.2210,0.2220,0.2210,0.2210,652400
2003-01-07 10:36:00,0.2210,0.2220,0.2210,0.2220,1513400
2003-01-07 10:35:00,0.2210,0.2220,0.2210,0.2210,473200
2003-01-07 10:34:00,0.2210,0.2210,0.2210,0.2210,476000
2003-01-07 10:33:00,0.2210,0.2220,0.2210,0.2210,600488
2003-01-07 10:32:00,0.2210,0.2220,0.2210,0.2210,117600
2003-01-07 10:31:00,0.2210,0.2220,0.2210,0.2210,184800
2003-01-07 10:30:00,0.2210,0.2220,0.2210,0.2210,552384
2003-01-07 10:29:00,0.2220,0.2220,0.2210,0.2210,414400
2003-01-07 10:28:00,0.2220,0.2220,0.2210,0.2220,705600
2003-01-07 10:27:00,0.2210,0.2220,0.2210,0.2220,1084328
2003-01-07 10:26:00,0.2210,0.2220,0.2210,0.2210,1418704
2003-01-07 10:25:00,0.2210,0.2220,0.2210,0.2210,823760
2003-01-07 10:24:00,0.2210,0.2220,0.2210,0.2210,434896
2003-01-07 10:23:00,0.2220,0.2220,0.2210,0.2210,726040
2003-01-07 10:22:00,0.2230,0.2230,0.2220,0.2220,1597120
2003-01-07 10:21:00,0.2230,0.2230,0.2220,0.2220,1335936
2003-01-07 10:20:00,0.2230,0.2240,0.2220,0.2230,990864
2003-01-07 10:19:00,0.2230,0.2240,0.2220,0.2230,980000
2003-01-07 10:18:00,0.2230,0.2240,0.2230,0.2230,1215200
2003-01-07 10:17:00,0.2240,0.2240,0.2230,0.2230,2850400
2003-01-07 10:16:00,0.2240,0.2250,0.2230,0.2240,972216
2003-01-07 10:15:00,0.2240,0.2250,0.2240,0.2240,1286880
2003-01-07 10:14:00,0.2240,0.2250,0.2240,0.2240,896000
2003-01-07 10:13:00,0.2240,0.2250,0.2240,0.2240,1447936
2003-01-07 10:12:00,0.2240,0.2250,0.2230,0.2240,798112
2003-01-07 10:11:00,0.2240,0.2250,0.2230,0.2240,2038400
2003-01-07 10:10:00,0.2240,0.2240,0.2230,0.2240,940800
2003-01-07 10:09:00,0.2250,0.2250,0.2240,0.2240,1915200
2003-01-07 10:08:00,0.2250,0.2250,0.2240,0.2250,1809360
2003-01-07 10:07:00,0.2240,0.2250,0.2240,0.2250,2858520
2003-01-07 10:06:00,0.2240,0.2250,0.2230,0.2240,2008944
2003-01-07 10:05:00,0.2240,0.2240,0.2230,0.2240,1740256
2003-01-07 10:04:00,0.2240,0.2240,0.2230,0.2240,1657264
2003-01-07 10:03:00,0.2240,0.2240,0.2230,0.2240,1954904
2003-01-07 10:02:00,0.2250,0.2250,0.2230,0.2240,881776
2003-01-07 10:01:00,0.2240,0.2250,0.2240,0.2250,2512776
2003-01-07 10:00:00,0.2250,0.2250,0.2240,0.2240,1605184
2003-01-07 09:59:00,0.2250,0.2250,0.2240,0.2250,2187416
2003-01-07 09:58:00,0.2250,0.2260,0.2240,0.2250,2895480
2003-01-07 09:57:00,0.2240,0.2250,0.2240,0.2250,2049600
2003-01-07 09:56:00,0.2250,0.2250,0.2240,0.2240,2973600
2003-01-07 09:55:00,0.2240,0.2250,0.2230,0.2250,5364800
2003-01-07 09:54:00,0.2240,0.2240,0.2230,0.2240,6426392
2003-01-07 09:53:00,0.2240,0.2240,0.2230,0.2230,2099328
2003-01-07 09:52:00,0.2230,0.2240,0.2230,0.2240,1433600
2003-01-07 09:51:00,0.2230,0.2240,0.2220,0.2230,1488816
2003-01-07 09:50:00,0.2230,0.2240,0.2230,0.2230,1068256
2003-01-07 09:49:00,0.2230,0.2240,0.2220,0.2230,1086400
2003-01-07 09:48:00,0.2230,0.2240,0.2220,0.2230,1584800
2003-01-07 09:47:00,0.2230,0.2240,0.2220,0.2240,1425200
2003-01-07 09:46:00,0.2220,0.2230,0.2210,0.2220,1321600
2003-01-07 09:45:00,0.2210,0.2220,0.2210,0.2220,1052800
2003-01-07 09:44:00,0.2210,0.2210,0.2200,0.2210,1338400
2003-01-07 09:43:00,0.2200,0.2210,0.2200,0.2210,1987272
2003-01-07 09:42:00,0.2210,0.2220,0.2200,0.2200,1142400
2003-01-07 09:41:00,0.2210,0.2220,0.2210,0.2210,1109248
2003-01-07 09:40:00,0.2210,0.2220,0.2210,0.2210,1784216
2003-01-07 09:39:00,0.2210,0.2220,0.2200,0.2210,2396800
2003-01-07 09:38:00,0.2220,0.2220,0.2190,0.2210,2645888
2003-01-07 09:37:00,0.2230,0.2230,0.2210,0.2220,2167088
2003-01-07 09:36:00,0.2240,0.2240,0.2220,0.2230,2559144
2003-01-07 09:35:00,0.2240,0.2240,0.2230,0.2240,1148000
2003-01-07 09:34:00,0.2230,0.2240,0.2220,0.2240,3387048
2003-01-07 09:33:00,0.2230,0.2230,0.2220,0.2230,1713600
2003-01-07 09:32:00,0.2230,0.2240,0.2220,0.2230,3035200
2003-01-07 09:31:00,0.2240,0.2250,0.2230,0.2230,6697600
2003-01-07 09:30:00,0.2240,0.2250,0.2230,0.2240,5373256
2003-01-07 09:29:00,0.2250,0.2250,0.2240,0.2240,240800
2003-01-07 09:28:00,0.2240,0.2250,0.2240,0.2240,134400
2003-01-07 09:27:00,0.2240,0.2250,0.2240,0.2240,5600
2003-01-07 09:26:00,0.2250,0.2250,0.2240,0.2250,230496
2003-01-07 09:25:00,0.2250,0.2250,0.2240,0.2250,56000
2003-01-07 09:24:00,0.2240,0.2240,0.2230,0.2240,11200
2003-01-07 09:23:00,0.2240,0.2240,0.2230,0.2240,5600
2003-01-07 09:22:00,0.2240,0.2240,0.2230,0.2240,5600
2003-01-07 09:20:00,0.2260,0.2260,0.2230,0.2240,67200
2003-01-07 09:19:00,0.2240,0.2240,0.2230,0.2240,11200
2003-01-07 09:15:00,0.2230,0.2240,0.2230,0.2240,61600
2003-01-07 09:14:00,0.2230,0.2240,0.2230,0.2230,22400
2003-01-07 09:12:00,0.2240,0.2240,0.2230,0.2230,28000
2003-01-07 09:11:00,0.2240,0.2240,0.2230,0.2230,100800
2003-01-07 09:09:00,0.2240,0.2250,0.2240,0.2240,112000
2003-01-07 09:07:00,0.2240,0.2250,0.2240,0.2240,89600
2003-01-07 09:06:00,0.2240,0.2240,0.2230,0.2230,11200
2003-01-07 09:05:00,0.2230,0.2250,0.2220,0.2240,117600
2003-01-07 09:00:00,0.2240,0.2250,0.2240,0.2240,56000
2003-01-07 08:59:00,0.2230,0.2240,0.2220,0.2240,78400
2003-01-07 08:58:00,0.2230,0.2230,0.2200,0.2210,39200
2003-01-07 08:57:00,0.2230,0.2230,0.2220,0.2230,67200
2003-01-07 08:55:00,0.2220,0.2230,0.2220,0.2230,117600
2003-01-07 08:53:00,0.2220,0.2220,0.2220,0.2220,22400
2003-01-07 08:46:00,0.2210,0.2220,0.2210,0.2210,39200
2003-01-07 08:38:00,0.2240,0.2240,0.2230,0.2240,61600
2003-01-07 08:36:00,0.2230,0.2230,0.2220,0.2230,56000
2003-01-07 08:33:00,0.2230,0.2230,0.2220,0.2230,33600
2003-01-07 08:32:00,0.2230,0.2230,0.2220,0.2230,56000
2003-01-07 08:28:00,0.2220,0.2230,0.2220,0.2230,61600
2003-01-07 08:21:00,0.2220,0.2220,0.2220,0.2220,28000
2003-01-07 08:20:00,0.2210,0.2220,0.2210,0.2210,56000
2003-01-07 08:18:00,0.2210,0.2220,0.2210,0.2210,16800
2003-01-07 08:16:00,0.2210,0.2220,0.2190,0.2220,74480
2003-01-07 08:14:00,0.2210,0.2220,0.2190,0.2210,275072
2003-01-07 08:12:00,0.2220,0.2220,0.2210,0.2210,56000
2003-01-07 08:11:00,0.2220,0.2230,0.2220,0.2220,9072
2003-01-07 08:08:00,0.2230,0.2230,0.2220,0.2230,84000
2003-01-07 08:07:00,0.2240,0.2240,0.2230,0.2240,56000
2003-01-07 08:01:00,0.2250,0.2250,0.2220,0.2230,115472
2003-01-07 08:00:00,0.2230,0.2230,0.2220,0.2230,56000
2003-01-06 18:18:00,0.2270,0.2270,0.2260,0.2270,5600
2003-01-06 18:03:00,0.2270,0.2270,0.2260,0.2270,5600
2003-01-06 17:59:00,0.2250,0.2260,0.2250,0.2250,11200
2003-01-06 17:58:00,0.2250,0.2260,0.2250,0.2250,5600
2003-01-06 17:34:00,0.2250,0.2260,0.2250,0.2250,56000
2003-01-06 17:29:00,0.2240,0.2240,0.2230,0.2240,168000
2003-01-06 17:08:00,0.2240,0.2240,0.2240,0.2240,5600
2003-01-06 17:06:00,0.2240,0.2240,0.2230,0.2240,134400
2003-01-06 17:05:00,0.2260,0.2260,0.2250,0.2260,136528
2003-01-06 16:43:00,0.2260,0.2260,0.2250,0.2260,2122400
2003-01-06 16:30:00,0.2250,0.2250,0.2240,0.2240,140000
2003-01-06 16:25:00,0.2260,0.2260,0.2250,0.2260,218400
2003-01-06 16:24:00,0.2240,0.2250,0.2240,0.2240,44800
2003-01-06 16:23:00,0.2240,0.2250,0.2230,0.2240,257600
2003-01-06 16:22:00,0.2260,0.2260,0.2230,0.2240,1002400
2003-01-06 16:21:00,0.2260,0.2260,0.2250,0.2260,11200
2003-01-06 16:20:00,0.2260,0.2260,0.2250,0.2260,56000
2003-01-06 16:19:00,0.2270,0.2270,0.2260,0.2270,22400
2003-01-06 16:16:00,0.2270,0.2270,0.2260,0.2270,33600
2003-01-06 16:15:00,0.2270,0.2270,0.2260,0.2270,28000
2003-01-06 16:14:00,0.2270,0.2270,0.2250,0.2260,72800
2003-01-06 16:12:00,0.2260,0.2260,0.2250,0.2260,84000
2003-01-06 16:10:00,0.2260,0.2260,0.2250,0.2260,1321600
2003-01-06 16:09:00,0.2260,0.2260,0.2250,0.2260,1652000
2003-01-06 16:08:00,0.2260,0.2260,0.2250,0.2260,78400
2003-01-06 16:07:00,0.2260,0.2260,0.2250,0.2260,285600
2003-01-06 16:05:00,0.2260,0.2260,0.2250,0.2260,358400
2003-01-06 16:04:00,0.2260,0.2260,0.2250,0.2260,123200
2003-01-06 16:03:00,0.2260,0.2260,0.2250,0.2260,1327200
2003-01-06 16:02:00,0.2260,0.2260,0.2250,0.2260,386400
2003-01-06 16:01:00,0.2260,0.2260,0.2240,0.2260,1033424
2003-01-06 16:00:00,0.2260,0.2270,0.2220,0.2250,815920
2003-01-06 15:59:00,0.2260,0.2270,0.2250,0.2260,2189600
2003-01-06 15:58:00,0.2260,0.2270,0.2250,0.2260,1051904
2003-01-06 15:57:00,0.2260,0.2270,0.2250,0.2260,874048
2003-01-06 15:56:00,0.2260,0.2270,0.2250,0.2260,895384
2003-01-06 15:55:00,0.2260,0.2260,0.2250,0.2260,2304624
2003-01-06 15:54:00,0.2260,0.2260,0.2250,0.2260,1453424
2003-01-06 15:53:00,0.2260,0.2260,0.2250,0.2260,1663200
2003-01-06 15:52:00,0.2260,0.2260,0.2250,0.2260,1928192
2003-01-06 15:51:00,0.2260,0.2270,0.2250,0.2260,2749600
2003-01-06 15:50:00,0.2260,0.2260,0.2250,0.2260,1202488
2003-01-06 15:49:00,0.2270,0.2270,0.2250,0.2260,4795560
2003-01-06 15:48:00,0.2270,0.2270,0.2260,0.2260,2169664
2003-01-06 15:47:00,0.2270,0.2270,0.2260,0.2270,1209600
2003-01-06 15:46:00,0.2270,0.2270,0.2260,0.2270,1977528
2003-01-06 15:45:00,0.2270,0.2270,0.2270,0.2270,464800
2003-01-06 15:44:00,0.2270,0.2280,0.2270,0.2270,513240
2003-01-06 15:43:00,0.2270,0.2280,0.2270,0.2270,2771048
2003-01-06 15:42:00,0.2270,0.2270,0.2270,0.2270,515200
2003-01-06 15:41:00,0.2270,0.2280,0.2270,0.2270,789880
2003-01-06 15:40:00,0.2270,0.2270,0.2270,0.2270,1047200
2003-01-06 15:39:00,0.2270,0.2270,0.2270,0.2270,459200
2003-01-06 15:38:00,0.2270,0.2270,0.2270,0.2270,22400
2003-01-06 15:37:00,0.2270,0.2280,0.2270,0.2270,346640
2003-01-06 15:36:00,0.2270,0.2280,0.2270,0.2270,2111200
2003-01-06 15:35:00,0.2270,0.2280,0.2270,0.2270,122472
2003-01-06 15:34:00,0.2270,0.2280,0.2270,0.2270,352800
2003-01-06 15:33:00,0.2270,0.2280,0.2270,0.2270,285600
2003-01-06 15:32:00,0.2270,0.2280,0.2270,0.2270,515200
2003-01-06 15:31:00,0.2270,0.2280,0.2270,0.2270,235200
2003-01-06 15:30:00,0.2270,0.2280,0.2270,0.2270,537600
2003-01-06 15:29:00,0.2270,0.2280,0.2270,0.2270,268800
2003-01-06 15:28:00,0.2270,0.2280,0.2270,0.2270,474320
2003-01-06 15:27:00,0.2270,0.2270,0.2270,0.2270,296800
2003-01-06 15:26:00,0.2270,0.2270,0.2270,0.2270,1887200
2003-01-06 15:25:00,0.2270,0.2270,0.2270,0.2270,341600
2003-01-06 15:24:00,0.2260,0.2270,0.2260,0.2270,364000
2003-01-06 15:23:00,0.2260,0.2270,0.2260,0.2260,560000
2003-01-06 15:22:00,0.2260,0.2270,0.2260,0.2260,1355200
2003-01-06 15:21:00,0.2260,0.2270,0.2260,0.2260,901600
2003-01-06 15:20:00,0.2270,0.2270,0.2250,0.2260,3937976
2003-01-06 15:19:00,0.2270,0.2270,0.2270,0.2270,504000
2003-01-06 15:18:00,0.2270,0.2270,0.2270,0.2270,518000
2003-01-06 15:17:00,0.2270,0.2280,0.2270,0.2270,2570400
2003-01-06 15:16:00,0.2270,0.2280,0.2270,0.2270,2098936
2003-01-06 15:15:00,0.2270,0.2270,0.2270,0.2270,145600
2003-01-06 15:14:00,0.2270,0.2270,0.2270,0.2270,493080
2003-01-06 15:13:00,0.2270,0.2270,0.2270,0.2270,128800
2003-01-06 15:12:00,0.2270,0.2270,0.2260,0.2270,621600
2003-01-06 15:11:00,0.2270,0.2280,0.2270,0.2270,459200
2003-01-06 15:10:00,0.2270,0.2280,0.2270,0.2270,212800
2003-01-06 15:09:00,0.2280,0.2280,0.2270,0.2270,3130400
2003-01-06 15:08:00,0.2280,0.2280,0.2270,0.2280,280000
2003-01-06 15:07:00,0.2280,0.2280,0.2270,0.2280,375200
2003-01-06 15:06:00,0.2280,0.2280,0.2270,0.2280,1058400
2003-01-06 15:05:00,0.2280,0.2280,0.2280,0.2280,1766128
2003-01-06 15:04:00,0.2280,0.2280,0.2270,0.2280,655200
2003-01-06 15:03:00,0.2280,0.2280,0.2270,0.2280,1999200
2003-01-06 15:02:00,0.2280,0.2280,0.2270,0.2280,666792
2003-01-06 15:01:00,0.2280,0.2280,0.2270,0.2280,711872
2003-01-06 15:00:00,0.2280,0.2280,0.2270,0.2280,498400
2003-01-06 14:59:00,0.2280,0.2280,0.2270,0.2270,123200
2003-01-06 14:58:00,0.2270,0.2280,0.2270,0.2270,2738512
2003-01-06 14:57:00,0.2280,0.2280,0.2270,0.2270,3617600
2003-01-06 14:56:00,0.2270,0.2280,0.2270,0.2270,986832
2003-01-06 14:55:00,0.2270,0.2280,0.2270,0.2270,733600
2003-01-06 14:54:00,0.2280,0.2280,0.2270,0.2270,3326400
2003-01-06 14:53:00,0.2280,0.2280,0.2270,0.2270,117600
2003-01-06 14:52:00,0.2280,0.2280,0.2270,0.2280,1360016
2003-01-06 14:51:00,0.2280,0.2280,0.2270,0.2280,3007200
2003-01-06 14:50:00,0.2270,0.2280,0.2270,0.2270,4288816
2003-01-06 14:49:00,0.2270,0.2280,0.2270,0.2270,1828008
2003-01-06 14:48:00,0.2270,0.2280,0.2270,0.2270,1977696
2003-01-06 14:47:00,0.2280,0.2290,0.2270,0.2270,3770480
2003-01-06 14:46:00,0.2280,0.2290,0.2280,0.2280,380800
2003-01-06 14:45:00,0.2290,0.2290,0.2280,0.2280,646464
2003-01-06 14:44:00,0.2290,0.2290,0.2280,0.2290,156800
2003-01-06 14:43:00,0.2290,0.2290,0.2280,0.2290,2917600
2003-01-06 14:42:00,0.2290,0.2290,0.2280,0.2290,470400
2003-01-06 14:41:00,0.2290,0.2290,0.2280,0.2290,343504
2003-01-06 14:40:00,0.2290,0.2290,0.2280,0.2290,61600
2003-01-06 14:39:00,0.2280,0.2290,0.2280,0.2290,487200
2003-01-06 14:38:00,0.2290,0.2290,0.2280,0.2290,1002400
2003-01-06 14:37:00,0.2290,0.2290,0.2280,0.2290,16800
2003-01-06 14:36:00,0.2290,0.2290,0.2280,0.2290,89600
2003-01-06 14:35:00,0.2290,0.2290,0.2280,0.2290,582400
2003-01-06 14:34:00,0.2290,0.2290,0.2280,0.2290,111160
2003-01-06 14:33:00,0.2290,0.2290,0.2280,0.2290,336000
2003-01-06 14:32:00,0.2290,0.2290,0.2280,0.2290,184800
2003-01-06 14:31:00,0.2290,0.2290,0.2280,0.2290,196000
2003-01-06 14:29:00,0.2280,0.2290,0.2280,0.2290,218400
2003-01-06 14:28:00,0.2280,0.2290,0.2280,0.2280,3514000
2003-01-06 14:27:00,0.2280,0.2290,0.2280,0.2280,26992
2003-01-06 14:26:00,0.2280,0.2290,0.2280,0.2280,134400
2003-01-06 14:25:00,0.2290,0.2290,0.2280,0.2290,5600
2003-01-06 14:24:00,0.2280,0.2290,0.2280,0.2280,207200
2003-01-06 14:23:00,0.2280,0.2290,0.2280,0.2290,380800
2003-01-06 14:22:00,0.2280,0.2290,0.2280,0.2280,375200
2003-01-06 14:21:00,0.2280,0.2290,0.2280,0.2280,128800
2003-01-06 14:20:00,0.2280,0.2290,0.2280,0.2280,257600
2003-01-06 14:19:00,0.2280,0.2290,0.2280,0.2280,1584800
2003-01-06 14:18:00,0.2290,0.2290,0.2280,0.2280,560000
2003-01-06 14:17:00,0.2290,0.2290,0.2280,0.2280,119392
2003-01-06 14:16:00,0.2280,0.2290,0.2280,0.2290,92176
2003-01-06 14:15:00,0.2290,0.2290,0.2280,0.2290,296800
2003-01-06 14:14:00,0.2290,0.2290,0.2280,0.2290,1008000
2003-01-06 14:13:00,0.2290,0.2290,0.2280,0.2290,1318632
2003-01-06 14:12:00,0.2280,0.2290,0.2280,0.2290,924000
2003-01-06 14:11:00,0.2280,0.2290,0.2280,0.2280,5600
2003-01-06 14:10:00,0.2280,0.2290,0.2280,0.2290,403200
2003-01-06 14:09:00,0.2280,0.2290,0.2280,0.2280,240800
2003-01-06 14:08:00,0.2280,0.2290,0.2280,0.2280,229600
2003-01-06 14:07:00,0.2280,0.2290,0.2280,0.2280,3096800
2003-01-06 14:06:00,0.2280,0.2290,0.2280,0.2280,616000
2003-01-06 14:05:00,0.2280,0.2290,0.2280,0.2280,459200
2003-01-06 14:04:00,0.2280,0.2290,0.2280,0.2280,201600
2003-01-06 14:03:00,0.2280,0.2290,0.2280,0.2280,319032
2003-01-06 14:02:00,0.2280,0.2290,0.2280,0.2280,179200
2003-01-06 14:01:00,0.2280,0.2290,0.2280,0.2280,179200
2003-01-06 14:00:00,0.2280,0.2290,0.2280,0.2280,190400
2003-01-06 13:59:00,0.2280,0.2290,0.2280,0.2280,716800
2003-01-06 13:58:00,0.2280,0.2280,0.2280,0.2280,246400
2003-01-06 13:57:00,0.2280,0.2290,0.2280,0.2280,786464
2003-01-06 13:56:00,0.2280,0.2290,0.2280,0.2280,655200
2003-01-06 13:55:00,0.2280,0.2290,0.2280,0.2290,194320
2003-01-06 13:54:00,0.2280,0.2290,0.2280,0.2280,411488
2003-01-06 13:53:00,0.2290,0.2290,0.2280,0.2280,599200
2003-01-06 13:52:00,0.2290,0.2290,0.2280,0.2290,112000
2003-01-06 13:51:00,0.2290,0.2290,0.2280,0.2290,3253600
2003-01-06 13:50:00,0.2290,0.2290,0.2280,0.2290,476000
2003-01-06 13:49:00,0.2290,0.2290,0.2280,0.2290,660800
2003-01-06 13:48:00,0.2290,0.2290,0.2280,0.2290,1512168
2003-01-06 13:47:00,0.2290,0.2290,0.2280,0.2290,772800
2003-01-06 13:46:00,0.2290,0.2300,0.2290,0.2290,224000
2003-01-06 13:45:00,0.2290,0.2290,0.2280,0.2290,319200
2003-01-06 13:44:00,0.2290,0.2290,0.2290,0.2290,453600
2003-01-06 13:43:00,0.2290,0.2300,0.2290,0.2290,277200
2003-01-06 13:42:00,0.2290,0.2300,0.2290,0.2290,112000
2003-01-06 13:41:00,0.2290,0.2300,0.2290,0.2290,403200
2003-01-06 13:40:00,0.2290,0.2300,0.2290,0.2290,56000
2003-01-06 13:39:00,0.2290,0.2290,0.2290,0.2290,37576
2003-01-06 13:38:00,0.2300,0.2300,0.2290,0.2290,173600
2003-01-06 13:37:00,0.2300,0.2300,0.2290,0.2300,339976
2003-01-06 13:36:00,0.2300,0.2300,0.2290,0.2290,134400
2003-01-06 13:35:00,0.2300,0.2300,0.2290,0.2300,156800
2003-01-06 13:34:00,0.2300,0.2300,0.2290,0.2300,109760
2003-01-06 13:33:00,0.2300,0.2300,0.2290,0.2300,5600
2003-01-06 13:32:00,0.2300,0.2300,0.2290,0.2300,38920
2003-01-06 13:31:00,0.2300,0.2300,0.2290,0.2290,907032
2003-01-06 13:30:00,0.2300,0.2300,0.2290,0.2300,278040
2003-01-06 13:29:00,0.2300,0.2300,0.2300,0.2300,156800
2003-01-06 13:28:00,0.2300,0.2310,0.2300,0.2300,43736
2003-01-06 13:27:00,0.2300,0.2310,0.2290,0.2300,118216
2003-01-06 13:25:00,0.2300,0.2310,0.2290,0.2300,61600
2003-01-06 13:24:00,0.2300,0.2310,0.2300,0.2300,61600
2003-01-06 13:23:00,0.2300,0.2310,0.2300,0.2300,12936
2003-01-06 13:22:00,0.2300,0.2310,0.2300,0.2300,211456
2003-01-06 13:21:00,0.2300,0.2300,0.2300,0.2300,5600
2003-01-06 13:20:00,0.2300,0.2300,0.2290,0.2300,543200
2003-01-06 13:19:00,0.2300,0.2310,0.2300,0.2300,274400
2003-01-06 13:18:00,0.2300,0.2310,0.2290,0.2300,218400
2003-01-06 13:17:00,0.2300,0.2300,0.2290,0.2300,369600
2003-01-06 13:16:00,0.2300,0.2300,0.2300,0.2300,72800
2003-01-06 13:15:00,0.2300,0.2300,0.2300,0.2300,45360
2003-01-06 13:14:00,0.2300,0.2300,0.2290,0.2300,537600
2003-01-06 13:13:00,0.2300,0.2300,0.2290,0.2300,39200
2003-01-06 13:12:00,0.2300,0.2300,0.2290,0.2300,302400
2003-01-06 13:11:00,0.2300,0.2300,0.2290,0.2300,352800
2003-01-06 13:10:00,0.2300,0.2300,0.2290,0.2300,479472
2003-01-06 13:09:00,0.2290,0.2300,0.2290,0.2300,156800
2003-01-06 13:08:00,0.2290,0.2300,0.2290,0.2290,128800
2003-01-06 13:07:00,0.2300,0.2300,0.2290,0.2290,196000
2003-01-06 13:06:00,0.2300,0.2300,0.2290,0.2290,196000
2003-01-06 13:05:00,0.2300,0.2300,0.2290,0.2300,42000
2003-01-06 13:04:00,0.2300,0.2300,0.2290,0.2300,16800
2003-01-06 13:03:00,0.2300,0.2300,0.2290,0.2300,112000
2003-01-06 13:02:00,0.2300,0.2300,0.2290,0.2300,224000
2003-01-06 13:01:00,0.2300,0.2300,0.2290,0.2300,2654400
2003-01-06 13:00:00,0.2300,0.2300,0.2290,0.2300,310240
2003-01-06 12:59:00,0.2300,0.2300,0.2300,0.2300,22400
2003-01-06 12:58:00,0.2300,0.2300,0.2290,0.2300,1271200
2003-01-06 12:57:00,0.2300,0.2300,0.2290,0.2290,4155200
2003-01-06 12:56:00,0.2300,0.2300,0.2290,0.2300,201600
2003-01-06 12:55:00,0.2300,0.2300,0.2290,0.2300,5600
2003-01-06 12:54:00,0.2300,0.2300,0.2290,0.2300,44800
2003-01-06 12:53:00,0.2300,0.2300,0.2290,0.2300,2917600
2003-01-06 12:52:00,0.2300,0.2300,0.2290,0.2290,929600
2003-01-06 12:51:00,0.2300,0.2300,0.2290,0.2300,296800
2003-01-06 12:50:00,0.2300,0.2300,0.2290,0.2300,168000
2003-01-06 12:49:00,0.2300,0.2300,0.2290,0.2300,50400
2003-01-06 12:48:00,0.2300,0.2300,0.2290,0.2290,420000
2003-01-06 12:47:00,0.2300,0.2300,0.2290,0.2290,375200
2003-01-06 12:46:00,0.2300,0.2300,0.2290,0.2290,2984800
2003-01-06 12:45:00,0.2290,0.2300,0.2290,0.2300,1976800
2003-01-06 12:44:00,0.2290,0.2300,0.2290,0.2290,4413360
2003-01-06 12:43:00,0.2290,0.2290,0.2280,0.2290,2923200
2003-01-06 12:42:00,0.2290,0.2290,0.2280,0.2290,1058400
2003-01-06 12:41:00,0.2290,0.2300,0.2280,0.2290,1537032
2003-01-06 12:40:00,0.2290,0.2300,0.2280,0.2290,1176000
2003-01-06 12:39:00,0.2290,0.2290,0.2280,0.2290,34776
2003-01-06 12:38:00,0.2290,0.2290,0.2280,0.2290,448000
2003-01-06 12:37:00,0.2290,0.2290,0.2280,0.2290,42896
2003-01-06 12:36:00,0.2290,0.2290,0.2280,0.2290,33600
2003-01-06 12:35:00,0.2290,0.2290,0.2290,0.2290,162400
2003-01-06 12:34:00,0.2290,0.2300,0.2290,0.2290,16800
2003-01-06 12:32:00,0.2290,0.2300,0.2290,0.2290,89600
2003-01-06 12:31:00,0.2290,0.2300,0.2290,0.2290,81088
2003-01-06 12:30:00,0.2290,0.2300,0.2280,0.2290,280000
2003-01-06 12:29:00,0.2290,0.2300,0.2290,0.2290,107688
2003-01-06 12:28:00,0.2290,0.2300,0.2290,0.2290,67200
2003-01-06 12:27:00,0.2290,0.2300,0.2290,0.2290,22400
2003-01-06 12:26:00,0.2290,0.2300,0.2290,0.2290,2660616
2003-01-06 12:25:00,0.2290,0.2300,0.2290,0.2290,190400
2003-01-06 12:24:00,0.2300,0.2300,0.2290,0.2290,123200
2003-01-06 12:23:00,0.2300,0.2300,0.2290,0.2290,33600
2003-01-06 12:22:00,0.2290,0.2300,0.2290,0.2290,72800
2003-01-06 12:21:00,0.2290,0.2300,0.2290,0.2290,528696
2003-01-06 12:20:00,0.2290,0.2300,0.2290,0.2290,61600
2003-01-06 12:19:00,0.2300,0.2300,0.2290,0.2290,940800
2003-01-06 12:18:00,0.2290,0.2300,0.2290,0.2290,254464
2003-01-06 12:17:00,0.2290,0.2300,0.2290,0.2290,44800
2003-01-06 12:16:00,0.2300,0.2300,0.2290,0.2290,285600
2003-01-06 12:15:00,0.2300,0.2300,0.2290,0.2290,95200
2003-01-06 12:14:00,0.2290,0.2300,0.2290,0.2290,39200
2003-01-06 12:13:00,0.2290,0.2300,0.2290,0.2290,11200
2003-01-06 12:12:00,0.2300,0.2300,0.2290,0.2290,324800
2003-01-06 12:11:00,0.2300,0.2300,0.2290,0.2290,89600
2003-01-06 12:10:00,0.2290,0.2300,0.2290,0.2290,2945600
2003-01-06 12:09:00,0.2290,0.2300,0.2290,0.2290,436464
2003-01-06 12:08:00,0.2290,0.2300,0.2290,0.2290,145600
2003-01-06 12:07:00,0.2290,0.2300,0.2280,0.2290,649600
2003-01-06 12:06:00,0.2290,0.2300,0.2290,0.2290,784000
2003-01-06 12:05:00,0.2300,0.2300,0.2290,0.2290,470400
2003-01-06 12:04:00,0.2300,0.2300,0.2290,0.2290,565600
2003-01-06 12:03:00,0.2300,0.2300,0.2290,0.2290,638400
2003-01-06 12:02:00,0.2290,0.2300,0.2290,0.2290,158704
2003-01-06 12:01:00,0.2300,0.2300,0.2290,0.2290,658896
2003-01-06 12:00:00,0.2290,0.2300,0.2290,0.2290,247800
2003-01-06 11:59:00,0.2300,0.2300,0.2290,0.2290,22400
2003-01-06 11:58:00,0.2300,0.2300,0.2290,0.2300,319200
2003-01-06 11:57:00,0.2300,0.2300,0.2290,0.2290,403200
2003-01-06 11:56:00,0.2300,0.2300,0.2290,0.2300,623392
2003-01-06 11:55:00,0.2300,0.2300,0.2290,0.2290,22400
2003-01-06 11:54:00,0.2300,0.2300,0.2290,0.2300,70112
2003-01-06 11:53:00,0.2300,0.2300,0.2290,0.2300,207200
2003-01-06 11:52:00,0.2300,0.2300,0.2290,0.2290,336000
2003-01-06 11:51:00,0.2300,0.2300,0.2290,0.2290,116536
2003-01-06 11:50:00,0.2300,0.2300,0.2290,0.2290,235200
2003-01-06 11:49:00,0.2300,0.2300,0.2290,0.2300,218400
2003-01-06 11:48:00,0.2290,0.2300,0.2290,0.2290,884800
2003-01-06 11:47:00,0.2300,0.2300,0.2290,0.2290,89600
2003-01-06 11:46:00,0.2300,0.2300,0.2280,0.2290,1354304
2003-01-06 11:45:00,0.2300,0.2300,0.2290,0.2290,95200
2003-01-06 11:44:00,0.2290,0.2300,0.2290,0.2290,324800
2003-01-06 11:43:00,0.2290,0.2300,0.2290,0.2290,260400
2003-01-06 11:42:00,0.2290,0.2300,0.2290,0.2290,2898392
2003-01-06 11:41:00,0.2300,0.2300,0.2290,0.2290,716800
2003-01-06 11:40:00,0.2300,0.2300,0.2290,0.2300,729680
2003-01-06 11:39:00,0.2300,0.2300,0.2290,0.2300,1164072
2003-01-06 11:38:00,0.2300,0.2300,0.2290,0.2300,789320
2003-01-06 11:37:00,0.2300,0.2300,0.2300,0.2300,313600
2003-01-06 11:36:00,0.2300,0.2310,0.2300,0.2300,2889600
2003-01-06 11:35:00,0.2300,0.2310,0.2300,0.2300,224000
2003-01-06 11:34:00,0.2300,0.2310,0.2300,0.2300,528808
2003-01-06 11:33:00,0.2300,0.2310,0.2300,0.2300,789600
2003-01-06 11:32:00,0.2300,0.2310,0.2300,0.2300,156800
2003-01-06 11:31:00,0.2300,0.2310,0.2300,0.2300,359128
2003-01-06 11:30:00,0.2300,0.2310,0.2300,0.2300,500136
2003-01-06 11:29:00,0.2300,0.2310,0.2300,0.2300,134400
2003-01-06 11:28:00,0.2300,0.2310,0.2300,0.2300,459200
2003-01-06 11:27:00,0.2300,0.2310,0.2300,0.2300,631792
2003-01-06 11:26:00,0.2300,0.2310,0.2300,0.2300,257600
2003-01-06 11:25:00,0.2300,0.2310,0.2300,0.2300,133000
2003-01-06 11:24:00,0.2300,0.2310,0.2300,0.2300,100800
2003-01-06 11:23:00,0.2300,0.2310,0.2300,0.2300,500416
2003-01-06 11:22:00,0.2300,0.2310,0.2300,0.2310,795200
2003-01-06 11:21:00,0.2300,0.2310,0.2300,0.2300,235200
2003-01-06 11:20:00,0.2300,0.2310,0.2300,0.2300,11200
2003-01-06 11:19:00,0.2300,0.2310,0.2300,0.2300,22400
2003-01-06 11:18:00,0.2300,0.2310,0.2300,0.2300,201600
2003-01-06 11:17:00,0.2300,0.2310,0.2300,0.2300,369600
2003-01-06 11:16:00,0.2300,0.2310,0.2300,0.2300,683200
2003-01-06 11:15:00,0.2300,0.2310,0.2300,0.2300,4524800
2003-01-06 11:14:00,0.2300,0.2310,0.2300,0.2300,370664
2003-01-06 11:13:00,0.2300,0.2310,0.2300,0.2300,1024800
2003-01-06 11:12:00,0.2300,0.2310,0.2300,0.2300,123200
2003-01-06 11:11:00,0.2310,0.2310,0.2300,0.2300,1125600
2003-01-06 11:10:00,0.2300,0.2310,0.2300,0.2310,369600
2003-01-06 11:09:00,0.2310,0.2310,0.2300,0.2300,705600
2003-01-06 11:08:00,0.2310,0.2310,0.2300,0.2310,28000
2003-01-06 11:07:00,0.2310,0.2310,0.2300,0.2310,350000
2003-01-06 11:06:00,0.2300,0.2310,0.2300,0.2310,352184
2003-01-06 11:05:00,0.2310,0.2310,0.2300,0.2300,856800
2003-01-06 11:04:00,0.2310,0.2310,0.2310,0.2310,229600
2003-01-06 11:03:00,0.2310,0.2320,0.2300,0.2310,2654400
2003-01-06 11:02:00,0.2310,0.2310,0.2300,0.2310,952000
2003-01-06 11:01:00,0.2310,0.2310,0.2300,0.2310,242144
2003-01-06 11:00:00,0.2310,0.2310,0.2300,0.2310,296800
2003-01-06 10:59:00,0.2310,0.2310,0.2300,0.2310,2067240
2003-01-06 10:58:00,0.2310,0.2310,0.2300,0.2310,2548000
2003-01-06 10:57:00,0.2300,0.2310,0.2300,0.2310,2877280
2003-01-06 10:56:00,0.2300,0.2310,0.2300,0.2300,1664040
2003-01-06 10:55:00,0.2300,0.2310,0.2300,0.2300,3702888
2003-01-06 10:54:00,0.2310,0.2310,0.2300,0.2300,420000
2003-01-06 10:53:00,0.2300,0.2310,0.2300,0.2310,1271200
2003-01-06 10:52:00,0.2310,0.2310,0.2300,0.2300,1360800
2003-01-06 10:51:00,0.2310,0.2310,0.2300,0.2310,72800
2003-01-06 10:50:00,0.2310,0.2310,0.2300,0.2310,252000
2003-01-06 10:49:00,0.2310,0.2320,0.2300,0.2310,1039864
2003-01-06 10:48:00,0.2310,0.2320,0.2300,0.2310,842800
2003-01-06 10:47:00,0.2310,0.2310,0.2310,0.2310,11200
2003-01-06 10:46:00,0.2310,0.2310,0.2300,0.2310,1209600
2003-01-06 10:45:00,0.2310,0.2310,0.2300,0.2310,648536
2003-01-06 10:44:00,0.2310,0.2310,0.2300,0.2310,4508000
2003-01-06 10:43:00,0.2310,0.2310,0.2300,0.2310,2346400
2003-01-06 10:42:00,0.2300,0.2310,0.2300,0.2310,772800
2003-01-06 10:41:00,0.2300,0.2310,0.2300,0.2300,5829600
2003-01-06 10:40:00,0.2310,0.2310,0.2300,0.2300,3365600
2003-01-06 10:39:00,0.2310,0.2310,0.2300,0.2310,2329600
2003-01-06 10:38:00,0.2310,0.2310,0.2300,0.2310,201600
2003-01-06 10:37:00,0.2300,0.2310,0.2300,0.2310,5140800
2003-01-06 10:36:00,0.2300,0.2310,0.2300,0.2300,1299200
2003-01-06 10:35:00,0.2310,0.2310,0.2300,0.2310,1197840
2003-01-06 10:34:00,0.2310,0.2320,0.2310,0.2310,481600
2003-01-06 10:33:00,0.2320,0.2320,0.2310,0.2310,291200
2003-01-06 10:32:00,0.2320,0.2320,0.2310,0.2320,156800
2003-01-06 10:31:00,0.2320,0.2320,0.2310,0.2310,1164800
2003-01-06 10:30:00,0.2310,0.2320,0.2300,0.2320,1400000
2003-01-06 10:29:00,0.2320,0.2320,0.2300,0.2310,767200
2003-01-06 10:28:00,0.2320,0.2320,0.2310,0.2320,1573600
2003-01-06 10:27:00,0.2310,0.2320,0.2310,0.2320,1713488
2003-01-06 10:26:00,0.2320,0.2320,0.2310,0.2310,812000
2003-01-06 10:25:00,0.2320,0.2330,0.2320,0.2320,243040
2003-01-06 10:24:00,0.2320,0.2330,0.2320,0.2320,2491888
2003-01-06 10:23:00,0.2320,0.2330,0.2310,0.2320,162400
2003-01-06 10:22:00,0.2320,0.2330,0.2320,0.2320,700000
2003-01-06 10:21:00,0.2320,0.2330,0.2310,0.2320,371000
2003-01-06 10:20:00,0.2320,0.2320,0.2310,0.2320,638400
2003-01-06 10:19:00,0.2320,0.2320,0.2310,0.2310,151200
2003-01-06 10:18:00,0.2320,0.2320,0.2310,0.2320,308000
2003-01-06 10:17:00,0.2320,0.2320,0.2310,0.2320,761600
2003-01-06 10:16:00,0.2320,0.2320,0.2310,0.2320,1624000
2003-01-06 10:15:00,0.2320,0.2320,0.2310,0.2320,1013600
2003-01-06 10:14:00,0.2320,0.2320,0.2310,0.2310,263200
2003-01-06 10:13:00,0.2320,0.2320,0.2310,0.2320,1232000
2003-01-06 10:12:00,0.2320,0.2320,0.2310,0.2320,442400
2003-01-06 10:11:00,0.2320,0.2320,0.2310,0.2320,593600
2003-01-06 10:10:00,0.2320,0.2320,0.2310,0.2310,1898960
2003-01-06 10:09:00,0.2320,0.2320,0.2310,0.2320,1103200
2003-01-06 10:08:00,0.2310,0.2320,0.2300,0.2310,616000
2003-01-06 10:07:00,0.2310,0.2310,0.2300,0.2310,293048
2003-01-06 10:06:00,0.2310,0.2310,0.2300,0.2310,688800
2003-01-06 10:05:00,0.2300,0.2310,0.2300,0.2310,1422400
2003-01-06 10:04:00,0.2310,0.2310,0.2300,0.2300,4877600
2003-01-06 10:03:00,0.2300,0.2310,0.2290,0.2300,384776
2003-01-06 10:02:00,0.2300,0.2310,0.2290,0.2300,980000
2003-01-06 10:01:00,0.2300,0.2310,0.2290,0.2300,1097600
2003-01-06 10:00:00,0.2310,0.2310,0.2290,0.2290,1103200
2003-01-06 09:59:00,0.2300,0.2310,0.2300,0.2310,1080912
2003-01-06 09:58:00,0.2300,0.2310,0.2300,0.2300,470400
2003-01-06 09:57:00,0.2300,0.2310,0.2300,0.2300,952000
2003-01-06 09:56:00,0.2300,0.2310,0.2290,0.2300,178304
2003-01-06 09:55:00,0.2300,0.2310,0.2290,0.2300,632800
2003-01-06 09:54:00,0.2300,0.2310,0.2290,0.2300,838264
2003-01-06 09:53:00,0.2300,0.2310,0.2290,0.2300,758800
2003-01-06 09:52:00,0.2300,0.2310,0.2290,0.2300,812000
2003-01-06 09:51:00,0.2300,0.2310,0.2290,0.2300,739200
2003-01-06 09:50:00,0.2300,0.2310,0.2290,0.2290,607600
2003-01-06 09:49:00,0.2310,0.2310,0.2290,0.2300,1615936
2003-01-06 09:48:00,0.2310,0.2310,0.2290,0.2300,1349600
2003-01-06 09:47:00,0.2310,0.2320,0.2300,0.2310,1204000
2003-01-06 09:46:00,0.2310,0.2320,0.2300,0.2310,2116800
2003-01-06 09:45:00,0.2320,0.2320,0.2310,0.2310,3089968
2003-01-06 09:44:00,0.2320,0.2330,0.2320,0.2320,1652000
2003-01-06 09:43:00,0.2330,0.2330,0.2320,0.2320,2060800
2003-01-06 09:42:00,0.2330,0.2330,0.2320,0.2330,1338400
2003-01-06 09:41:00,0.2330,0.2330,0.2320,0.2330,2055200
2003-01-06 09:40:00,0.2330,0.2330,0.2320,0.2330,1534064
2003-01-06 09:39:00,0.2320,0.2330,0.2320,0.2330,1328992
2003-01-06 09:38:00,0.2320,0.2330,0.2310,0.2320,963200
2003-01-06 09:37:00,0.2320,0.2330,0.2310,0.2320,1674400
2003-01-06 09:36:00,0.2310,0.2320,0.2310,0.2320,862400
2003-01-06 09:35:00,0.2310,0.2320,0.2300,0.2310,1325744
2003-01-06 09:34:00,0.2310,0.2320,0.2310,0.2310,439264
2003-01-06 09:33:00,0.2310,0.2320,0.2280,0.2310,1853488
2003-01-06 09:32:00,0.2310,0.2320,0.2290,0.2320,2710512
2003-01-06 09:31:00,0.2290,0.2310,0.2270,0.2310,6555360
2003-01-06 09:30:00,0.2280,0.2300,0.2270,0.2280,5351472
2003-01-06 09:29:00,0.2280,0.2300,0.2270,0.2300,1187200
2003-01-06 09:28:00,0.2280,0.2280,0.2270,0.2280,22400
2003-01-06 09:27:00,0.2280,0.2280,0.2270,0.2280,229600
2003-01-06 09:25:00,0.2270,0.2280,0.2270,0.2270,28000
2003-01-06 09:24:00,0.2270,0.2280,0.2270,0.2270,56000
2003-01-06 09:23:00,0.2270,0.2280,0.2270,0.2270,168000
2003-01-06 09:22:00,0.2270,0.2280,0.2270,0.2270,112000
2003-01-06 09:19:00,0.2270,0.2270,0.2270,0.2270,168000
2003-01-06 09:18:00,0.2270,0.2280,0.2270,0.2270,280000
2003-01-06 09:16:00,0.2280,0.2280,0.2270,0.2280,56000
2003-01-06 09:14:00,0.2270,0.2280,0.2270,0.2270,11200
2003-01-06 09:10:00,0.2270,0.2280,0.2270,0.2270,5600
2003-01-06 09:09:00,0.2270,0.2280,0.2270,0.2270,112000
2003-01-06 09:08:00,0.2270,0.2280,0.2270,0.2270,11200
2003-01-06 09:07:00,0.2270,0.2280,0.2270,0.2270,168000
2003-01-06 09:06:00,0.2270,0.2280,0.2270,0.2270,111216
2003-01-06 08:46:00,0.2270,0.2270,0.2270,0.2270,66472
2003-01-06 08:43:00,0.2270,0.2280,0.2270,0.2270,11200
2003-01-06 08:40:00,0.2270,0.2280,0.2270,0.2270,224000
2003-01-06 08:39:00,0.2270,0.2270,0.2270,0.2270,117600
2003-01-06 08:38:00,0.2270,0.2280,0.2270,0.2270,112000
2003-01-06 08:37:00,0.2270,0.2270,0.2260,0.2270,126952
2003-01-06 08:10:00,0.2270,0.2270,0.2260,0.2270,56000
2003-01-06 08:02:00,0.2270,0.2270,0.2260,0.2270,7448
2003-01-06 08:01:00,0.2270,0.2270,0.2270,0.2270,12880
2003-01-03 17:25:00,0.2260,0.2260,0.2250,0.2260,72800
2003-01-03 17:21:00,0.2260,0.2260,0.2250,0.2260,11200
2003-01-03 17:20:00,0.2250,0.2250,0.2240,0.2250,5600
2003-01-03 16:56:00,0.2270,0.2280,0.2270,0.2270,28000
2003-01-03 16:55:00,0.2270,0.2280,0.2260,0.2270,100800
2003-01-03 16:43:00,0.2260,0.2260,0.2250,0.2260,162400
2003-01-03 16:09:00,0.2260,0.2270,0.2250,0.2270,935200
2003-01-03 16:07:00,0.2260,0.2260,0.2250,0.2260,89600
2003-01-03 16:06:00,0.2260,0.2260,0.2260,0.2260,784000
2003-01-03 16:05:00,0.2260,0.2260,0.2250,0.2260,786520
2003-01-03 16:03:00,0.2250,0.2260,0.2240,0.2250,166936
2003-01-03 16:02:00,0.2260,0.2260,0.2250,0.2260,386400
2003-01-03 16:01:00,0.2260,0.2270,0.2240,0.2240,604800
2003-01-03 16:00:00,0.2260,0.2260,0.2250,0.2260,382088
2003-01-03 15:59:00,0.2250,0.2270,0.2240,0.2260,4032280
2003-01-03 15:58:00,0.2240,0.2250,0.2240,0.2250,905520
2003-01-03 15:57:00,0.2240,0.2250,0.2240,0.2240,582400
2003-01-03 15:56:00,0.2240,0.2250,0.2240,0.2240,641200
2003-01-03 15:55:00,0.2250,0.2250,0.2240,0.2240,1010464
2003-01-03 15:54:00,0.2250,0.2260,0.2240,0.2240,1618400
2003-01-03 15:53:00,0.2250,0.2260,0.2240,0.2250,896000
2003-01-03 15:52:00,0.2250,0.2260,0.2250,0.2250,285600
2003-01-03 15:51:00,0.2250,0.2260,0.2250,0.2250,582400
2003-01-03 15:50:00,0.2260,0.2260,0.2250,0.2250,470400
2003-01-03 15:49:00,0.2250,0.2260,0.2250,0.2260,265104
2003-01-03 15:48:00,0.2260,0.2260,0.2250,0.2250,243936
2003-01-03 15:47:00,0.2260,0.2260,0.2250,0.2250,274400
2003-01-03 15:46:00,0.2250,0.2260,0.2250,0.2250,386400
2003-01-03 15:45:00,0.2260,0.2260,0.2250,0.2260,467488
2003-01-03 15:44:00,0.2250,0.2260,0.2250,0.2260,470400
2003-01-03 15:43:00,0.2250,0.2250,0.2240,0.2250,1176952
2003-01-03 15:42:00,0.2240,0.2250,0.2240,0.2240,403200
2003-01-03 15:41:00,0.2240,0.2240,0.2230,0.2240,739200
2003-01-03 15:40:00,0.2240,0.2240,0.2230,0.2240,649600
2003-01-03 15:39:00,0.2230,0.2240,0.2230,0.2240,56000
2003-01-03 15:38:00,0.2240,0.2240,0.2230,0.2240,433832
2003-01-03 15:37:00,0.2240,0.2240,0.2230,0.2240,67200
2003-01-03 15:36:00,0.2240,0.2250,0.2240,0.2240,196000
2003-01-03 15:35:00,0.2240,0.2250,0.2240,0.2240,33600
2003-01-03 15:34:00,0.2240,0.2250,0.2240,0.2240,171024
2003-01-03 15:33:00,0.2250,0.2250,0.2240,0.2240,112000
2003-01-03 15:32:00,0.2240,0.2250,0.2240,0.2240,124544
2003-01-03 15:31:00,0.2240,0.2250,0.2240,0.2240,145600
2003-01-03 15:30:00,0.2240,0.2250,0.2240,0.2240,179200
2003-01-03 15:29:00,0.2250,0.2250,0.2240,0.2240,352800
2003-01-03 15:28:00,0.2240,0.2250,0.2240,0.2240,185808
2003-01-03 15:27:00,0.2240,0.2250,0.2240,0.2240,67200
2003-01-03 15:26:00,0.2240,0.2240,0.2240,0.2240,11200
2003-01-03 15:25:00,0.2240,0.2250,0.2240,0.2240,100800
2003-01-03 15:24:00,0.2240,0.2250,0.2240,0.2240,291200
2003-01-03 15:23:00,0.2250,0.2250,0.2240,0.2240,128800
2003-01-03 15:22:00,0.2240,0.2250,0.2240,0.2240,140000
2003-01-03 15:21:00,0.2240,0.2250,0.2240,0.2240,397600
2003-01-03 15:20:00,0.2240,0.2250,0.2240,0.2240,196000
2003-01-03 15:19:00,0.2240,0.2250,0.2240,0.2240,72800
2003-01-03 15:18:00,0.2240,0.2250,0.2240,0.2240,296072
2003-01-03 15:17:00,0.2240,0.2250,0.2240,0.2240,292544
2003-01-03 15:16:00,0.2240,0.2250,0.2240,0.2240,106400
2003-01-03 15:15:00,0.2240,0.2250,0.2240,0.2240,142072
2003-01-03 15:14:00,0.2240,0.2250,0.2240,0.2240,890400
2003-01-03 15:13:00,0.2240,0.2250,0.2240,0.2240,246400
2003-01-03 15:12:00,0.2240,0.2250,0.2230,0.2240,509600
2003-01-03 15:11:00,0.2240,0.2240,0.2230,0.2240,431200
2003-01-03 15:09:00,0.2240,0.2240,0.2230,0.2240,173600
2003-01-03 15:08:00,0.2240,0.2240,0.2230,0.2230,123200
2003-01-03 15:07:00,0.2230,0.2240,0.2230,0.2230,72800
2003-01-03 15:06:00,0.2230,0.2240,0.2230,0.2230,124320
2003-01-03 15:05:00,0.2230,0.2240,0.2230,0.2230,11200
2003-01-03 15:04:00,0.2240,0.2240,0.2230,0.2240,50400
2003-01-03 15:03:00,0.2230,0.2240,0.2230,0.2240,50400
2003-01-03 15:02:00,0.2230,0.2240,0.2230,0.2230,145600
2003-01-03 15:01:00,0.2230,0.2240,0.2230,0.2230,1170400
2003-01-03 15:00:00,0.2240,0.2240,0.2230,0.2240,190400
2003-01-03 14:59:00,0.2240,0.2240,0.2230,0.2240,33600
2003-01-03 14:58:00,0.2240,0.2240,0.2230,0.2240,509768
2003-01-03 14:57:00,0.2240,0.2240,0.2230,0.2240,302400
2003-01-03 14:56:00,0.2240,0.2240,0.2230,0.2230,89600
2003-01-03 14:55:00,0.2230,0.2240,0.2230,0.2230,56000
2003-01-03 14:54:00,0.2230,0.2240,0.2230,0.2230,39200
2003-01-03 14:53:00,0.2230,0.2240,0.2230,0.2230,50400
2003-01-03 14:52:00,0.2230,0.2240,0.2220,0.2230,330400
2003-01-03 14:51:00,0.2230,0.2240,0.2220,0.2230,2038400
2003-01-03 14:50:00,0.2230,0.2230,0.2220,0.2230,2086560
2003-01-03 14:49:00,0.2230,0.2240,0.2220,0.2230,515200
2003-01-03 14:48:00,0.2230,0.2240,0.2230,0.2230,140000
2003-01-03 14:47:00,0.2240,0.2240,0.2230,0.2240,375200
2003-01-03 14:46:00,0.2240,0.2240,0.2230,0.2240,207200
2003-01-03 14:45:00,0.2240,0.2240,0.2230,0.2240,123200
2003-01-03 14:44:00,0.2240,0.2240,0.2230,0.2240,95200
2003-01-03 14:43:00,0.2240,0.2240,0.2230,0.2240,100800
2003-01-03 14:42:00,0.2230,0.2240,0.2230,0.2240,330400
2003-01-03 14:41:00,0.2230,0.2230,0.2230,0.2230,16800
2003-01-03 14:40:00,0.2230,0.2240,0.2230,0.2230,50400
2003-01-03 14:39:00,0.2230,0.2230,0.2230,0.2230,33600
2003-01-03 14:38:00,0.2240,0.2240,0.2230,0.2230,160720
2003-01-03 14:37:00,0.2230,0.2240,0.2230,0.2240,72800
2003-01-03 14:36:00,0.2240,0.2240,0.2230,0.2230,140000
2003-01-03 14:35:00,0.2240,0.2240,0.2230,0.2240,16800
2003-01-03 14:34:00,0.2240,0.2240,0.2230,0.2240,263200
2003-01-03 14:33:00,0.2240,0.2240,0.2230,0.2240,565600
2003-01-03 14:32:00,0.2240,0.2240,0.2230,0.2240,130200
2003-01-03 14:31:00,0.2240,0.2250,0.2240,0.2240,212800
2003-01-03 14:30:00,0.2240,0.2250,0.2240,0.2240,218400
2003-01-03 14:29:00,0.2250,0.2250,0.2240,0.2240,1428000
2003-01-03 14:28:00,0.2240,0.2250,0.2240,0.2240,364000
2003-01-03 14:27:00,0.2240,0.2250,0.2240,0.2240,22400
2003-01-03 14:26:00,0.2240,0.2250,0.2240,0.2240,39200
2003-01-03 14:25:00,0.2240,0.2250,0.2240,0.2240,11200
2003-01-03 14:24:00,0.2250,0.2250,0.2240,0.2240,224000
2003-01-03 14:23:00,0.2250,0.2250,0.2240,0.2240,313600
2003-01-03 14:22:00,0.2250,0.2250,0.2240,0.2250,653016
2003-01-03 14:21:00,0.2250,0.2250,0.2240,0.2250,11200
2003-01-03 14:20:00,0.2240,0.2250,0.2240,0.2240,207200
2003-01-03 14:19:00,0.2250,0.2250,0.2240,0.2240,28000
2003-01-03 14:16:00,0.2250,0.2250,0.2240,0.2250,118944
2003-01-03 14:15:00,0.2250,0.2250,0.2240,0.2250,261016
2003-01-03 14:14:00,0.2250,0.2250,0.2240,0.2250,67200
2003-01-03 14:13:00,0.2250,0.2250,0.2240,0.2250,72800
2003-01-03 14:12:00,0.2250,0.2250,0.2240,0.2250,56000
2003-01-03 14:11:00,0.2240,0.2250,0.2240,0.2240,106400
2003-01-03 14:10:00,0.2250,0.2250,0.2240,0.2240,154784
2003-01-03 14:09:00,0.2250,0.2250,0.2240,0.2240,22400
2003-01-03 14:08:00,0.2250,0.2250,0.2240,0.2240,151200
2003-01-03 14:07:00,0.2250,0.2250,0.2240,0.2250,148736
2003-01-03 14:05:00,0.2250,0.2250,0.2240,0.2250,22400
2003-01-03 14:04:00,0.2250,0.2250,0.2240,0.2250,78400
2003-01-03 14:03:00,0.2250,0.2250,0.2240,0.2250,1243200
2003-01-03 14:02:00,0.2240,0.2250,0.2230,0.2240,498176
2003-01-03 14:01:00,0.2250,0.2250,0.2230,0.2240,296800
2003-01-03 14:00:00,0.2250,0.2250,0.2240,0.2240,207200
2003-01-03 13:59:00,0.2250,0.2250,0.2240,0.2240,33600
2003-01-03 13:58:00,0.2250,0.2250,0.2240,0.2250,56000
2003-01-03 13:57:00,0.2250,0.2250,0.2240,0.2250,112000
2003-01-03 13:56:00,0.2250,0.2260,0.2250,0.2250,61600
2003-01-03 13:55:00,0.2250,0.2260,0.2240,0.2250,369600
2003-01-03 13:54:00,0.2250,0.2250,0.2240,0.2250,11200
2003-01-03 13:53:00,0.2250,0.2250,0.2240,0.2250,22400
2003-01-03 13:51:00,0.2250,0.2250,0.2240,0.2250,677096
2003-01-03 13:50:00,0.2250,0.2250,0.2240,0.2250,140000
2003-01-03 13:49:00,0.2250,0.2260,0.2250,0.2250,240800
2003-01-03 13:48:00,0.2250,0.2250,0.2240,0.2250,1129856
2003-01-03 13:47:00,0.2240,0.2250,0.2240,0.2250,779744
2003-01-03 13:46:00,0.2240,0.2240,0.2230,0.2240,112000
2003-01-03 13:45:00,0.2240,0.2240,0.2230,0.2240,22400
2003-01-03 13:44:00,0.2240,0.2240,0.2230,0.2240,106400
2003-01-03 13:43:00,0.2240,0.2240,0.2230,0.2240,145600
2003-01-03 13:42:00,0.2240,0.2240,0.2230,0.2240,156800
2003-01-03 13:41:00,0.2240,0.2240,0.2240,0.2240,291200
2003-01-03 13:40:00,0.2240,0.2240,0.2240,0.2240,166376
2003-01-03 13:39:00,0.2240,0.2240,0.2230,0.2240,196000
2003-01-03 13:38:00,0.2240,0.2240,0.2230,0.2240,119784
2003-01-03 13:37:00,0.2240,0.2240,0.2230,0.2240,28000
2003-01-03 13:36:00,0.2240,0.2240,0.2230,0.2240,862400
2003-01-03 13:35:00,0.2240,0.2240,0.2230,0.2240,274400
2003-01-03 13:34:00,0.2240,0.2240,0.2230,0.2240,95200
2003-01-03 13:33:00,0.2240,0.2240,0.2230,0.2240,95200
2003-01-03 13:32:00,0.2230,0.2240,0.2230,0.2240,588000
2003-01-03 13:31:00,0.2230,0.2240,0.2230,0.2230,100800
2003-01-03 13:30:00,0.2240,0.2240,0.2230,0.2230,78400
2003-01-03 13:29:00,0.2230,0.2240,0.2230,0.2230,56000
2003-01-03 13:28:00,0.2230,0.2240,0.2230,0.2230,11200
2003-01-03 13:27:00,0.2240,0.2240,0.2230,0.2240,238840
2003-01-03 13:26:00,0.2230,0.2240,0.2230,0.2230,100800
2003-01-03 13:25:00,0.2230,0.2240,0.2230,0.2230,106400
2003-01-03 13:24:00,0.2230,0.2230,0.2230,0.2230,5600
2003-01-03 13:23:00,0.2230,0.2230,0.2230,0.2230,70784
2003-01-03 13:22:00,0.2230,0.2230,0.2230,0.2230,11200
2003-01-03 13:21:00,0.2230,0.2230,0.2230,0.2230,72800
2003-01-03 13:20:00,0.2230,0.2230,0.2230,0.2230,5600
2003-01-03 13:19:00,0.2230,0.2230,0.2230,0.2230,28000
2003-01-03 13:18:00,0.2230,0.2230,0.2230,0.2230,50400
2003-01-03 13:17:00,0.2230,0.2240,0.2230,0.2230,201600
2003-01-03 13:16:00,0.2230,0.2230,0.2230,0.2230,124040
2003-01-03 13:15:00,0.2230,0.2230,0.2230,0.2230,188440
2003-01-03 13:14:00,0.2230,0.2230,0.2230,0.2230,22400
2003-01-03 13:13:00,0.2230,0.2230,0.2230,0.2230,18648
2003-01-03 13:12:00,0.2230,0.2230,0.2230,0.2230,50400
2003-01-03 13:10:00,0.2230,0.2230,0.2230,0.2230,112000
2003-01-03 13:09:00,0.2230,0.2230,0.2220,0.2230,106400
2003-01-03 13:07:00,0.2230,0.2230,0.2220,0.2230,72800
2003-01-03 13:06:00,0.2230,0.2230,0.2220,0.2230,106400
2003-01-03 13:05:00,0.2230,0.2230,0.2220,0.2230,50400
2003-01-03 13:03:00,0.2230,0.2230,0.2220,0.2230,168000
2003-01-03 13:02:00,0.2230,0.2230,0.2220,0.2230,5600
2003-01-03 13:01:00,0.2230,0.2230,0.2220,0.2220,319200
2003-01-03 13:00:00,0.2230,0.2230,0.2220,0.2230,403200
2003-01-03 12:59:00,0.2230,0.2230,0.2230,0.2230,39200
2003-01-03 12:58:00,0.2230,0.2240,0.2230,0.2230,151200
2003-01-03 12:57:00,0.2230,0.2240,0.2230,0.2230,123200
2003-01-03 12:56:00,0.2230,0.2230,0.2230,0.2230,44800
2003-01-03 12:55:00,0.2230,0.2240,0.2230,0.2230,226800
2003-01-03 12:54:00,0.2230,0.2230,0.2230,0.2230,22400
2003-01-03 12:53:00,0.2230,0.2230,0.2230,0.2230,134400
2003-01-03 12:52:00,0.2230,0.2230,0.2230,0.2230,140000
2003-01-03 12:51:00,0.2230,0.2230,0.2230,0.2230,257376
2003-01-03 12:50:00,0.2230,0.2230,0.2230,0.2230,11200
2003-01-03 12:49:00,0.2230,0.2230,0.2220,0.2230,5600
2003-01-03 12:47:00,0.2230,0.2230,0.2220,0.2230,44800
2003-01-03 12:46:00,0.2230,0.2230,0.2230,0.2230,100800
2003-01-03 12:44:00,0.2230,0.2230,0.2220,0.2230,61600
2003-01-03 12:43:00,0.2230,0.2230,0.2230,0.2230,78400
2003-01-03 12:42:00,0.2230,0.2230,0.2220,0.2230,396648
2003-01-03 12:41:00,0.2230,0.2230,0.2220,0.2230,285600
2003-01-03 12:40:00,0.2230,0.2230,0.2220,0.2230,140000
2003-01-03 12:39:00,0.2230,0.2230,0.2220,0.2230,459200
2003-01-03 12:38:00,0.2230,0.2230,0.2220,0.2230,128800
2003-01-03 12:37:00,0.2230,0.2230,0.2220,0.2230,688800
2003-01-03 12:36:00,0.2230,0.2230,0.2220,0.2230,134400
2003-01-03 12:35:00,0.2230,0.2230,0.2220,0.2230,67200
2003-01-03 12:34:00,0.2230,0.2230,0.2230,0.2230,11200
2003-01-03 12:33:00,0.2230,0.2230,0.2220,0.2230,168000
2003-01-03 12:32:00,0.2230,0.2230,0.2220,0.2230,39200
2003-01-03 12:31:00,0.2230,0.2230,0.2220,0.2230,1131200
2003-01-03 12:30:00,0.2230,0.2230,0.2220,0.2230,284032
2003-01-03 12:29:00,0.2230,0.2230,0.2220,0.2230,67200
2003-01-03 12:28:00,0.2220,0.2230,0.2220,0.2220,16800
2003-01-03 12:27:00,0.2220,0.2230,0.2220,0.2220,687512
2003-01-03 12:26:00,0.2220,0.2230,0.2220,0.2220,5600
2003-01-03 12:25:00,0.2230,0.2230,0.2220,0.2230,224000
2003-01-03 12:24:00,0.2220,0.2230,0.2220,0.2220,145600
2003-01-03 12:23:00,0.2220,0.2230,0.2220,0.2220,28000
2003-01-03 12:22:00,0.2220,0.2230,0.2220,0.2220,16800
2003-01-03 12:21:00,0.2230,0.2230,0.2220,0.2220,22400
2003-01-03 12:20:00,0.2220,0.2230,0.2220,0.2220,162400
2003-01-03 12:19:00,0.2220,0.2230,0.2220,0.2220,291200
2003-01-03 12:18:00,0.2220,0.2220,0.2210,0.2220,705600
2003-01-03 12:17:00,0.2220,0.2220,0.2220,0.2220,67200
2003-01-03 12:16:00,0.2220,0.2220,0.2220,0.2220,117600
2003-01-03 12:15:00,0.2220,0.2220,0.2220,0.2220,28000
2003-01-03 12:14:00,0.2220,0.2220,0.2220,0.2220,408800
2003-01-03 12:13:00,0.2230,0.2230,0.2220,0.2220,1114400
2003-01-03 12:12:00,0.2230,0.2230,0.2220,0.2220,862400
2003-01-03 12:11:00,0.2230,0.2230,0.2220,0.2230,50400
2003-01-03 12:10:00,0.2230,0.2230,0.2220,0.2230,67200
2003-01-03 12:08:00,0.2230,0.2230,0.2220,0.2230,257600
2003-01-03 12:07:00,0.2230,0.2230,0.2220,0.2230,33600
2003-01-03 12:06:00,0.2230,0.2230,0.2220,0.2230,56000
2003-01-03 12:05:00,0.2230,0.2230,0.2220,0.2220,408800
2003-01-03 12:04:00,0.2230,0.2230,0.2220,0.2220,706664
2003-01-03 12:03:00,0.2230,0.2230,0.2220,0.2220,67200
2003-01-03 12:02:00,0.2230,0.2230,0.2220,0.2220,700000
2003-01-03 12:01:00,0.2230,0.2230,0.2220,0.2220,985600
2003-01-03 12:00:00,0.2230,0.2230,0.2220,0.2230,520800
2003-01-03 11:59:00,0.2230,0.2240,0.2230,0.2230,168000
2003-01-03 11:58:00,0.2230,0.2240,0.2230,0.2230,28000
2003-01-03 11:57:00,0.2230,0.2240,0.2230,0.2230,89600
2003-01-03 11:56:00,0.2230,0.2240,0.2230,0.2230,140000
2003-01-03 11:55:00,0.2230,0.2240,0.2230,0.2230,532000
2003-01-03 11:54:00,0.2230,0.2240,0.2230,0.2230,56000
2003-01-03 11:53:00,0.2230,0.2240,0.2230,0.2230,168000
2003-01-03 11:52:00,0.2240,0.2240,0.2230,0.2230,173600
2003-01-03 11:51:00,0.2240,0.2240,0.2230,0.2240,1696800
2003-01-03 11:50:00,0.2240,0.2240,0.2230,0.2240,501704
2003-01-03 11:49:00,0.2240,0.2240,0.2230,0.2240,162400
2003-01-03 11:48:00,0.2240,0.2240,0.2230,0.2240,274400
2003-01-03 11:47:00,0.2240,0.2240,0.2230,0.2240,201600
2003-01-03 11:46:00,0.2240,0.2250,0.2230,0.2240,3498992
2003-01-03 11:45:00,0.2230,0.2240,0.2230,0.2240,907200
2003-01-03 11:44:00,0.2230,0.2230,0.2230,0.2230,33600
2003-01-03 11:43:00,0.2230,0.2240,0.2230,0.2230,248416
2003-01-03 11:42:00,0.2230,0.2230,0.2230,0.2230,162400
2003-01-03 11:41:00,0.2230,0.2230,0.2220,0.2230,100800
2003-01-03 11:40:00,0.2230,0.2230,0.2220,0.2230,89600
2003-01-03 11:39:00,0.2220,0.2230,0.2220,0.2220,141120
2003-01-03 11:38:00,0.2220,0.2230,0.2220,0.2220,341600
2003-01-03 11:37:00,0.2220,0.2220,0.2220,0.2220,33600
2003-01-03 11:36:00,0.2220,0.2220,0.2220,0.2220,313600
2003-01-03 11:35:00,0.2220,0.2220,0.2220,0.2220,319200
2003-01-03 11:33:00,0.2220,0.2220,0.2220,0.2220,44800
2003-01-03 11:32:00,0.2220,0.2220,0.2220,0.2220,28000
2003-01-03 11:31:00,0.2220,0.2220,0.2210,0.2220,212352
2003-01-03 11:30:00,0.2220,0.2230,0.2220,0.2220,1198400
2003-01-03 11:29:00,0.2220,0.2230,0.2220,0.2220,28000
2003-01-03 11:28:00,0.2220,0.2230,0.2220,0.2220,67200
2003-01-03 11:27:00,0.2220,0.2220,0.2220,0.2220,44800
2003-01-03 11:26:00,0.2220,0.2220,0.2220,0.2220,5600
2003-01-03 11:25:00,0.2220,0.2220,0.2220,0.2220,179200
2003-01-03 11:24:00,0.2220,0.2230,0.2220,0.2220,56000
2003-01-03 11:23:00,0.2220,0.2230,0.2220,0.2220,112000
2003-01-03 11:22:00,0.2230,0.2230,0.2220,0.2220,173600
2003-01-03 11:21:00,0.2230,0.2230,0.2220,0.2220,56000
2003-01-03 11:20:00,0.2230,0.2230,0.2220,0.2230,145600
2003-01-03 11:19:00,0.2220,0.2230,0.2220,0.2230,582400
2003-01-03 11:18:00,0.2220,0.2220,0.2210,0.2220,67200
2003-01-03 11:17:00,0.2220,0.2220,0.2210,0.2220,392000
2003-01-03 11:16:00,0.2220,0.2220,0.2210,0.2220,28000
2003-01-03 11:15:00,0.2220,0.2220,0.2210,0.2220,274400
2003-01-03 11:14:00,0.2220,0.2220,0.2220,0.2220,39200
2003-01-03 11:13:00,0.2220,0.2220,0.2220,0.2220,11200
2003-01-03 11:12:00,0.2220,0.2220,0.2220,0.2220,162400
2003-01-03 11:11:00,0.2220,0.2220,0.2220,0.2220,364000
2003-01-03 11:10:00,0.2220,0.2220,0.2210,0.2220,61600
2003-01-03 11:09:00,0.2220,0.2220,0.2210,0.2220,5600
2003-01-03 11:08:00,0.2220,0.2220,0.2210,0.2220,84000
2003-01-03 11:07:00,0.2220,0.2220,0.2210,0.2220,196000
2003-01-03 11:06:00,0.2220,0.2220,0.2210,0.2220,257600
2003-01-03 11:05:00,0.2220,0.2220,0.2210,0.2220,492800
2003-01-03 11:04:00,0.2220,0.2220,0.2210,0.2220,106400
2003-01-03 11:03:00,0.2220,0.2220,0.2210,0.2220,22400
2003-01-03 11:02:00,0.2220,0.2220,0.2210,0.2220,2872800
2003-01-03 11:01:00,0.2220,0.2220,0.2210,0.2220,459200
2003-01-03 11:00:00,0.2220,0.2220,0.2210,0.2220,571200
2003-01-03 10:59:00,0.2220,0.2220,0.2210,0.2220,140000
2003-01-03 10:58:00,0.2220,0.2220,0.2210,0.2210,95200
2003-01-03 10:57:00,0.2220,0.2220,0.2210,0.2210,201600
2003-01-03 10:56:00,0.2220,0.2220,0.2210,0.2220,56000
2003-01-03 10:55:00,0.2220,0.2220,0.2220,0.2220,89600
2003-01-03 10:54:00,0.2220,0.2220,0.2210,0.2220,259392
2003-01-03 10:53:00,0.2220,0.2220,0.2220,0.2220,218400
2003-01-03 10:52:00,0.2220,0.2220,0.2210,0.2220,212800
2003-01-03 10:51:00,0.2220,0.2220,0.2210,0.2220,22400
2003-01-03 10:50:00,0.2220,0.2220,0.2210,0.2210,207200
2003-01-03 10:49:00,0.2210,0.2220,0.2210,0.2220,1181600
2003-01-03 10:48:00,0.2220,0.2220,0.2210,0.2210,319200
2003-01-03 10:47:00,0.2220,0.2220,0.2220,0.2220,106400
2003-01-03 10:46:00,0.2220,0.2220,0.2220,0.2220,246400
2003-01-03 10:45:00,0.2230,0.2230,0.2220,0.2220,247744
2003-01-03 10:44:00,0.2230,0.2230,0.2220,0.2230,196000
2003-01-03 10:43:00,0.2230,0.2230,0.2230,0.2230,78400
2003-01-03 10:42:00,0.2230,0.2230,0.2230,0.2230,151200
2003-01-03 10:41:00,0.2240,0.2240,0.2230,0.2230,352800
2003-01-03 10:40:00,0.2240,0.2240,0.2230,0.2240,16800
2003-01-03 10:39:00,0.2230,0.2240,0.2230,0.2240,263200
2003-01-03 10:38:00,0.2230,0.2240,0.2230,0.2230,78400
2003-01-03 10:37:00,0.2230,0.2240,0.2230,0.2230,179200
2003-01-03 10:36:00,0.2230,0.2230,0.2220,0.2230,366968
2003-01-03 10:35:00,0.2230,0.2230,0.2220,0.2230,162400
2003-01-03 10:34:00,0.2220,0.2230,0.2220,0.2230,168000
2003-01-03 10:33:00,0.2220,0.2220,0.2220,0.2220,100800
2003-01-03 10:32:00,0.2220,0.2220,0.2220,0.2220,50400
2003-01-03 10:31:00,0.2220,0.2230,0.2220,0.2220,621600
2003-01-03 10:30:00,0.2220,0.2230,0.2220,0.2220,207200
2003-01-03 10:29:00,0.2220,0.2220,0.2220,0.2220,207200
2003-01-03 10:28:00,0.2220,0.2230,0.2220,0.2220,156800
2003-01-03 10:27:00,0.2220,0.2220,0.2220,0.2220,186480
2003-01-03 10:26:00,0.2220,0.2230,0.2220,0.2220,168000
2003-01-03 10:25:00,0.2220,0.2220,0.2220,0.2220,291200
2003-01-03 10:24:00,0.2220,0.2220,0.2210,0.2220,499800
2003-01-03 10:23:00,0.2220,0.2220,0.2210,0.2210,436800
2003-01-03 10:22:00,0.2230,0.2230,0.2220,0.2220,263200
2003-01-03 10:21:00,0.2220,0.2230,0.2220,0.2220,274400
2003-01-03 10:20:00,0.2230,0.2230,0.2220,0.2220,1237600
2003-01-03 10:19:00,0.2240,0.2240,0.2230,0.2230,235200
2003-01-03 10:18:00,0.2240,0.2240,0.2230,0.2240,190400
2003-01-03 10:17:00,0.2240,0.2240,0.2240,0.2240,1164800
2003-01-03 10:16:00,0.2240,0.2250,0.2240,0.2240,224000
2003-01-03 10:15:00,0.2240,0.2250,0.2240,0.2240,162400
2003-01-03 10:14:00,0.2240,0.2250,0.2240,0.2240,156800
2003-01-03 10:13:00,0.2250,0.2250,0.2240,0.2240,123200
2003-01-03 10:12:00,0.2240,0.2250,0.2240,0.2240,325416
2003-01-03 10:11:00,0.2240,0.2250,0.2240,0.2240,95200
2003-01-03 10:10:00,0.2250,0.2250,0.2240,0.2240,235200
2003-01-03 10:09:00,0.2250,0.2250,0.2240,0.2240,364000
2003-01-03 10:08:00,0.2250,0.2250,0.2250,0.2250,145600
2003-01-03 10:07:00,0.2250,0.2260,0.2250,0.2250,250208
2003-01-03 10:06:00,0.2250,0.2260,0.2250,0.2250,151200
2003-01-03 10:05:00,0.2250,0.2260,0.2250,0.2250,335216
2003-01-03 10:04:00,0.2250,0.2260,0.2250,0.2250,554400
2003-01-03 10:03:00,0.2250,0.2250,0.2240,0.2250,873600
2003-01-03 10:02:00,0.2250,0.2250,0.2240,0.2250,252000
2003-01-03 10:01:00,0.2250,0.2260,0.2240,0.2250,1384264
2003-01-03 10:00:00,0.2230,0.2250,0.2230,0.2250,2165632
2003-01-03 09:59:00,0.2230,0.2240,0.2220,0.2230,655200
2003-01-03 09:58:00,0.2230,0.2240,0.2230,0.2230,399728
2003-01-03 09:57:00,0.2230,0.2240,0.2230,0.2230,173600
2003-01-03 09:56:00,0.2230,0.2230,0.2220,0.2230,134400
2003-01-03 09:55:00,0.2230,0.2240,0.2220,0.2230,308000
2003-01-03 09:54:00,0.2230,0.2230,0.2220,0.2230,128800
2003-01-03 09:53:00,0.2220,0.2230,0.2220,0.2230,899808
2003-01-03 09:52:00,0.2230,0.2230,0.2220,0.2220,935200
2003-01-03 09:51:00,0.2230,0.2230,0.2220,0.2230,319200
2003-01-03 09:50:00,0.2220,0.2230,0.2220,0.2220,497616
2003-01-03 09:49:00,0.2220,0.2220,0.2210,0.2220,252000
2003-01-03 09:48:00,0.2220,0.2220,0.2210,0.2210,145600
2003-01-03 09:47:00,0.2220,0.2220,0.2210,0.2210,523656
2003-01-03 09:46:00,0.2210,0.2220,0.2210,0.2220,173600
2003-01-03 09:45:00,0.2210,0.2220,0.2210,0.2210,313600
2003-01-03 09:44:00,0.2220,0.2220,0.2210,0.2220,526400
2003-01-03 09:43:00,0.2210,0.2220,0.2210,0.2220,830984
2003-01-03 09:42:00,0.2210,0.2220,0.2210,0.2210,229600
2003-01-03 09:41:00,0.2220,0.2220,0.2210,0.2210,1438080
2003-01-03 09:40:00,0.2230,0.2230,0.2220,0.2220,246400
2003-01-03 09:39:00,0.2230,0.2230,0.2220,0.2230,375144
2003-01-03 09:38:00,0.2220,0.2230,0.2220,0.2220,414400
2003-01-03 09:37:00,0.2210,0.2230,0.2210,0.2220,856800
2003-01-03 09:36:00,0.2220,0.2220,0.2210,0.2210,761600
2003-01-03 09:35:00,0.2230,0.2230,0.2220,0.2220,426720
2003-01-03 09:34:00,0.2240,0.2240,0.2220,0.2230,340592
2003-01-03 09:33:00,0.2240,0.2240,0.2230,0.2240,173600
2003-01-03 09:32:00,0.2240,0.2240,0.2230,0.2240,39200
2003-01-03 09:31:00,0.2230,0.2250,0.2230,0.2240,672000
2003-01-03 09:30:00,0.2240,0.2250,0.2230,0.2240,2874536
2003-01-03 09:29:00,0.2240,0.2250,0.2240,0.2240,56000
2003-01-03 09:28:00,0.2240,0.2250,0.2240,0.2240,64400
2003-01-03 09:27:00,0.2250,0.2250,0.2240,0.2250,112000
2003-01-03 09:24:00,0.2250,0.2250,0.2240,0.2250,56000
2003-01-03 08:33:00,0.2240,0.2250,0.2240,0.2240,16800
2003-01-02 16:57:00,0.2240,0.2250,0.2240,0.2240,50400
2003-01-02 16:31:00,0.2220,0.2220,0.2220,0.2220,218400
2003-01-02 16:28:00,0.2240,0.2250,0.2240,0.2240,5600
2003-01-02 16:18:00,0.2240,0.2250,0.2240,0.2240,470400
2003-01-02 16:17:00,0.2240,0.2250,0.2240,0.2240,28000
2003-01-02 16:15:00,0.2210,0.2250,0.2200,0.2240,330400
2003-01-02 16:14:00,0.2210,0.2220,0.2200,0.2210,33600
2003-01-02 16:12:00,0.2240,0.2250,0.2240,0.2240,2676800
2003-01-02 16:11:00,0.2240,0.2240,0.2230,0.2240,72800
2003-01-02 16:10:00,0.2240,0.2250,0.2240,0.2240,588000
2003-01-02 16:08:00,0.2220,0.2220,0.2220,0.2220,56000
2003-01-02 16:07:00,0.2240,0.2250,0.2230,0.2240,1075200
2003-01-02 16:05:00,0.2240,0.2250,0.2240,0.2240,252000
2003-01-02 16:04:00,0.2220,0.2220,0.2220,0.2220,72800
2003-01-02 16:01:00,0.2250,0.2250,0.2240,0.2240,134400
2003-01-02 16:00:00,0.2250,0.2250,0.2230,0.2240,2296000
2003-01-02 15:59:00,0.2250,0.2250,0.2240,0.2240,2208808
2003-01-02 15:58:00,0.2250,0.2250,0.2240,0.2240,1596616
2003-01-02 15:57:00,0.2240,0.2250,0.2240,0.2250,1197280
2003-01-02 15:56:00,0.2240,0.2250,0.2240,0.2240,1014272
2003-01-02 15:55:00,0.2240,0.2250,0.2240,0.2240,728000
2003-01-02 15:54:00,0.2240,0.2250,0.2240,0.2240,1444800
2003-01-02 15:53:00,0.2240,0.2250,0.2230,0.2240,2726528
2003-01-02 15:52:00,0.2240,0.2250,0.2240,0.2240,1041600
2003-01-02 15:51:00,0.2240,0.2250,0.2240,0.2240,302400
2003-01-02 15:50:00,0.2240,0.2250,0.2240,0.2240,504000
2003-01-02 15:49:00,0.2240,0.2250,0.2240,0.2240,812000
2003-01-02 15:48:00,0.2250,0.2250,0.2240,0.2240,168000
2003-01-02 15:47:00,0.2250,0.2250,0.2240,0.2240,632800
2003-01-02 15:46:00,0.2250,0.2250,0.2240,0.2250,845600
2003-01-02 15:45:00,0.2250,0.2250,0.2240,0.2250,212744
2003-01-02 15:44:00,0.2250,0.2250,0.2240,0.2250,140000
2003-01-02 15:43:00,0.2250,0.2250,0.2240,0.2250,140000
2003-01-02 15:42:00,0.2250,0.2250,0.2250,0.2250,56000
2003-01-02 15:41:00,0.2250,0.2250,0.2240,0.2250,67200
2003-01-02 15:40:00,0.2250,0.2250,0.2240,0.2250,700000
2003-01-02 15:39:00,0.2250,0.2250,0.2240,0.2250,1495200
2003-01-02 15:38:00,0.2250,0.2250,0.2240,0.2240,179144
2003-01-02 15:37:00,0.2240,0.2250,0.2240,0.2250,296016
2003-01-02 15:36:00,0.2240,0.2250,0.2240,0.2240,28000
2003-01-02 15:35:00,0.2240,0.2250,0.2240,0.2240,207872
2003-01-02 15:34:00,0.2250,0.2250,0.2240,0.2240,89600
2003-01-02 15:33:00,0.2240,0.2250,0.2240,0.2240,128800
2003-01-02 15:32:00,0.2250,0.2250,0.2240,0.2240,347200
2003-01-02 15:31:00,0.2250,0.2250,0.2240,0.2240,279272
2003-01-02 15:30:00,0.2250,0.2250,0.2240,0.2250,78400
2003-01-02 15:29:00,0.2250,0.2250,0.2240,0.2250,184800
2003-01-02 15:28:00,0.2250,0.2250,0.2240,0.2250,134400
2003-01-02 15:27:00,0.2250,0.2250,0.2240,0.2250,53200
2003-01-02 15:26:00,0.2250,0.2250,0.2240,0.2250,112000
2003-01-02 15:25:00,0.2250,0.2250,0.2240,0.2250,240800
2003-01-02 15:24:00,0.2250,0.2250,0.2240,0.2250,140000
2003-01-02 15:23:00,0.2250,0.2250,0.2240,0.2250,302400
2003-01-02 15:22:00,0.2250,0.2250,0.2240,0.2250,560280
2003-01-02 15:21:00,0.2250,0.2250,0.2240,0.2240,437248
2003-01-02 15:20:00,0.2250,0.2250,0.2240,0.2240,173600
2003-01-02 15:19:00,0.2250,0.2260,0.2240,0.2250,263200
2003-01-02 15:18:00,0.2250,0.2250,0.2240,0.2250,80864
2003-01-02 15:17:00,0.2250,0.2250,0.2240,0.2250,22400
2003-01-02 15:16:00,0.2250,0.2250,0.2240,0.2250,476000
2003-01-02 15:15:00,0.2250,0.2250,0.2240,0.2250,341600
2003-01-02 15:14:00,0.2250,0.2250,0.2250,0.2250,201600
2003-01-02 15:13:00,0.2250,0.2250,0.2240,0.2250,237832
2003-01-02 15:12:00,0.2250,0.2250,0.2250,0.2250,117600
2003-01-02 15:11:00,0.2250,0.2250,0.2250,0.2250,102480
2003-01-02 15:10:00,0.2250,0.2260,0.2250,0.2250,271712
2003-01-02 15:09:00,0.2250,0.2260,0.2250,0.2250,5600
2003-01-02 15:08:00,0.2250,0.2260,0.2250,0.2250,213640
2003-01-02 15:07:00,0.2250,0.2260,0.2250,0.2250,5600
2003-01-02 15:06:00,0.2250,0.2260,0.2250,0.2250,33600
2003-01-02 15:05:00,0.2250,0.2260,0.2250,0.2260,688800
2003-01-02 15:04:00,0.2250,0.2250,0.2250,0.2250,554400
2003-01-02 15:03:00,0.2250,0.2250,0.2250,0.2250,1275120
2003-01-02 15:02:00,0.2250,0.2250,0.2250,0.2250,562800
2003-01-02 15:01:00,0.2250,0.2250,0.2250,0.2250,120736
2003-01-02 15:00:00,0.2250,0.2250,0.2250,0.2250,179200
2003-01-02 14:59:00,0.2250,0.2260,0.2250,0.2250,291200
2003-01-02 14:58:00,0.2250,0.2260,0.2240,0.2250,403200
2003-01-02 14:57:00,0.2250,0.2250,0.2240,0.2250,84000
2003-01-02 14:56:00,0.2240,0.2250,0.2240,0.2250,218120
2003-01-02 14:55:00,0.2240,0.2250,0.2240,0.2250,352800
2003-01-02 14:54:00,0.2250,0.2250,0.2240,0.2240,296128
2003-01-02 14:53:00,0.2240,0.2250,0.2240,0.2250,1933680
2003-01-02 14:52:00,0.2240,0.2250,0.2240,0.2240,112000
2003-01-02 14:51:00,0.2240,0.2250,0.2230,0.2240,1214976
2003-01-02 14:50:00,0.2240,0.2240,0.2230,0.2240,751632
2003-01-02 14:49:00,0.2240,0.2240,0.2230,0.2240,207200
2003-01-02 14:48:00,0.2240,0.2250,0.2230,0.2240,250768
2003-01-02 14:47:00,0.2240,0.2250,0.2240,0.2240,114800
2003-01-02 14:46:00,0.2250,0.2250,0.2240,0.2240,324800
2003-01-02 14:45:00,0.2250,0.2250,0.2240,0.2250,182336
2003-01-02 14:44:00,0.2250,0.2250,0.2240,0.2250,16800
2003-01-02 14:43:00,0.2250,0.2250,0.2240,0.2250,134400
2003-01-02 14:42:00,0.2250,0.2250,0.2240,0.2250,193704
2003-01-02 14:41:00,0.2250,0.2250,0.2240,0.2250,74144
2003-01-02 14:40:00,0.2250,0.2250,0.2240,0.2250,201600
2003-01-02 14:39:00,0.2250,0.2250,0.2240,0.2250,39200
2003-01-02 14:38:00,0.2250,0.2250,0.2240,0.2250,341600
2003-01-02 14:37:00,0.2250,0.2260,0.2250,0.2250,84000
2003-01-02 14:36:00,0.2250,0.2260,0.2250,0.2250,1097600
2003-01-02 14:35:00,0.2250,0.2260,0.2250,0.2250,498400
2003-01-02 14:34:00,0.2250,0.2260,0.2250,0.2250,157248
2003-01-02 14:33:00,0.2250,0.2260,0.2250,0.2250,249032
2003-01-02 14:32:00,0.2250,0.2250,0.2250,0.2250,436800
2003-01-02 14:31:00,0.2260,0.2260,0.2250,0.2250,481600
2003-01-02 14:30:00,0.2260,0.2260,0.2250,0.2260,246400
2003-01-02 14:29:00,0.2260,0.2260,0.2250,0.2260,140000
2003-01-02 14:28:00,0.2260,0.2260,0.2250,0.2260,173600
2003-01-02 14:27:00,0.2260,0.2260,0.2250,0.2260,1062432
2003-01-02 14:26:00,0.2260,0.2260,0.2250,0.2260,168000
2003-01-02 14:25:00,0.2260,0.2260,0.2250,0.2260,403200
2003-01-02 14:24:00,0.2260,0.2260,0.2250,0.2260,14000
2003-01-02 14:23:00,0.2250,0.2260,0.2250,0.2260,252000
2003-01-02 14:22:00,0.2250,0.2260,0.2250,0.2250,332864
2003-01-02 14:21:00,0.2240,0.2260,0.2240,0.2250,1656144
2003-01-02 14:20:00,0.2250,0.2250,0.2240,0.2240,352800
2003-01-02 14:19:00,0.2250,0.2250,0.2240,0.2250,160664
2003-01-02 14:18:00,0.2250,0.2250,0.2240,0.2250,117600
2003-01-02 14:17:00,0.2250,0.2250,0.2240,0.2240,25312
2003-01-02 14:16:00,0.2250,0.2260,0.2240,0.2250,406336
2003-01-02 14:15:00,0.2250,0.2250,0.2240,0.2240,672000
2003-01-02 14:14:00,0.2250,0.2250,0.2240,0.2240,420000
2003-01-02 14:13:00,0.2240,0.2260,0.2240,0.2250,490280
2003-01-02 14:12:00,0.2240,0.2240,0.2230,0.2240,263200
2003-01-02 14:11:00,0.2240,0.2240,0.2240,0.2240,84000
2003-01-02 14:10:00,0.2240,0.2240,0.2240,0.2240,249536
2003-01-02 14:09:00,0.2240,0.2240,0.2240,0.2240,224000
2003-01-02 14:07:00,0.2240,0.2250,0.2240,0.2240,246400
2003-01-02 14:06:00,0.2250,0.2250,0.2240,0.2240,128800
2003-01-02 14:05:00,0.2250,0.2250,0.2240,0.2250,203000
2003-01-02 14:04:00,0.2240,0.2250,0.2240,0.2240,134400
2003-01-02 14:03:00,0.2240,0.2250,0.2240,0.2240,96320
2003-01-02 14:02:00,0.2240,0.2240,0.2240,0.2240,105280
2003-01-02 14:01:00,0.2240,0.2250,0.2240,0.2240,155736
2003-01-02 14:00:00,0.2240,0.2250,0.2240,0.2240,569072
2003-01-02 13:59:00,0.2240,0.2240,0.2230,0.2240,1400000
2003-01-02 13:58:00,0.2240,0.2240,0.2230,0.2240,112336
2003-01-02 13:57:00,0.2240,0.2240,0.2240,0.2240,11200
2003-01-02 13:56:00,0.2240,0.2240,0.2230,0.2240,61600
2003-01-02 13:55:00,0.2240,0.2240,0.2230,0.2240,278096
2003-01-02 13:54:00,0.2240,0.2240,0.2240,0.2240,515200
2003-01-02 13:53:00,0.2240,0.2240,0.2240,0.2240,39200
2003-01-02 13:52:00,0.2240,0.2240,0.2240,0.2240,5600
2003-01-02 13:51:00,0.2240,0.2240,0.2230,0.2240,386904
2003-01-02 13:50:00,0.2240,0.2240,0.2230,0.2240,22400
2003-01-02 13:49:00,0.2240,0.2240,0.2230,0.2240,50400
2003-01-02 13:48:00,0.2240,0.2240,0.2230,0.2240,140000
2003-01-02 13:47:00,0.2240,0.2240,0.2230,0.2240,84000
2003-01-02 13:46:00,0.2240,0.2240,0.2230,0.2240,5600
2003-01-02 13:45:00,0.2240,0.2240,0.2230,0.2240,112000
2003-01-02 13:44:00,0.2240,0.2240,0.2230,0.2240,28000
2003-01-02 13:43:00,0.2240,0.2240,0.2230,0.2240,142856
2003-01-02 13:42:00,0.2240,0.2240,0.2230,0.2240,263200
2003-01-02 13:41:00,0.2230,0.2240,0.2230,0.2230,33600
2003-01-02 13:40:00,0.2230,0.2240,0.2230,0.2230,16800
2003-01-02 13:39:00,0.2230,0.2240,0.2230,0.2230,11200
2003-01-02 13:37:00,0.2230,0.2240,0.2230,0.2230,61600
2003-01-02 13:36:00,0.2230,0.2240,0.2230,0.2230,22400
2003-01-02 13:34:00,0.2230,0.2240,0.2230,0.2230,28000
2003-01-02 13:33:00,0.2230,0.2240,0.2230,0.2240,280000
2003-01-02 13:32:00,0.2230,0.2240,0.2230,0.2240,156800
2003-01-02 13:31:00,0.2230,0.2240,0.2230,0.2230,84000
2003-01-02 13:30:00,0.2230,0.2240,0.2230,0.2230,33992
2003-01-02 13:29:00,0.2230,0.2240,0.2230,0.2230,179200
2003-01-02 13:28:00,0.2230,0.2240,0.2230,0.2230,72800
2003-01-02 13:25:00,0.2230,0.2240,0.2230,0.2230,396088
2003-01-02 13:24:00,0.2230,0.2240,0.2230,0.2240,162400
2003-01-02 13:23:00,0.2240,0.2240,0.2230,0.2240,190400
2003-01-02 13:22:00,0.2240,0.2240,0.2230,0.2240,196000
2003-01-02 13:21:00,0.2240,0.2240,0.2230,0.2240,196000
2003-01-02 13:20:00,0.2240,0.2240,0.2230,0.2240,5600
2003-01-02 13:19:00,0.2240,0.2240,0.2230,0.2240,303408
2003-01-02 13:18:00,0.2240,0.2240,0.2230,0.2240,95200
2003-01-02 13:17:00,0.2240,0.2240,0.2230,0.2240,16800
2003-01-02 13:16:00,0.2240,0.2240,0.2230,0.2240,27160
2003-01-02 13:15:00,0.2240,0.2240,0.2230,0.2240,276976
2003-01-02 13:14:00,0.2240,0.2240,0.2240,0.2240,46816
2003-01-02 13:13:00,0.2240,0.2240,0.2240,0.2240,39424
2003-01-02 13:12:00,0.2240,0.2240,0.2240,0.2240,173600
2003-01-02 13:11:00,0.2240,0.2250,0.2240,0.2240,39200
2003-01-02 13:10:00,0.2240,0.2240,0.2240,0.2240,5600
2003-01-02 13:09:00,0.2240,0.2250,0.2240,0.2240,95200
2003-01-02 13:08:00,0.2240,0.2250,0.2240,0.2240,997696
2003-01-02 13:07:00,0.2250,0.2250,0.2240,0.2240,369600
2003-01-02 13:06:00,0.2250,0.2250,0.2240,0.2250,33600
2003-01-02 13:05:00,0.2250,0.2250,0.2240,0.2250,11200
2003-01-02 13:04:00,0.2250,0.2250,0.2240,0.2250,33600
2003-01-02 13:03:00,0.2250,0.2250,0.2240,0.2250,5600
2003-01-02 13:02:00,0.2250,0.2250,0.2240,0.2250,128800
2003-01-02 13:01:00,0.2250,0.2250,0.2240,0.2250,498400
2003-01-02 13:00:00,0.2250,0.2250,0.2240,0.2250,22400
2003-01-02 12:59:00,0.2250,0.2250,0.2240,0.2250,100800
2003-01-02 12:58:00,0.2250,0.2250,0.2240,0.2250,168000
2003-01-02 12:57:00,0.2250,0.2250,0.2240,0.2250,95200
2003-01-02 12:56:00,0.2250,0.2250,0.2240,0.2250,190400
2003-01-02 12:55:00,0.2250,0.2250,0.2240,0.2250,50400
2003-01-02 12:54:00,0.2250,0.2250,0.2240,0.2250,330400
2003-01-02 12:53:00,0.2250,0.2250,0.2240,0.2250,67200
2003-01-02 12:52:00,0.2250,0.2250,0.2240,0.2250,100800
2003-01-02 12:51:00,0.2250,0.2250,0.2240,0.2250,33600
2003-01-02 12:50:00,0.2250,0.2250,0.2240,0.2250,16800
2003-01-02 12:49:00,0.2250,0.2250,0.2250,0.2250,89600
2003-01-02 12:48:00,0.2250,0.2250,0.2250,0.2250,32368
2003-01-02 12:47:00,0.2250,0.2260,0.2250,0.2250,60368
2003-01-02 12:45:00,0.2250,0.2260,0.2250,0.2250,16800
2003-01-02 12:44:00,0.2250,0.2260,0.2250,0.2250,33600
2003-01-02 12:43:00,0.2250,0.2260,0.2250,0.2250,151200
2003-01-02 12:42:00,0.2250,0.2260,0.2240,0.2260,585480
2003-01-02 12:41:00,0.2250,0.2250,0.2240,0.2250,296800
2003-01-02 12:40:00,0.2250,0.2250,0.2250,0.2250,84000
2003-01-02 12:39:00,0.2250,0.2250,0.2250,0.2250,58856
2003-01-02 12:38:00,0.2250,0.2260,0.2250,0.2250,364392
2003-01-02 12:37:00,0.2250,0.2260,0.2250,0.2250,313600
2003-01-02 12:36:00,0.2250,0.2260,0.2250,0.2250,33600
2003-01-02 12:35:00,0.2250,0.2260,0.2250,0.2250,509600
2003-01-02 12:34:00,0.2250,0.2260,0.2250,0.2250,728336
2003-01-02 12:33:00,0.2250,0.2260,0.2250,0.2250,645232
2003-01-02 12:32:00,0.2250,0.2250,0.2250,0.2250,11200
2003-01-02 12:31:00,0.2250,0.2250,0.2250,0.2250,196000
2003-01-02 12:30:00,0.2250,0.2260,0.2250,0.2250,123200
2003-01-02 12:29:00,0.2250,0.2250,0.2240,0.2250,50400
2003-01-02 12:28:00,0.2250,0.2250,0.2240,0.2250,151200
2003-01-02 12:27:00,0.2250,0.2250,0.2240,0.2250,41776
2003-01-02 12:26:00,0.2250,0.2250,0.2250,0.2250,67200
2003-01-02 12:25:00,0.2250,0.2250,0.2250,0.2250,68320
2003-01-02 12:24:00,0.2250,0.2250,0.2250,0.2250,67200
2003-01-02 12:23:00,0.2250,0.2250,0.2250,0.2250,60312
2003-01-02 12:22:00,0.2250,0.2260,0.2250,0.2250,748272
2003-01-02 12:21:00,0.2250,0.2260,0.2250,0.2250,224000
2003-01-02 12:20:00,0.2250,0.2260,0.2250,0.2250,47880
2003-01-02 12:19:00,0.2260,0.2260,0.2250,0.2260,1997744
2003-01-02 12:18:00,0.2250,0.2260,0.2250,0.2260,1187200
2003-01-02 12:17:00,0.2250,0.2260,0.2250,0.2250,336000
2003-01-02 12:16:00,0.2250,0.2260,0.2250,0.2250,314216
2003-01-02 12:15:00,0.2250,0.2250,0.2250,0.2250,5600
2003-01-02 12:14:00,0.2250,0.2260,0.2250,0.2250,40656
2003-01-02 12:13:00,0.2250,0.2250,0.2250,0.2250,56000
2003-01-02 12:12:00,0.2250,0.2250,0.2250,0.2250,16800
2003-01-02 12:11:00,0.2250,0.2260,0.2250,0.2250,22400
2003-01-02 12:10:00,0.2250,0.2250,0.2250,0.2250,144760
2003-01-02 12:08:00,0.2250,0.2250,0.2250,0.2250,229600
2003-01-02 12:07:00,0.2250,0.2260,0.2250,0.2250,5600
2003-01-02 12:06:00,0.2250,0.2260,0.2240,0.2250,1489600
2003-01-02 12:05:00,0.2250,0.2250,0.2240,0.2240,492800
2003-01-02 12:04:00,0.2250,0.2260,0.2250,0.2250,392000
2003-01-02 12:03:00,0.2250,0.2260,0.2240,0.2250,548800
2003-01-02 12:02:00,0.2250,0.2250,0.2240,0.2250,11200
2003-01-02 12:01:00,0.2250,0.2250,0.2240,0.2250,649600
2003-01-02 12:00:00,0.2250,0.2250,0.2240,0.2250,84000
2003-01-02 11:59:00,0.2240,0.2250,0.2240,0.2250,1114400
2003-01-02 11:58:00,0.2240,0.2250,0.2240,0.2240,44800
2003-01-02 11:56:00,0.2240,0.2250,0.2240,0.2240,11200
2003-01-02 11:55:00,0.2240,0.2250,0.2240,0.2240,44800
2003-01-02 11:54:00,0.2240,0.2250,0.2240,0.2240,39200
2003-01-02 11:53:00,0.2240,0.2250,0.2240,0.2240,257600
2003-01-02 11:52:00,0.2240,0.2250,0.2240,0.2240,520800
2003-01-02 11:51:00,0.2240,0.2250,0.2240,0.2250,288400
2003-01-02 11:50:00,0.2240,0.2250,0.2240,0.2240,22400
2003-01-02 11:49:00,0.2250,0.2250,0.2240,0.2250,37184
2003-01-02 11:48:00,0.2250,0.2250,0.2240,0.2250,56000
2003-01-02 11:47:00,0.2240,0.2250,0.2240,0.2240,123200
2003-01-02 11:46:00,0.2240,0.2250,0.2240,0.2240,452928
2003-01-02 11:45:00,0.2240,0.2240,0.2230,0.2240,862400
2003-01-02 11:44:00,0.2240,0.2240,0.2230,0.2240,3505600
2003-01-02 11:43:00,0.2240,0.2240,0.2240,0.2240,672000
2003-01-02 11:42:00,0.2240,0.2250,0.2240,0.2240,33600
2003-01-02 11:41:00,0.2240,0.2250,0.2240,0.2240,296800
2003-01-02 11:40:00,0.2240,0.2240,0.2230,0.2240,464800
2003-01-02 11:39:00,0.2240,0.2240,0.2240,0.2240,56000
2003-01-02 11:38:00,0.2240,0.2240,0.2240,0.2240,11200
2003-01-02 11:37:00,0.2240,0.2250,0.2240,0.2240,380800
2003-01-02 11:36:00,0.2240,0.2250,0.2240,0.2240,229600
2003-01-02 11:35:00,0.2240,0.2250,0.2240,0.2240,246400
2003-01-02 11:34:00,0.2250,0.2250,0.2240,0.2240,196000
2003-01-02 11:33:00,0.2250,0.2250,0.2240,0.2240,82264
2003-01-02 11:32:00,0.2240,0.2250,0.2240,0.2240,16800
2003-01-02 11:31:00,0.2250,0.2250,0.2240,0.2240,5600
2003-01-02 11:30:00,0.2240,0.2250,0.2240,0.2240,306320
2003-01-02 11:29:00,0.2240,0.2250,0.2240,0.2240,28000
2003-01-02 11:28:00,0.2250,0.2250,0.2240,0.2240,112000
2003-01-02 11:27:00,0.2240,0.2250,0.2240,0.2250,571200
2003-01-02 11:26:00,0.2240,0.2250,0.2240,0.2240,235200
2003-01-02 11:25:00,0.2240,0.2250,0.2240,0.2240,33600
2003-01-02 11:24:00,0.2240,0.2250,0.2240,0.2240,156800
2003-01-02 11:23:00,0.2240,0.2250,0.2240,0.2240,178976
2003-01-02 11:22:00,0.2240,0.2250,0.2240,0.2240,346864
2003-01-02 11:21:00,0.2240,0.2250,0.2240,0.2240,196000
2003-01-02 11:20:00,0.2240,0.2250,0.2230,0.2240,246400
2003-01-02 11:18:00,0.2240,0.2240,0.2230,0.2240,39592
2003-01-02 11:17:00,0.2240,0.2240,0.2230,0.2240,42392
2003-01-02 11:16:00,0.2240,0.2240,0.2230,0.2240,95200
2003-01-02 11:15:00,0.2240,0.2240,0.2230,0.2240,61600
2003-01-02 11:14:00,0.2240,0.2240,0.2240,0.2240,95200
2003-01-02 11:13:00,0.2240,0.2240,0.2230,0.2240,72800
2003-01-02 11:12:00,0.2240,0.2240,0.2230,0.2240,511392
2003-01-02 11:11:00,0.2230,0.2240,0.2230,0.2240,61600
2003-01-02 11:10:00,0.2230,0.2240,0.2220,0.2230,136136
2003-01-02 11:09:00,0.2230,0.2240,0.2230,0.2230,744800
2003-01-02 11:08:00,0.2230,0.2240,0.2230,0.2240,263200
2003-01-02 11:07:00,0.2240,0.2240,0.2230,0.2230,431200
2003-01-02 11:06:00,0.2240,0.2240,0.2240,0.2240,39200
2003-01-02 11:05:00,0.2240,0.2240,0.2240,0.2240,336000
2003-01-02 11:04:00,0.2240,0.2250,0.2240,0.2240,128800
2003-01-02 11:03:00,0.2240,0.2250,0.2240,0.2240,386400
2003-01-02 11:02:00,0.2250,0.2250,0.2240,0.2240,95200
2003-01-02 11:01:00,0.2250,0.2250,0.2240,0.2250,361200
2003-01-02 11:00:00,0.2250,0.2250,0.2240,0.2250,414064
2003-01-02 10:59:00,0.2240,0.2250,0.2240,0.2240,397600
2003-01-02 10:58:00,0.2240,0.2250,0.2240,0.2240,22400
2003-01-02 10:57:00,0.2240,0.2250,0.2240,0.2240,166992
2003-01-02 10:56:00,0.2240,0.2250,0.2240,0.2240,772464
2003-01-02 10:55:00,0.2240,0.2240,0.2240,0.2240,476000
2003-01-02 10:54:00,0.2240,0.2250,0.2240,0.2240,133392
2003-01-02 10:53:00,0.2250,0.2250,0.2240,0.2240,39200
2003-01-02 10:52:00,0.2250,0.2250,0.2240,0.2240,626808
2003-01-02 10:51:00,0.2250,0.2250,0.2240,0.2250,280000
2003-01-02 10:50:00,0.2250,0.2250,0.2240,0.2250,509600
2003-01-02 10:49:00,0.2240,0.2250,0.2230,0.2250,324800
2003-01-02 10:48:00,0.2240,0.2240,0.2230,0.2240,420000
2003-01-02 10:47:00,0.2240,0.2250,0.2230,0.2240,442400
2003-01-02 10:46:00,0.2250,0.2250,0.2240,0.2240,330400
2003-01-02 10:45:00,0.2250,0.2250,0.2240,0.2250,109200
2003-01-02 10:44:00,0.2240,0.2250,0.2240,0.2250,501200
2003-01-02 10:43:00,0.2240,0.2240,0.2230,0.2240,565824
2003-01-02 10:42:00,0.2240,0.2240,0.2230,0.2240,360360
2003-01-02 10:41:00,0.2240,0.2240,0.2230,0.2240,453600
2003-01-02 10:40:00,0.2240,0.2240,0.2230,0.2240,347200
2003-01-02 10:39:00,0.2240,0.2250,0.2230,0.2240,173600
2003-01-02 10:38:00,0.2240,0.2240,0.2230,0.2240,1138592
2003-01-02 10:37:00,0.2240,0.2240,0.2230,0.2240,274400
2003-01-02 10:36:00,0.2240,0.2240,0.2230,0.2240,106400
2003-01-02 10:35:00,0.2240,0.2250,0.2240,0.2240,647472
2003-01-02 10:34:00,0.2240,0.2250,0.2240,0.2240,476000
2003-01-02 10:33:00,0.2250,0.2250,0.2240,0.2240,580496
2003-01-02 10:32:00,0.2250,0.2250,0.2240,0.2250,1288000
2003-01-02 10:31:00,0.2240,0.2250,0.2240,0.2250,1610560
2003-01-02 10:30:00,0.2240,0.2250,0.2240,0.2240,3073616
2003-01-02 10:29:00,0.2240,0.2250,0.2230,0.2240,1837976
2003-01-02 10:28:00,0.2230,0.2250,0.2230,0.2240,1135624
2003-01-02 10:27:00,0.2230,0.2240,0.2230,0.2240,487200
2003-01-02 10:26:00,0.2230,0.2240,0.2220,0.2230,520800
2003-01-02 10:25:00,0.2230,0.2240,0.2220,0.2230,324800
2003-01-02 10:24:00,0.2230,0.2230,0.2220,0.2230,311752
2003-01-02 10:23:00,0.2240,0.2240,0.2220,0.2230,644000
2003-01-02 10:22:00,0.2240,0.2240,0.2230,0.2240,960456
2003-01-02 10:21:00,0.2230,0.2240,0.2220,0.2240,511448
2003-01-02 10:20:00,0.2220,0.2230,0.2220,0.2220,201600
2003-01-02 10:19:00,0.2230,0.2230,0.2220,0.2230,324800
2003-01-02 10:18:00,0.2230,0.2230,0.2220,0.2230,319200
2003-01-02 10:17:00,0.2230,0.2230,0.2220,0.2220,341600
2003-01-02 10:16:00,0.2230,0.2230,0.2220,0.2220,431200
2003-01-02 10:15:00,0.2230,0.2230,0.2220,0.2230,492800
2003-01-02 10:14:00,0.2230,0.2230,0.2220,0.2230,924000
2003-01-02 10:13:00,0.2230,0.2230,0.2220,0.2230,498008
2003-01-02 10:12:00,0.2230,0.2240,0.2220,0.2230,523600
2003-01-02 10:11:00,0.2240,0.2240,0.2230,0.2240,386400
2003-01-02 10:10:00,0.2230,0.2240,0.2230,0.2240,1377656
2003-01-02 10:09:00,0.2220,0.2230,0.2220,0.2230,464800
2003-01-02 10:08:00,0.2220,0.2230,0.2210,0.2220,310632
2003-01-02 10:07:00,0.2210,0.2220,0.2210,0.2220,789600
2003-01-02 10:06:00,0.2220,0.2220,0.2210,0.2210,957376
2003-01-02 10:05:00,0.2220,0.2230,0.2210,0.2220,761600
2003-01-02 10:04:00,0.2220,0.2230,0.2220,0.2220,386400
2003-01-02 10:03:00,0.2220,0.2230,0.2220,0.2220,1097600
2003-01-02 10:02:00,0.2210,0.2230,0.2210,0.2220,980000
2003-01-02 10:01:00,0.2200,0.2220,0.2200,0.2210,1944880
2003-01-02 10:00:00,0.2190,0.2210,0.2190,0.2200,919016
2003-01-02 09:59:00,0.2180,0.2190,0.2170,0.2190,319200
2003-01-02 09:58:00,0.2190,0.2200,0.2190,0.2190,184800
2003-01-02 09:57:00,0.2190,0.2200,0.2190,0.2190,425600
2003-01-02 09:56:00,0.2190,0.2190,0.2180,0.2190,84896
2003-01-02 09:55:00,0.2180,0.2190,0.2180,0.2190,173600
2003-01-02 09:54:00,0.2180,0.2190,0.2180,0.2180,476000
2003-01-02 09:53:00,0.2180,0.2190,0.2180,0.2190,240968
2003-01-02 09:52:00,0.2180,0.2190,0.2170,0.2180,504000
2003-01-02 09:51:00,0.2180,0.2190,0.2170,0.2180,1581104
2003-01-02 09:50:00,0.2180,0.2190,0.2170,0.2180,658616
2003-01-02 09:49:00,0.2190,0.2190,0.2180,0.2180,476000
2003-01-02 09:48:00,0.2190,0.2190,0.2190,0.2190,1237600
2003-01-02 09:47:00,0.2190,0.2200,0.2190,0.2190,946400
2003-01-02 09:46:00,0.2200,0.2200,0.2190,0.2190,184240
2003-01-02 09:45:00,0.2200,0.2200,0.2190,0.2190,1226400
2003-01-02 09:44:00,0.2200,0.2200,0.2190,0.2200,7968800
2003-01-02 09:43:00,0.2200,0.2200,0.2190,0.2200,587104
2003-01-02 09:42:00,0.2200,0.2200,0.2190,0.2200,1652000
2003-01-02 09:41:00,0.2200,0.2200,0.2190,0.2200,593600
2003-01-02 09:40:00,0.2200,0.2200,0.2190,0.2200,1590400
2003-01-02 09:39:00,0.2200,0.2200,0.2190,0.2200,750400
2003-01-02 09:38:00,0.2200,0.2200,0.2190,0.2200,2503592
2003-01-02 09:37:00,0.2200,0.2200,0.2190,0.2200,1400000
2003-01-02 09:36:00,0.2200,0.2200,0.2190,0.2200,365848
2003-01-02 09:35:00,0.2200,0.2200,0.2190,0.2200,313600
2003-01-02 09:34:00,0.2200,0.2200,0.2190,0.2200,955360
2003-01-02 09:33:00,0.2210,0.2210,0.2190,0.2200,306600
2003-01-02 09:32:00,0.2200,0.2210,0.2190,0.2210,817712
2003-01-02 09:31:00,0.2200,0.2200,0.2190,0.2200,761600
2003-01-02 09:30:00,0.2180,0.2200,0.2170,0.2200,2252656
2003-01-02 09:29:00,0.2180,0.2180,0.2180,0.2180,78400
2003-01-02 09:28:00,0.2180,0.2180,0.2180,0.2180,11200
2003-01-02 09:26:00,0.2180,0.2180,0.2170,0.2180,5600
2003-01-02 09:18:00,0.2180,0.2180,0.2170,0.2180,50400
2003-01-02 09:17:00,0.2180,0.2180,0.2170,0.2180,64400
