timestamp,open,high,low,close,volume
2007-12-31 19:59:00,6.0180,6.0250,6.0060,6.0170,50400
2007-12-31 19:58:00,6.0190,6.0250,6.0060,6.0170,25060
2007-12-31 19:57:00,6.0190,6.0250,6.0070,6.0170,12600
2007-12-31 19:54:00,6.0190,6.0250,6.0040,6.0140,12600
2007-12-31 19:53:00,6.0180,6.0240,6.0040,6.0140,16800
2007-12-31 19:38:00,6.0190,6.0250,6.0070,6.0170,5460
2007-12-31 19:37:00,6.0190,6.0250,6.0070,6.0170,14000
2007-12-31 19:33:00,6.0190,6.0250,6.0070,6.0170,22540
2007-12-31 19:31:00,6.0200,6.0260,6.0090,6.0180,2800
2007-12-31 19:28:00,6.0200,6.0260,6.0090,6.0180,7000
2007-12-31 19:22:00,6.0190,6.0250,6.0080,6.0170,70000
2007-12-31 19:16:00,6.0200,6.0260,6.0080,6.0180,11200
2007-12-31 19:09:00,6.0190,6.0250,6.0080,6.0170,5600
2007-12-31 18:58:00,6.0190,6.0260,6.0080,6.0170,2800
2007-12-31 18:54:00,6.0190,6.0250,6.0070,6.0170,30800
2007-12-31 18:42:00,6.0180,6.0240,6.0000,6.0090,25088
2007-12-31 18:32:00,6.0160,6.0220,6.0040,6.0140,22400
2007-12-31 18:23:00,6.0160,6.0220,6.0040,6.0140,10500
2007-12-31 18:20:00,6.0060,6.0160,5.9950,6.0080,1513400
2007-12-31 18:16:00,6.0080,6.0140,5.9960,6.0050,14000
2007-12-31 18:14:00,6.0100,6.0160,5.9980,6.0080,5824
2007-12-31 18:13:00,6.0100,6.0160,5.9980,6.0080,2800
2007-12-31 18:12:00,6.0110,6.0170,5.9980,6.0080,39228
2007-12-31 18:11:00,6.0120,6.0190,6.0010,6.0100,7280
2007-12-31 18:10:00,6.0120,6.0190,6.0010,6.0100,8400
2007-12-31 18:09:00,6.0130,6.0190,6.0010,6.0100,42000
2007-12-31 18:07:00,6.0140,6.0200,6.0020,6.0110,5600
2007-12-31 18:06:00,6.0200,6.0260,6.0030,6.0120,72940
2007-12-31 18:05:00,6.0190,6.0250,6.0070,6.0170,18200
2007-12-31 18:03:00,6.0650,6.0710,6.0040,6.0130,168000
2007-12-31 18:00:00,6.0190,6.0250,6.0070,6.0170,4200
2007-12-31 17:58:00,6.0140,6.0200,6.0030,6.0120,8764
2007-12-31 17:57:00,6.0160,6.0220,6.0040,6.0140,12600
2007-12-31 17:54:00,6.0190,6.0250,6.0070,6.0170,3640
2007-12-31 17:52:00,6.0180,6.0240,6.0050,6.0140,11200
2007-12-31 17:48:00,6.0200,6.0260,6.0090,6.0180,6300
2007-12-31 17:47:00,6.0200,6.0260,6.0090,6.0180,2800
2007-12-31 17:46:00,6.0200,6.0260,6.0090,6.0180,2800
2007-12-31 17:44:00,6.0200,6.0260,6.0080,6.0180,8400
2007-12-31 17:36:00,6.0190,6.0250,6.0070,6.0160,5600
2007-12-31 17:31:00,6.0190,6.0250,6.0070,6.0160,5600
2007-12-31 17:27:00,6.0190,6.0260,6.0080,6.0180,22400
2007-12-31 17:23:00,6.0140,6.0200,6.0020,6.0110,27160
2007-12-31 17:22:00,6.0160,6.0220,6.0010,6.0110,21196
2007-12-31 17:21:00,6.0190,6.0260,6.0080,6.0170,2800
2007-12-31 17:20:00,6.0190,6.0250,6.0070,6.0170,5600
2007-12-31 17:19:00,6.0190,6.0250,6.0080,6.0170,2800
2007-12-31 17:18:00,6.0210,6.0270,6.0090,6.0190,5852
2007-12-31 17:16:00,6.0210,6.0270,6.0090,6.0190,28000
2007-12-31 17:14:00,6.0200,6.0270,6.0090,6.0180,5600
2007-12-31 17:12:00,6.0210,6.0270,6.0090,6.0180,8148
2007-12-31 17:11:00,6.0210,6.0270,6.0090,6.0180,5852
2007-12-31 17:08:00,6.0170,6.0270,6.0060,6.0190,287140
2007-12-31 17:07:00,6.0140,6.0210,6.0030,6.0120,5012
2007-12-31 17:06:00,6.0160,6.0220,6.0040,6.0140,5600
2007-12-31 17:05:00,6.0160,6.0220,6.0040,6.0140,22400
2007-12-31 16:56:00,6.0150,6.0260,6.0040,6.0150,18200
2007-12-31 16:48:00,6.0160,6.0240,6.0040,6.0160,84420
2007-12-31 16:47:00,6.0130,6.0190,6.0010,6.0110,24136
2007-12-31 16:46:00,6.0150,6.0210,6.0030,6.0120,2800
2007-12-31 16:45:00,6.0160,6.0220,6.0040,6.0140,8400
2007-12-31 16:44:00,6.0160,6.0220,6.0040,6.0140,3360
2007-12-31 16:43:00,6.0160,6.0220,6.0040,6.0140,25200
2007-12-31 16:41:00,6.0160,6.0250,6.0030,6.0120,50400
2007-12-31 16:40:00,6.0160,6.0220,6.0040,6.0140,5600
2007-12-31 16:39:00,6.0160,6.0230,5.9950,6.0040,6832
2007-12-31 16:38:00,6.0060,6.0120,5.9950,6.0040,96124
2007-12-31 16:37:00,6.0140,6.0250,6.0030,6.0170,115528
2007-12-31 16:36:00,6.0140,6.0200,6.0030,6.0120,12908
2007-12-31 16:32:00,6.0110,6.0170,6.0000,6.0090,2800
2007-12-31 16:31:00,6.0190,6.0250,5.9950,6.0080,89768
2007-12-31 16:30:00,6.0080,6.0250,5.9950,6.0170,300832
2007-12-31 16:29:00,6.0100,6.0160,5.9980,6.0080,28000
2007-12-31 16:27:00,6.0100,6.0160,5.9980,6.0080,11200
2007-12-31 16:26:00,6.0060,6.0190,5.9940,6.0110,17528
2007-12-31 16:25:00,6.0150,6.0210,6.0010,6.0110,43456
2007-12-31 16:24:00,6.0180,6.0240,6.0060,6.0150,27468
2007-12-31 16:23:00,6.0410,6.0470,6.0300,6.0390,114800
2007-12-31 16:22:00,6.0190,6.0250,6.0070,6.0170,5600
2007-12-31 16:21:00,6.0170,6.0250,6.0060,6.0170,19600
2007-12-31 16:20:00,6.0190,6.0250,6.0070,6.0170,5600
2007-12-31 16:19:00,6.0160,6.0250,5.9950,6.0170,243208
2007-12-31 16:18:00,6.0170,6.0230,6.0040,6.0140,39144
2007-12-31 16:17:00,6.0060,6.0480,5.9950,6.0140,649124
2007-12-31 16:16:00,6.0370,6.0430,6.0250,6.0350,11200
2007-12-31 16:15:00,6.0170,6.0250,5.9950,6.0040,350000
2007-12-31 16:14:00,6.0060,6.0120,5.9950,6.0040,63168
2007-12-31 16:13:00,6.0150,6.0230,5.9950,6.0150,481376
2007-12-31 16:12:00,6.0420,6.0480,6.0300,6.0400,62692
2007-12-31 16:11:00,6.0410,6.0470,6.0300,6.0390,21700
2007-12-31 16:10:00,6.0120,6.0180,5.9950,6.0040,208600
2007-12-31 16:08:00,6.0160,6.0250,5.9940,6.0170,184436
2007-12-31 16:07:00,6.0150,6.0230,6.0040,6.0150,103600
2007-12-31 16:06:00,6.0060,6.0220,5.9920,6.0140,1571528
2007-12-31 16:05:00,6.0130,6.0210,5.9950,6.0040,364952
2007-12-31 16:04:00,6.0080,6.0190,5.9940,6.0110,173600
2007-12-31 16:03:00,6.0050,6.0130,5.9920,6.0040,456876
2007-12-31 16:02:00,6.0460,6.0520,5.9920,6.0040,747600
2007-12-31 16:01:00,6.0040,6.0520,5.9910,6.0010,1203216
2007-12-31 16:00:00,6.0040,6.0130,5.9920,6.0010,11852932
2007-12-31 15:59:00,6.0050,6.0160,5.9900,6.0040,6854988
2007-12-31 15:58:00,6.0080,6.0160,5.9910,6.0020,4980388
2007-12-31 15:57:00,6.0080,6.0190,5.9910,6.0060,5066292
2007-12-31 15:56:00,6.0140,6.0210,5.9870,6.0050,3631852
2007-12-31 15:55:00,6.0090,6.0260,5.9950,6.0130,3856580
2007-12-31 15:54:00,6.0070,6.0170,5.9850,6.0080,6851264
2007-12-31 15:53:00,6.0150,6.0340,5.9940,6.0050,4989348
2007-12-31 15:52:00,6.0100,6.0230,5.9970,6.0120,2995160
2007-12-31 15:51:00,6.0220,6.0290,5.9970,6.0080,4200392
2007-12-31 15:50:00,6.0240,6.0310,6.0080,6.0200,2924796
2007-12-31 15:49:00,6.0240,6.0370,6.0110,6.0220,2857596
2007-12-31 15:48:00,6.0320,6.0390,6.0090,6.0220,4946228
2007-12-31 15:47:00,6.0340,6.0400,6.0190,6.0290,2508968
2007-12-31 15:46:00,6.0370,6.0430,6.0210,6.0320,2737252
2007-12-31 15:45:00,6.0390,6.0480,6.0240,6.0350,3258724
2007-12-31 15:44:00,6.0410,6.0490,6.0250,6.0360,2356088
2007-12-31 15:43:00,6.0400,6.0500,6.0280,6.0380,1347976
2007-12-31 15:42:00,6.0460,6.0520,6.0250,6.0370,1728776
2007-12-31 15:41:00,6.0390,6.0520,6.0270,6.0430,1283632
2007-12-31 15:40:00,6.0390,6.0480,6.0250,6.0380,2574544
2007-12-31 15:39:00,6.0410,6.0470,6.0260,6.0360,1909740
2007-12-31 15:38:00,6.0420,6.0490,6.0270,6.0380,1958684
2007-12-31 15:37:00,6.0490,6.0560,6.0310,6.0400,2200072
2007-12-31 15:36:00,6.0490,6.0560,6.0370,6.0480,1099056
2007-12-31 15:35:00,6.0520,6.0580,6.0370,6.0470,1699712
2007-12-31 15:34:00,6.0540,6.0600,6.0370,6.0500,2081408
2007-12-31 15:33:00,6.0530,6.0630,6.0410,6.0510,1631280
2007-12-31 15:32:00,6.0610,6.0700,6.0420,6.0520,1772848
2007-12-31 15:31:00,6.0570,6.0670,6.0440,6.0580,1056608
2007-12-31 15:30:00,6.0590,6.0660,6.0440,6.0550,1048964
2007-12-31 15:29:00,6.0590,6.0670,6.0460,6.0570,1251460
2007-12-31 15:28:00,6.0640,6.0700,6.0440,6.0560,1528156
2007-12-31 15:27:00,6.0640,6.0720,6.0520,6.0620,535248
2007-12-31 15:26:00,6.0650,6.0710,6.0510,6.0620,568036
2007-12-31 15:25:00,6.0650,6.0720,6.0520,6.0630,1044792
2007-12-31 15:24:00,6.0660,6.0730,6.0490,6.0620,1475880
2007-12-31 15:23:00,6.0670,6.0730,6.0530,6.0630,1121876
2007-12-31 15:22:00,6.0690,6.0750,6.0530,6.0640,2081856
2007-12-31 15:21:00,6.0730,6.0790,6.0560,6.0660,1490440
2007-12-31 15:20:00,6.0670,6.0790,6.0560,6.0700,1714776
2007-12-31 15:19:00,6.0650,6.0740,6.0520,6.0650,2395820
2007-12-31 15:18:00,6.0640,6.0720,6.0510,6.0630,1784552
2007-12-31 15:17:00,6.0610,6.0700,6.0500,6.0620,1568028
2007-12-31 15:16:00,6.0620,6.0690,6.0470,6.0590,1649620
2007-12-31 15:15:00,6.0610,6.0700,6.0490,6.0600,1658132
2007-12-31 15:14:00,6.0570,6.0680,6.0440,6.0590,1986684
2007-12-31 15:13:00,6.0550,6.0630,6.0420,6.0550,907872
2007-12-31 15:12:00,6.0560,6.0630,6.0410,6.0530,622720
2007-12-31 15:11:00,6.0530,6.0630,6.0410,6.0550,1558788
2007-12-31 15:10:00,6.0520,6.0610,6.0380,6.0510,984536
2007-12-31 15:09:00,6.0510,6.0580,6.0380,6.0490,529144
2007-12-31 15:08:00,6.0510,6.0580,6.0380,6.0480,1233484
2007-12-31 15:07:00,6.0490,6.0570,6.0380,6.0490,516040
2007-12-31 15:06:00,6.0470,6.0560,6.0350,6.0470,440020
2007-12-31 15:05:00,6.0490,6.0560,6.0340,6.0450,975660
2007-12-31 15:04:00,6.0500,6.0570,6.0350,6.0470,1087548
2007-12-31 15:03:00,6.0510,6.0580,6.0380,6.0480,885080
2007-12-31 15:02:00,6.0530,6.0630,6.0370,6.0490,1513708
2007-12-31 15:01:00,6.0480,6.0620,6.0370,6.0520,3085964
2007-12-31 15:00:00,6.0490,6.0560,6.0360,6.0460,614936
2007-12-31 14:59:00,6.0480,6.0560,6.0340,6.0470,836052
2007-12-31 14:58:00,6.0490,6.0560,6.0350,6.0450,763056
2007-12-31 14:57:00,6.0500,6.0570,6.0370,6.0470,952812
2007-12-31 14:56:00,6.0500,6.0580,6.0360,6.0470,967064
2007-12-31 14:55:00,6.0490,6.0580,6.0360,6.0480,989016
2007-12-31 14:54:00,6.0480,6.0590,6.0340,6.0460,1346996
2007-12-31 14:53:00,6.0430,6.0550,6.0310,6.0450,1278956
2007-12-31 14:52:00,6.0410,6.0490,6.0280,6.0400,450940
2007-12-31 14:51:00,6.0390,6.0480,6.0280,6.0390,904372
2007-12-31 14:50:00,6.0390,6.0460,6.0250,6.0370,748692
2007-12-31 14:49:00,6.0390,6.0460,6.0260,6.0360,429520
2007-12-31 14:48:00,6.0390,6.0470,6.0260,6.0360,639520
2007-12-31 14:47:00,6.0380,6.0470,6.0240,6.0370,896000
2007-12-31 14:46:00,6.0410,6.0480,6.0230,6.0360,1384684
2007-12-31 14:45:00,6.0360,6.0480,6.0240,6.0390,1121540
2007-12-31 14:44:00,6.0360,6.0430,6.0240,6.0340,408632
2007-12-31 14:43:00,6.0360,6.0430,6.0220,6.0340,465612
2007-12-31 14:42:00,6.0390,6.0450,6.0210,6.0340,1166200
2007-12-31 14:41:00,6.0390,6.0460,6.0260,6.0360,754012
2007-12-31 14:40:00,6.0390,6.0480,6.0260,6.0360,823816
2007-12-31 14:39:00,6.0410,6.0470,6.0270,6.0370,636664
2007-12-31 14:38:00,6.0350,6.0470,6.0240,6.0380,989548
2007-12-31 14:37:00,6.0340,6.0450,6.0220,6.0330,1107540
2007-12-31 14:36:00,6.0320,6.0400,6.0210,6.0320,660436
2007-12-31 14:35:00,6.0330,6.0400,6.0200,6.0300,1382696
2007-12-31 14:34:00,6.0340,6.0400,6.0210,6.0310,1639260
2007-12-31 14:33:00,6.0340,6.0430,6.0210,6.0310,1142036
2007-12-31 14:32:00,6.0340,6.0430,6.0220,6.0310,1041572
2007-12-31 14:31:00,6.0370,6.0430,6.0220,6.0320,826588
2007-12-31 14:30:00,6.0320,6.0450,6.0210,6.0340,1389220
2007-12-31 14:29:00,6.0370,6.0440,6.0160,6.0300,3333120
2007-12-31 14:28:00,6.0410,6.0480,6.0250,6.0350,827148
2007-12-31 14:27:00,6.0420,6.0490,6.0280,6.0380,535752
2007-12-31 14:26:00,6.0430,6.0520,6.0270,6.0390,1081136
2007-12-31 14:25:00,6.0440,6.0500,6.0260,6.0400,879564
2007-12-31 14:24:00,6.0420,6.0540,6.0300,6.0420,554820
2007-12-31 14:23:00,6.0460,6.0540,6.0270,6.0400,1771924
2007-12-31 14:22:00,6.0500,6.0560,6.0330,6.0440,673232
2007-12-31 14:21:00,6.0520,6.0590,6.0380,6.0480,1050784
2007-12-31 14:20:00,6.0480,6.0610,6.0360,6.0500,1072932
2007-12-31 14:19:00,6.0440,6.0570,6.0320,6.0450,1775704
2007-12-31 14:18:00,6.0410,6.0510,6.0280,6.0420,561232
2007-12-31 14:17:00,6.0410,6.0480,6.0250,6.0390,900536
2007-12-31 14:16:00,6.0420,6.0490,6.0290,6.0390,379596
2007-12-31 14:15:00,6.0430,6.0500,6.0300,6.0410,350168
2007-12-31 14:14:00,6.0440,6.0520,6.0310,6.0400,485520
2007-12-31 14:13:00,6.0430,6.0530,6.0310,6.0420,697732
2007-12-31 14:12:00,6.0410,6.0500,6.0290,6.0390,604492
2007-12-31 14:11:00,6.0390,6.0470,6.0270,6.0380,395752
2007-12-31 14:10:00,6.0390,6.0500,6.0270,6.0370,829108
2007-12-31 14:09:00,6.0380,6.0460,6.0260,6.0370,716296
2007-12-31 14:08:00,6.0410,6.0470,6.0260,6.0360,577752
2007-12-31 14:07:00,6.0420,6.0510,6.0270,6.0380,1143716
2007-12-31 14:06:00,6.0430,6.0500,6.0300,6.0390,319564
2007-12-31 14:05:00,6.0430,6.0500,6.0310,6.0400,362124
2007-12-31 14:04:00,6.0450,6.0520,6.0310,6.0410,628544
2007-12-31 14:03:00,6.0450,6.0520,6.0320,6.0420,677292
2007-12-31 14:02:00,6.0440,6.0510,6.0310,6.0430,442092
2007-12-31 14:01:00,6.0430,6.0500,6.0300,6.0410,452172
2007-12-31 14:00:00,6.0440,6.0510,6.0290,6.0410,824852
2007-12-31 13:59:00,6.0470,6.0530,6.0310,6.0420,815892
2007-12-31 13:58:00,6.0460,6.0540,6.0340,6.0450,513884
2007-12-31 13:57:00,6.0440,6.0530,6.0320,6.0430,616280
2007-12-31 13:56:00,6.0490,6.0550,6.0310,6.0410,687512
2007-12-31 13:55:00,6.0470,6.0570,6.0340,6.0470,451864
2007-12-31 13:54:00,6.0460,6.0530,6.0330,6.0440,447720
2007-12-31 13:53:00,6.0500,6.0560,6.0320,6.0440,1059492
2007-12-31 13:52:00,6.0500,6.0580,6.0380,6.0480,450576
2007-12-31 13:51:00,6.0540,6.0610,6.0380,6.0480,459788
2007-12-31 13:50:00,6.0530,6.0600,6.0410,6.0520,150640
2007-12-31 13:49:00,6.0540,6.0620,6.0410,6.0510,447020
2007-12-31 13:48:00,6.0560,6.0620,6.0420,6.0510,331240
2007-12-31 13:47:00,6.0540,6.0630,6.0420,6.0540,760060
2007-12-31 13:46:00,6.0520,6.0620,6.0400,6.0520,806120
2007-12-31 13:45:00,6.0490,6.0580,6.0340,6.0500,635180
2007-12-31 13:44:00,6.0470,6.0580,6.0310,6.0470,1183196
2007-12-31 13:43:00,6.0480,6.0540,6.0350,6.0440,292712
2007-12-31 13:42:00,6.0490,6.0560,6.0360,6.0460,253708
2007-12-31 13:41:00,6.0490,6.0560,6.0350,6.0470,942564
2007-12-31 13:40:00,6.0520,6.0580,6.0380,6.0480,287784
2007-12-31 13:39:00,6.0530,6.0600,6.0390,6.0490,369880
2007-12-31 13:38:00,6.0500,6.0600,6.0380,6.0510,336532
2007-12-31 13:37:00,6.0520,6.0580,6.0380,6.0480,278768
2007-12-31 13:36:00,6.0490,6.0580,6.0360,6.0490,274064
2007-12-31 13:35:00,6.0500,6.0560,6.0370,6.0460,611408
2007-12-31 13:34:00,6.0530,6.0590,6.0380,6.0480,777448
2007-12-31 13:33:00,6.0540,6.0610,6.0410,6.0500,251776
2007-12-31 13:32:00,6.0540,6.0610,6.0410,6.0520,155344
2007-12-31 13:31:00,6.0550,6.0610,6.0410,6.0520,374360
2007-12-31 13:30:00,6.0520,6.0610,6.0400,6.0520,750708
2007-12-31 13:29:00,6.0560,6.0620,6.0390,6.0500,676424
2007-12-31 13:28:00,6.0560,6.0650,6.0430,6.0530,640360
2007-12-31 13:27:00,6.0550,6.0650,6.0420,6.0540,659036
2007-12-31 13:26:00,6.0580,6.0650,6.0430,6.0530,652624
2007-12-31 13:25:00,6.0610,6.0690,6.0460,6.0560,1020572
2007-12-31 13:24:00,6.0510,6.0690,6.0390,6.0580,1496628
2007-12-31 13:23:00,6.0490,6.0580,6.0380,6.0500,640612
2007-12-31 13:22:00,6.0520,6.0590,6.0340,6.0480,743008
2007-12-31 13:21:00,6.0540,6.0610,6.0390,6.0480,776804
2007-12-31 13:20:00,6.0530,6.0610,6.0410,6.0510,654360
2007-12-31 13:19:00,6.0540,6.0600,6.0380,6.0510,772156
2007-12-31 13:18:00,6.0490,6.0600,6.0350,6.0510,1099308
2007-12-31 13:17:00,6.0440,6.0560,6.0310,6.0470,983584
2007-12-31 13:16:00,6.0450,6.0520,6.0300,6.0430,1523508
2007-12-31 13:15:00,6.0450,6.0540,6.0310,6.0430,1042132
2007-12-31 13:14:00,6.0460,6.0520,6.0310,6.0430,501900
2007-12-31 13:13:00,6.0470,6.0550,6.0340,6.0430,526568
2007-12-31 13:12:00,6.0490,6.0560,6.0340,6.0450,729932
2007-12-31 13:11:00,6.0500,6.0580,6.0370,6.0460,1315188
2007-12-31 13:10:00,6.0470,6.0560,6.0340,6.0470,1230936
2007-12-31 13:09:00,6.0460,6.0530,6.0320,6.0450,772464
2007-12-31 13:08:00,6.0420,6.0550,6.0300,6.0450,1056160
2007-12-31 13:07:00,6.0460,6.0520,6.0310,6.0400,500640
2007-12-31 13:06:00,6.0470,6.0530,6.0310,6.0430,578200
2007-12-31 13:05:00,6.0480,6.0540,6.0340,6.0440,240800
2007-12-31 13:04:00,6.0450,6.0550,6.0310,6.0450,782964
2007-12-31 13:03:00,6.0440,6.0520,6.0320,6.0430,189700
2007-12-31 13:02:00,6.0430,6.0510,6.0310,6.0430,256088
2007-12-31 13:01:00,6.0440,6.0500,6.0310,6.0410,158956
2007-12-31 13:00:00,6.0450,6.0510,6.0310,6.0430,376180
2007-12-31 12:59:00,6.0420,6.0530,6.0310,6.0430,456260
2007-12-31 12:58:00,6.0410,6.0500,6.0270,6.0400,930580
2007-12-31 12:57:00,6.0440,6.0500,6.0290,6.0390,621348
2007-12-31 12:56:00,6.0450,6.0520,6.0310,6.0420,251496
2007-12-31 12:55:00,6.0440,6.0530,6.0320,6.0420,596344
2007-12-31 12:54:00,6.0420,6.0510,6.0300,6.0410,633836
2007-12-31 12:53:00,6.0420,6.0500,6.0280,6.0420,393400
2007-12-31 12:52:00,6.0430,6.0500,6.0300,6.0400,359016
2007-12-31 12:51:00,6.0430,6.0500,6.0300,6.0420,515592
2007-12-31 12:50:00,6.0430,6.0510,6.0260,6.0410,1294300
2007-12-31 12:49:00,6.0430,6.0550,6.0310,6.0410,711648
2007-12-31 12:48:00,6.0490,6.0550,6.0270,6.0430,1713992
2007-12-31 12:47:00,6.0490,6.0580,6.0360,6.0470,3024560
2007-12-31 12:46:00,6.0470,6.0580,6.0350,6.0470,1188964
2007-12-31 12:45:00,6.0460,6.0550,6.0320,6.0450,938644
2007-12-31 12:44:00,6.0440,6.0540,6.0300,6.0440,1085056
2007-12-31 12:43:00,6.0420,6.0520,6.0300,6.0400,722344
2007-12-31 12:42:00,6.0390,6.0490,6.0260,6.0410,797440
2007-12-31 12:41:00,6.0390,6.0460,6.0250,6.0360,428400
2007-12-31 12:40:00,6.0390,6.0460,6.0240,6.0370,486500
2007-12-31 12:39:00,6.0380,6.0480,6.0250,6.0360,535388
2007-12-31 12:38:00,6.0420,6.0500,6.0260,6.0350,824880
2007-12-31 12:37:00,6.0320,6.0500,6.0200,6.0380,1159676
2007-12-31 12:36:00,6.0370,6.0430,6.0190,6.0300,2030560
2007-12-31 12:35:00,6.0350,6.0470,6.0230,6.0340,1321964
2007-12-31 12:34:00,6.0400,6.0490,6.0200,6.0330,1511412
2007-12-31 12:33:00,6.0410,6.0530,6.0280,6.0380,1653876
2007-12-31 12:32:00,6.0390,6.0500,6.0260,6.0390,2200968
2007-12-31 12:31:00,6.0340,6.0460,6.0210,6.0370,2200072
2007-12-31 12:30:00,6.0370,6.0450,6.0160,6.0320,3355856
2007-12-31 12:29:00,6.0470,6.0530,6.0200,6.0350,3832696
2007-12-31 12:28:00,6.0480,6.0540,6.0340,6.0440,1786428
2007-12-31 12:27:00,6.0540,6.0600,6.0350,6.0460,1954176
2007-12-31 12:26:00,6.0580,6.0660,6.0380,6.0510,1740004
2007-12-31 12:25:00,6.0590,6.0660,6.0440,6.0550,1413832
2007-12-31 12:24:00,6.0650,6.0720,6.0470,6.0570,1065120
2007-12-31 12:23:00,6.0650,6.0730,6.0520,6.0630,356524
2007-12-31 12:22:00,6.0670,6.0740,6.0530,6.0630,326620
2007-12-31 12:21:00,6.0660,6.0750,6.0540,6.0650,787192
2007-12-31 12:20:00,6.0620,6.0730,6.0470,6.0650,904988
2007-12-31 12:19:00,6.0630,6.0700,6.0500,6.0590,454244
2007-12-31 12:18:00,6.0630,6.0710,6.0510,6.0610,393344
2007-12-31 12:17:00,6.0690,6.0750,6.0510,6.0610,1362424
2007-12-31 12:16:00,6.0700,6.0770,6.0560,6.0670,519820
2007-12-31 12:15:00,6.0700,6.0770,6.0550,6.0680,602280
2007-12-31 12:14:00,6.0670,6.0770,6.0550,6.0680,726544
2007-12-31 12:13:00,6.0660,6.0740,6.0540,6.0650,1417836
2007-12-31 12:12:00,6.0640,6.0720,6.0510,6.0640,875672
2007-12-31 12:11:00,6.0630,6.0700,6.0510,6.0610,294868
2007-12-31 12:10:00,6.0640,6.0700,6.0510,6.0610,494760
2007-12-31 12:09:00,6.0610,6.0700,6.0500,6.0620,751492
2007-12-31 12:08:00,6.0610,6.0700,6.0480,6.0590,514248
2007-12-31 12:07:00,6.0630,6.0700,6.0490,6.0580,817684
2007-12-31 12:06:00,6.0650,6.0720,6.0500,6.0600,755132
2007-12-31 12:05:00,6.0640,6.0720,6.0490,6.0630,837368
2007-12-31 12:04:00,6.0610,6.0700,6.0450,6.0620,1127000
2007-12-31 12:03:00,6.0610,6.0690,6.0460,6.0560,614320
2007-12-31 12:02:00,6.0590,6.0670,6.0470,6.0580,754096
2007-12-31 12:01:00,6.0650,6.0730,6.0470,6.0570,1405880
2007-12-31 12:00:00,6.0680,6.0740,6.0520,6.0630,694736
2007-12-31 11:59:00,6.0640,6.0730,6.0510,6.0650,507556
2007-12-31 11:58:00,6.0640,6.0700,6.0510,6.0610,693476
2007-12-31 11:57:00,6.0630,6.0700,6.0500,6.0620,843668
2007-12-31 11:56:00,6.0630,6.0700,6.0500,6.0610,658392
2007-12-31 11:55:00,6.0630,6.0700,6.0510,6.0610,375536
2007-12-31 11:54:00,6.0660,6.0760,6.0510,6.0610,1076292
2007-12-31 11:53:00,6.0650,6.0730,6.0520,6.0630,724556
2007-12-31 11:52:00,6.0660,6.0740,6.0480,6.0620,1750756
2007-12-31 11:51:00,6.0710,6.0780,6.0530,6.0650,1595300
2007-12-31 11:50:00,6.0750,6.0850,6.0590,6.0700,1503320
2007-12-31 11:49:00,6.0770,6.0860,6.0620,6.0720,1884456
2007-12-31 11:48:00,6.0760,6.0830,6.0610,6.0750,733740
2007-12-31 11:47:00,6.0700,6.0830,6.0570,6.0750,1243452
2007-12-31 11:46:00,6.0680,6.0760,6.0550,6.0680,763812
2007-12-31 11:45:00,6.0700,6.0770,6.0560,6.0660,644308
2007-12-31 11:44:00,6.0700,6.0780,6.0560,6.0680,819000
2007-12-31 11:43:00,6.0770,6.0830,6.0540,6.0680,1595776
2007-12-31 11:42:00,6.0730,6.0840,6.0620,6.0740,1921052
2007-12-31 11:41:00,6.0720,6.0840,6.0600,6.0700,3846584
2007-12-31 11:40:00,6.0690,6.0800,6.0570,6.0690,2317588
2007-12-31 11:39:00,6.0650,6.0750,6.0530,6.0660,1715140
2007-12-31 11:38:00,6.0660,6.0730,6.0510,6.0630,1391460
2007-12-31 11:37:00,6.0570,6.0750,6.0450,6.0650,4510632
2007-12-31 11:36:00,6.0560,6.0640,6.0420,6.0550,467488
2007-12-31 11:35:00,6.0580,6.0650,6.0420,6.0530,974316
2007-12-31 11:34:00,6.0620,6.0680,6.0460,6.0550,1033088
2007-12-31 11:33:00,6.0590,6.0690,6.0450,6.0600,1456532
2007-12-31 11:32:00,6.0610,6.0680,6.0470,6.0570,900424
2007-12-31 11:31:00,6.0600,6.0690,6.0470,6.0600,2080036
2007-12-31 11:30:00,6.0570,6.0660,6.0440,6.0570,1118712
2007-12-31 11:29:00,6.0550,6.0640,6.0430,6.0550,963424
2007-12-31 11:28:00,6.0580,6.0650,6.0430,6.0520,936880
2007-12-31 11:27:00,6.0600,6.0660,6.0450,6.0550,1068592
2007-12-31 11:26:00,6.0560,6.0670,6.0430,6.0580,2455040
2007-12-31 11:25:00,6.0490,6.0640,6.0380,6.0530,2517676
2007-12-31 11:24:00,6.0450,6.0560,6.0330,6.0470,1143576
2007-12-31 11:23:00,6.0450,6.0530,6.0310,6.0440,1401008
2007-12-31 11:22:00,6.0510,6.0580,6.0330,6.0420,1183616
2007-12-31 11:21:00,6.0480,6.0570,6.0360,6.0490,513632
2007-12-31 11:20:00,6.0480,6.0560,6.0330,6.0460,1253952
2007-12-31 11:19:00,6.0500,6.0570,6.0310,6.0440,1490720
2007-12-31 11:18:00,6.0470,6.0580,6.0350,6.0470,660688
2007-12-31 11:17:00,6.0500,6.0580,6.0340,6.0450,1168440
2007-12-31 11:16:00,6.0500,6.0600,6.0380,6.0480,1253532
2007-12-31 11:15:00,6.0550,6.0610,6.0380,6.0480,987056
2007-12-31 11:14:00,6.0510,6.0610,6.0390,6.0520,2033276
2007-12-31 11:13:00,6.0510,6.0580,6.0380,6.0480,651448
2007-12-31 11:12:00,6.0500,6.0630,6.0380,6.0480,2203544
2007-12-31 11:11:00,6.0450,6.0580,6.0330,6.0490,2287712
2007-12-31 11:10:00,6.0430,6.0530,6.0280,6.0440,1263752
2007-12-31 11:09:00,6.0420,6.0490,6.0300,6.0410,649600
2007-12-31 11:08:00,6.0390,6.0480,6.0280,6.0390,676648
2007-12-31 11:07:00,6.0420,6.0500,6.0280,6.0380,419524
2007-12-31 11:06:00,6.0370,6.0480,6.0240,6.0380,934640
2007-12-31 11:05:00,6.0390,6.0450,6.0250,6.0350,534072
2007-12-31 11:04:00,6.0390,6.0460,6.0270,6.0360,305844
2007-12-31 11:03:00,6.0410,6.0470,6.0260,6.0370,504812
2007-12-31 11:02:00,6.0430,6.0490,6.0280,6.0390,1007132
2007-12-31 11:01:00,6.0440,6.0500,6.0300,6.0400,444108
2007-12-31 11:00:00,6.0430,6.0510,6.0310,6.0410,630980
2007-12-31 10:59:00,6.0420,6.0520,6.0300,6.0410,931616
2007-12-31 10:58:00,6.0420,6.0520,6.0300,6.0400,660240
2007-12-31 10:57:00,6.0410,6.0500,6.0290,6.0400,852712
2007-12-31 10:56:00,6.0420,6.0480,6.0290,6.0380,325136
2007-12-31 10:55:00,6.0390,6.0480,6.0260,6.0390,631372
2007-12-31 10:54:00,6.0360,6.0470,6.0230,6.0350,1183952
2007-12-31 10:53:00,6.0360,6.0420,6.0200,6.0340,517356
2007-12-31 10:52:00,6.0350,6.0430,6.0230,6.0340,368340
2007-12-31 10:51:00,6.0370,6.0430,6.0230,6.0320,357000
2007-12-31 10:50:00,6.0340,6.0460,6.0210,6.0340,1803004
2007-12-31 10:49:00,6.0310,6.0420,6.0180,6.0320,916104
2007-12-31 10:48:00,6.0320,6.0400,6.0170,6.0280,900704
2007-12-31 10:47:00,6.0280,6.0390,6.0140,6.0300,1265012
2007-12-31 10:46:00,6.0310,6.0370,6.0110,6.0260,1597624
2007-12-31 10:45:00,6.0340,6.0400,6.0140,6.0290,2621024
2007-12-31 10:44:00,6.0360,6.0430,6.0200,6.0310,2298548
2007-12-31 10:43:00,6.0410,6.0470,6.0230,6.0330,974568
2007-12-31 10:42:00,6.0390,6.0480,6.0270,6.0380,322756
2007-12-31 10:41:00,6.0410,6.0470,6.0260,6.0360,347200
2007-12-31 10:40:00,6.0430,6.0500,6.0280,6.0390,489468
2007-12-31 10:39:00,6.0390,6.0500,6.0250,6.0410,1114148
2007-12-31 10:38:00,6.0400,6.0480,6.0240,6.0360,699356
2007-12-31 10:37:00,6.0400,6.0470,6.0220,6.0370,1590120
2007-12-31 10:36:00,6.0410,6.0510,6.0250,6.0370,1785252
2007-12-31 10:35:00,6.0450,6.0530,6.0280,6.0390,919800
2007-12-31 10:34:00,6.0430,6.0530,6.0300,6.0430,618296
2007-12-31 10:33:00,6.0460,6.0530,6.0310,6.0400,677012
2007-12-31 10:32:00,6.0480,6.0540,6.0330,6.0440,453180
2007-12-31 10:31:00,6.0490,6.0580,6.0360,6.0460,996912
2007-12-31 10:30:00,6.0450,6.0570,6.0320,6.0460,1035776
2007-12-31 10:29:00,6.0430,6.0510,6.0300,6.0420,704872
2007-12-31 10:28:00,6.0450,6.0520,6.0300,6.0410,881888
2007-12-31 10:27:00,6.0460,6.0540,6.0310,6.0430,802760
2007-12-31 10:26:00,6.0490,6.0570,6.0340,6.0430,560588
2007-12-31 10:25:00,6.0430,6.0590,6.0320,6.0470,1599276
2007-12-31 10:24:00,6.0400,6.0510,6.0250,6.0420,1250956
2007-12-31 10:23:00,6.0450,6.0530,6.0280,6.0380,1440852
2007-12-31 10:22:00,6.0480,6.0540,6.0310,6.0430,1236648
2007-12-31 10:21:00,6.0530,6.0590,6.0310,6.0450,1306984
2007-12-31 10:20:00,6.0540,6.0630,6.0380,6.0500,1012984
2007-12-31 10:19:00,6.0530,6.0660,6.0400,6.0530,1804628
2007-12-31 10:18:00,6.0490,6.0600,6.0360,6.0510,1134616
2007-12-31 10:17:00,6.0520,6.0590,6.0350,6.0460,1091496
2007-12-31 10:16:00,6.0490,6.0600,6.0360,6.0490,1192184
2007-12-31 10:15:00,6.0550,6.0610,6.0350,6.0470,1179948
2007-12-31 10:14:00,6.0530,6.0650,6.0390,6.0520,2174816
2007-12-31 10:13:00,6.0520,6.0600,6.0380,6.0500,1455916
2007-12-31 10:12:00,6.0450,6.0600,6.0290,6.0500,2321284
2007-12-31 10:11:00,6.0400,6.0520,6.0280,6.0420,2062564
2007-12-31 10:10:00,6.0420,6.0500,6.0260,6.0380,930160
2007-12-31 10:09:00,6.0350,6.0540,6.0190,6.0400,2629592
2007-12-31 10:08:00,6.0260,6.0460,6.0130,6.0340,2219728
2007-12-31 10:07:00,6.0240,6.0320,6.0100,6.0230,1620220
2007-12-31 10:06:00,6.0300,6.0360,6.0100,6.0210,1883868
2007-12-31 10:05:00,6.0340,6.0400,6.0170,6.0280,905352
2007-12-31 10:04:00,6.0280,6.0430,6.0120,6.0310,2055732
2007-12-31 10:03:00,6.0310,6.0370,6.0110,6.0270,2448908
2007-12-31 10:02:00,6.0280,6.0380,6.0150,6.0280,1635256
2007-12-31 10:01:00,6.0280,6.0400,6.0160,6.0260,1066968
2007-12-31 10:00:00,6.0300,6.0410,6.0160,6.0280,4393452
2007-12-31 09:59:00,6.0360,6.0430,6.0160,6.0290,2956184
2007-12-31 09:58:00,6.0470,6.0540,6.0220,6.0360,2029048
2007-12-31 09:57:00,6.0440,6.0540,6.0320,6.0440,1186388
2007-12-31 09:56:00,6.0450,6.0540,6.0310,6.0410,889700
2007-12-31 09:55:00,6.0500,6.0570,6.0310,6.0420,1276212
2007-12-31 09:54:00,6.0430,6.0600,6.0300,6.0480,1564304
2007-12-31 09:53:00,6.0490,6.0590,6.0300,6.0410,2529492
2007-12-31 09:52:00,6.0530,6.0650,6.0360,6.0470,1765988
2007-12-31 09:51:00,6.0530,6.0630,6.0350,6.0500,2230676
2007-12-31 09:50:00,6.0370,6.0630,6.0250,6.0510,3547600
2007-12-31 09:49:00,6.0300,6.0430,6.0180,6.0340,1753360
2007-12-31 09:48:00,6.0340,6.0400,6.0120,6.0280,2287096
2007-12-31 09:47:00,6.0380,6.0480,6.0200,6.0320,1624672
2007-12-31 09:46:00,6.0300,6.0500,6.0100,6.0360,3188892
2007-12-31 09:45:00,6.0230,6.0390,6.0100,6.0270,2304484
2007-12-31 09:44:00,6.0310,6.0370,6.0110,6.0210,2033416
2007-12-31 09:43:00,6.0250,6.0440,6.0130,6.0280,3640224
2007-12-31 09:42:00,6.0110,6.0320,5.9990,6.0240,3490648
2007-12-31 09:41:00,6.0170,6.0250,5.9910,6.0090,3609872
2007-12-31 09:40:00,6.0150,6.0300,6.0020,6.0140,2498552
2007-12-31 09:39:00,6.0180,6.0260,6.0000,6.0110,1718864
2007-12-31 09:38:00,6.0120,6.0290,5.9990,6.0170,2728208
2007-12-31 09:37:00,6.0190,6.0250,5.9930,6.0090,3236408
2007-12-31 09:36:00,6.0170,6.0260,6.0000,6.0160,2618252
2007-12-31 09:35:00,6.0240,6.0300,6.0000,6.0150,3863972
2007-12-31 09:34:00,6.0270,6.0390,6.0120,6.0220,2350796
2007-12-31 09:33:00,6.0290,6.0370,6.0090,6.0250,3415944
2007-12-31 09:32:00,6.0150,6.0400,6.0010,6.0280,1929004
2007-12-31 09:31:00,6.0380,6.0440,5.9980,6.0090,4779488
2007-12-31 09:30:00,6.0480,6.0690,6.0290,6.0400,5431552
2007-12-31 09:29:00,6.0570,6.0630,6.0360,6.0490,322588
2007-12-31 09:28:00,6.0560,6.0620,6.0440,6.0530,22400
2007-12-31 09:27:00,6.0580,6.0640,6.0470,6.0560,2800
2007-12-31 09:26:00,6.0550,6.0610,6.0440,6.0530,4060
2007-12-31 09:25:00,6.0570,6.0630,6.0440,6.0540,67200
2007-12-31 09:24:00,6.0600,6.0660,6.0470,6.0560,59780
2007-12-31 09:23:00,6.0600,6.0660,6.0480,6.0580,30800
2007-12-31 09:22:00,6.0600,6.0660,6.0480,6.0580,42000
2007-12-31 09:21:00,6.0580,6.0660,6.0470,6.0580,5600
2007-12-31 09:20:00,6.0600,6.0660,6.0450,6.0560,8400
2007-12-31 09:19:00,6.0600,6.0660,6.0480,6.0580,11200
2007-12-31 09:18:00,6.0580,6.0640,6.0470,6.0560,8400
2007-12-31 09:17:00,6.0600,6.0660,6.0480,6.0580,8708
2007-12-31 09:16:00,6.0620,6.0680,6.0500,6.0600,30800
2007-12-31 09:15:00,6.0590,6.0700,6.0470,6.0600,21560
2007-12-31 09:14:00,6.0590,6.0660,6.0470,6.0580,37548
2007-12-31 09:13:00,6.0620,6.0680,6.0480,6.0570,20160
2007-12-31 09:12:00,6.0660,6.0720,6.0500,6.0600,94808
2007-12-31 09:11:00,6.0660,6.0720,6.0540,6.0640,14000
2007-12-31 09:10:00,6.0660,6.0720,6.0530,6.0630,173600
2007-12-31 09:09:00,6.0640,6.0790,6.0530,6.0700,137200
2007-12-31 09:08:00,6.0620,6.0700,6.0500,6.0620,146132
2007-12-31 09:07:00,6.0660,6.0720,6.0500,6.0590,408072
2007-12-31 09:06:00,6.0660,6.0720,6.0540,6.0640,14000
2007-12-31 09:05:00,6.0660,6.0720,6.0540,6.0640,2800
2007-12-31 09:04:00,6.0660,6.0720,6.0530,6.0630,22624
2007-12-31 09:03:00,6.0670,6.0730,6.0550,6.0650,3696
2007-12-31 09:02:00,6.0660,6.0720,6.0540,6.0640,5040
2007-12-31 09:01:00,6.0700,6.0770,6.0550,6.0640,36400
2007-12-31 09:00:00,6.0700,6.0770,6.0590,6.0680,2800
2007-12-31 08:59:00,6.0690,6.0770,6.0560,6.0680,127400
2007-12-31 08:56:00,6.0690,6.0750,6.0570,6.0660,39480
2007-12-31 08:54:00,6.0700,6.0770,6.0570,6.0670,9800
2007-12-31 08:53:00,6.0690,6.0770,6.0570,6.0680,11200
2007-12-31 08:52:00,6.0690,6.0750,6.0570,6.0670,4144
2007-12-31 08:51:00,6.0690,6.0750,6.0570,6.0660,8400
2007-12-31 08:50:00,6.0680,6.0750,6.0530,6.0670,66080
2007-12-31 08:49:00,6.0690,6.0750,6.0560,6.0650,30940
2007-12-31 08:47:00,6.0690,6.0750,6.0570,6.0670,15400
2007-12-31 08:45:00,6.0700,6.0780,6.0590,6.0690,42000
2007-12-31 08:43:00,6.0700,6.0760,6.0570,6.0660,13888
2007-12-31 08:42:00,6.0710,6.0770,6.0590,6.0680,8400
2007-12-31 08:41:00,6.0700,6.0760,6.0570,6.0660,25200
2007-12-31 08:40:00,6.0700,6.0770,6.0590,6.0680,14000
2007-12-31 08:39:00,6.0710,6.0770,6.0600,6.0690,14000
2007-12-31 08:38:00,6.0710,6.0770,6.0590,6.0690,7000
2007-12-31 08:37:00,6.0700,6.0760,6.0570,6.0670,33600
2007-12-31 08:35:00,6.0690,6.0750,6.0540,6.0640,26320
2007-12-31 08:34:00,6.0740,6.0800,6.0530,6.0710,154980
2007-12-31 08:33:00,6.0740,6.0800,6.0570,6.0670,31500
2007-12-31 08:32:00,6.0760,6.0850,6.0640,6.0730,184800
2007-12-31 08:31:00,6.0790,6.0860,6.0660,6.0750,9800
2007-12-31 08:30:00,6.0790,6.0860,6.0680,6.0770,16968
2007-12-31 08:29:00,6.0790,6.0860,6.0670,6.0770,39368
2007-12-31 08:28:00,6.0750,6.0870,6.0630,6.0780,210560
2007-12-31 08:27:00,6.0770,6.0840,6.0650,6.0750,26600
2007-12-31 08:26:00,6.0790,6.0860,6.0670,6.0770,35168
2007-12-31 08:25:00,6.0790,6.0860,6.0680,6.0770,46200
2007-12-31 08:24:00,6.0800,6.0870,6.0680,6.0790,71400
2007-12-31 08:23:00,6.0800,6.0880,6.0680,6.0800,120400
2007-12-31 08:22:00,6.0790,6.0870,6.0670,6.0780,229544
2007-12-31 08:21:00,6.0790,6.0850,6.0670,6.0760,14000
2007-12-31 08:20:00,6.0770,6.0840,6.0660,6.0750,21000
2007-12-31 08:19:00,6.0790,6.0860,6.0680,6.0770,3920
2007-12-31 08:18:00,6.0790,6.0860,6.0670,6.0770,32200
2007-12-31 08:17:00,6.0750,6.0860,6.0640,6.0770,61600
2007-12-31 08:16:00,6.0750,6.0810,6.0630,6.0730,14000
2007-12-31 08:15:00,6.0810,6.0870,6.0630,6.0730,53200
2007-12-31 08:14:00,6.0830,6.0900,6.0690,6.0790,105616
2007-12-31 08:13:00,6.0830,6.0890,6.0710,6.0810,5600
2007-12-31 08:12:00,6.0830,6.0890,6.0700,6.0810,42000
2007-12-31 08:11:00,6.0800,6.0890,6.0680,6.0800,30884
2007-12-31 08:10:00,6.0810,6.0890,6.0680,6.0800,44100
2007-12-31 08:09:00,6.0810,6.0880,6.0680,6.0770,49112
2007-12-31 08:08:00,6.0830,6.0920,6.0700,6.0790,112700
2007-12-31 08:07:00,6.0860,6.0920,6.0710,6.0810,19600
2007-12-31 08:06:00,6.0860,6.0920,6.0740,6.0830,23800
2007-12-31 08:05:00,6.0860,6.0920,6.0700,6.0830,103600
2007-12-31 08:04:00,6.0850,6.0920,6.0740,6.0830,49980
2007-12-31 08:03:00,6.0830,6.0910,6.0690,6.0830,274120
2007-12-31 08:02:00,6.0820,6.0930,6.0690,6.0800,327600
2007-12-31 08:01:00,6.0790,6.0930,6.0670,6.0830,271488
2007-12-31 08:00:00,6.0640,6.0860,6.0530,6.0770,119700
2007-12-31 07:57:00,6.0640,6.0700,6.0530,6.0620,28000
2007-12-31 07:25:00,6.0600,6.0660,6.0480,6.0580,2800
2007-12-28 19:59:00,6.0640,6.0700,6.0520,6.0620,14000
2007-12-28 19:58:00,6.0620,6.0680,6.0500,6.0590,13160
2007-12-28 19:57:00,6.0630,6.0690,6.0510,6.0600,2800
2007-12-28 19:56:00,6.0640,6.0700,6.0530,6.0620,25900
2007-12-28 19:55:00,6.0630,6.0690,6.0510,6.0610,8400
2007-12-28 19:53:00,6.0630,6.0690,6.0510,6.0610,2800
2007-12-28 19:47:00,6.0620,6.0710,6.0500,6.0620,36596
2007-12-28 19:46:00,6.0620,6.0680,6.0500,6.0590,20020
2007-12-28 19:42:00,6.0650,6.0710,6.0530,6.0620,5600
2007-12-28 19:41:00,6.0640,6.0710,6.0530,6.0620,26040
2007-12-28 19:40:00,6.0620,6.0680,6.0500,6.0590,2800
2007-12-28 19:32:00,6.0640,6.0700,6.0530,6.0620,40320
2007-12-28 19:31:00,6.0640,6.0700,6.0530,6.0620,5488
2007-12-28 19:30:00,6.0640,6.0700,6.0520,6.0620,12488
2007-12-28 19:28:00,6.0630,6.0690,6.0510,6.0610,2800
2007-12-28 19:27:00,6.0630,6.0690,6.0510,6.0610,6832
2007-12-28 19:20:00,6.0640,6.0700,6.0520,6.0620,14000
2007-12-28 19:08:00,6.0640,6.0700,6.0520,6.0620,5600
2007-12-28 19:01:00,6.0610,6.0670,6.0500,6.0590,5600
2007-12-28 18:58:00,6.0640,6.0700,6.0530,6.0620,5600
2007-12-28 18:54:00,6.0640,6.0700,6.0530,6.0620,5600
2007-12-28 18:52:00,6.0650,6.0710,6.0530,6.0620,7616
2007-12-28 18:48:00,6.0650,6.0710,6.0530,6.0620,2800
2007-12-28 18:47:00,6.0640,6.0700,6.0530,6.0620,2800
2007-12-28 18:41:00,6.0640,6.0700,6.0530,6.0620,11704
2007-12-28 18:39:00,6.0620,6.0700,6.0510,6.0620,22344
2007-12-28 18:34:00,6.0620,6.0680,6.0510,6.0600,5600
2007-12-28 18:30:00,6.0600,6.0660,6.0480,6.0580,2800
2007-12-28 18:28:00,6.0600,6.0660,6.0480,6.0580,2800
2007-12-28 18:22:00,6.0590,6.0650,6.0470,6.0570,183484
2007-12-28 18:15:00,6.0590,6.0690,6.0470,6.0610,5691616
2007-12-28 18:08:00,6.0600,6.0660,6.0470,6.0570,76832
2007-12-28 18:07:00,6.0500,6.0560,6.0390,6.0480,3556
2007-12-28 18:06:00,6.0630,6.0690,6.0500,6.0590,169260
2007-12-28 18:05:00,6.0620,6.0680,6.0510,6.0600,7420
2007-12-28 18:04:00,6.0610,6.0670,6.0500,6.0590,2800
2007-12-28 18:02:00,6.0500,6.0560,6.0390,6.0480,50400
2007-12-28 18:01:00,6.0620,6.0680,6.0500,6.0590,5600
2007-12-28 17:57:00,6.0630,6.0690,6.0510,6.0610,6440
2007-12-28 17:54:00,6.0630,6.0690,6.0510,6.0610,2800
2007-12-28 17:53:00,6.0630,6.0690,6.0510,6.0610,5460
2007-12-28 17:52:00,6.0500,6.0690,6.0090,6.0190,71680
2007-12-28 17:50:00,6.0610,6.0690,6.0500,6.0610,13720
2007-12-28 17:49:00,6.0620,6.0680,6.0500,6.0590,14000
2007-12-28 17:48:00,6.0620,6.0680,6.0500,6.0600,2800
2007-12-28 17:46:00,6.0630,6.0690,6.0510,6.0610,4200
2007-12-28 17:44:00,6.0640,6.0700,6.0510,6.0610,14924
2007-12-28 17:42:00,6.0640,6.0700,6.0520,6.0610,19600
2007-12-28 17:41:00,6.0660,6.0730,6.0530,6.0630,30800
2007-12-28 17:40:00,6.0650,6.0720,6.0530,6.0640,8400
2007-12-28 17:39:00,6.0640,6.0700,6.0530,6.0620,2800
2007-12-28 17:38:00,6.0640,6.0700,6.0530,6.0620,39144
2007-12-28 17:37:00,6.0640,6.0700,6.0520,6.0610,100100
2007-12-28 17:36:00,6.0640,6.0700,6.0530,6.0620,21420
2007-12-28 17:35:00,6.0640,6.0700,6.0520,6.0610,13636
2007-12-28 17:34:00,6.0630,6.0700,6.0510,6.0610,9800
2007-12-28 17:33:00,6.0630,6.0690,6.0510,6.0610,6020
2007-12-28 17:30:00,6.0810,6.0870,6.0510,6.0610,95200
2007-12-28 17:27:00,6.0630,6.0690,6.0510,6.0610,5600
2007-12-28 17:23:00,6.0630,6.0690,6.0510,6.0610,2800
2007-12-28 17:21:00,6.0610,6.0670,6.0500,6.0590,5600
2007-12-28 17:20:00,6.0610,6.0690,6.0500,6.0610,58800
2007-12-28 17:19:00,6.0610,6.0670,6.0500,6.0590,33600
2007-12-28 17:18:00,6.0610,6.0670,6.0500,6.0590,2800
2007-12-28 17:17:00,6.0600,6.0670,6.0490,6.0590,32088
2007-12-28 17:16:00,6.0610,6.0670,6.0490,6.0590,28000
2007-12-28 17:14:00,6.0610,6.0670,6.0490,6.0580,5880
2007-12-28 17:13:00,6.0600,6.0670,6.0490,6.0580,2800
2007-12-28 17:12:00,6.0600,6.0670,6.0490,6.0580,26684
2007-12-28 17:11:00,6.0590,6.0650,6.0470,6.0560,2800
2007-12-28 17:08:00,6.0600,6.0660,6.0480,6.0580,18200
2007-12-28 17:07:00,6.0600,6.0660,6.0480,6.0580,9800
2007-12-28 17:05:00,6.0600,6.0660,6.0480,6.0580,22400
2007-12-28 17:04:00,6.0600,6.0660,6.0480,6.0580,7000
2007-12-28 17:03:00,6.0600,6.0660,6.0480,6.0580,3080
2007-12-28 17:01:00,6.0600,6.0660,6.0480,6.0580,10920
2007-12-28 17:00:00,6.0590,6.0650,6.0470,6.0570,5600
2007-12-28 16:58:00,6.0590,6.0650,6.0470,6.0560,3360
2007-12-28 16:57:00,6.0590,6.0650,6.0470,6.0570,8400000
2007-12-28 16:56:00,6.0590,6.0680,6.0470,6.0580,202916
2007-12-28 16:55:00,6.0600,6.0660,6.0480,6.0580,5600
2007-12-28 16:53:00,6.0600,6.0660,6.0480,6.0580,38920
2007-12-28 16:52:00,6.0590,6.0660,6.0480,6.0570,8400
2007-12-28 16:49:00,6.0580,6.0640,6.0460,6.0560,2800
2007-12-28 16:48:00,6.0590,6.0660,6.0480,6.0570,5600
2007-12-28 16:47:00,6.0590,6.0660,6.0480,6.0570,6160
2007-12-28 16:46:00,6.0590,6.0660,6.0470,6.0570,27160
2007-12-28 16:45:00,6.0590,6.0650,6.0470,6.0570,2800
2007-12-28 16:44:00,6.0590,6.0650,6.0470,6.0570,19600
2007-12-28 16:43:00,6.0580,6.0640,6.0470,6.0560,8400
2007-12-28 16:42:00,6.0580,6.0650,6.0470,6.0560,11928
2007-12-28 16:40:00,6.0590,6.0650,6.0470,6.0560,11200
2007-12-28 16:39:00,6.0590,6.0650,6.0470,6.0570,3836
2007-12-28 16:37:00,6.0590,6.0650,6.0470,6.0570,5600
2007-12-28 16:35:00,6.0570,6.0630,6.0450,6.0550,2800
2007-12-28 16:34:00,6.0570,6.0630,6.0450,6.0550,2800
2007-12-28 16:32:00,6.0590,6.0650,6.0390,6.0480,53200
2007-12-28 16:31:00,6.0580,6.0650,6.0470,6.0560,101080
2007-12-28 16:30:00,6.0580,6.0640,6.0470,6.0560,4088
2007-12-28 16:29:00,6.0500,6.0640,6.0390,6.0550,126504
2007-12-28 16:27:00,6.0400,6.0640,6.0280,6.0550,30940
2007-12-28 16:26:00,6.0580,6.0640,6.0460,6.0550,11200
2007-12-28 16:25:00,6.0580,6.0650,6.0460,6.0570,65016
2007-12-28 16:24:00,6.0570,6.0630,6.0450,6.0550,36400
2007-12-28 16:23:00,6.0560,6.0620,6.0440,6.0540,2800
2007-12-28 16:22:00,6.0570,6.0630,6.0390,6.0550,46648
2007-12-28 16:21:00,6.0560,6.0620,6.0440,6.0540,23800
2007-12-28 16:20:00,6.0570,6.0640,6.0450,6.0560,50400
2007-12-28 16:19:00,6.0570,6.0640,6.0390,6.0550,72996
2007-12-28 16:18:00,6.0590,6.0650,6.0470,6.0570,61516
2007-12-28 16:17:00,6.0560,6.0630,6.0450,6.0540,25200
2007-12-28 16:16:00,6.0590,6.0650,6.0430,6.0530,101780
2007-12-28 16:15:00,6.0550,6.0650,6.0440,6.0530,19768
2007-12-28 16:13:00,6.0560,6.0620,6.0440,6.0530,44632
2007-12-28 16:12:00,6.0570,6.0630,6.0440,6.0540,90580
2007-12-28 16:11:00,6.0500,6.0650,6.0390,6.0550,92400
2007-12-28 16:09:00,6.0560,6.0650,6.0390,6.0530,3798900
2007-12-28 16:08:00,6.0590,6.0650,6.0460,6.0550,8400
2007-12-28 16:07:00,6.0580,6.0640,6.0440,6.0530,25200
2007-12-28 16:06:00,6.0550,6.0610,6.0440,6.0530,25200
2007-12-28 16:05:00,6.0570,6.0650,6.0440,6.0570,89600
2007-12-28 16:04:00,6.0590,6.0650,6.0450,6.0550,166320
2007-12-28 16:03:00,6.0590,6.0660,6.0470,6.0570,71960
2007-12-28 16:02:00,6.0570,6.0650,6.0460,6.0570,230580
2007-12-28 16:01:00,6.0580,6.0650,6.0470,6.0570,29120
2007-12-28 16:00:00,6.0600,6.0670,6.0390,6.0550,5709900
2007-12-28 15:59:00,6.0570,6.0670,6.0440,6.0550,3911572
2007-12-28 15:58:00,6.0590,6.0670,6.0390,6.0550,3774036
2007-12-28 15:57:00,6.0580,6.0670,6.0460,6.0570,3144932
2007-12-28 15:56:00,6.0620,6.0680,6.0440,6.0550,2221240
2007-12-28 15:55:00,6.0620,6.0690,6.0500,6.0590,2415196
2007-12-28 15:54:00,6.0600,6.0680,6.0450,6.0590,1536388
2007-12-28 15:53:00,6.0580,6.0690,6.0460,6.0580,2713284
2007-12-28 15:52:00,6.0560,6.0650,6.0440,6.0560,1106756
2007-12-28 15:51:00,6.0530,6.0660,6.0410,6.0540,2351664
2007-12-28 15:50:00,6.0520,6.0620,6.0400,6.0510,1975372
2007-12-28 15:49:00,6.0510,6.0590,6.0380,6.0490,1875356
2007-12-28 15:48:00,6.0460,6.0570,6.0340,6.0480,1425284
2007-12-28 15:47:00,6.0460,6.0550,6.0330,6.0440,1261064
2007-12-28 15:46:00,6.0450,6.0530,6.0310,6.0440,1008812
2007-12-28 15:45:00,6.0490,6.0560,6.0310,6.0430,1583456
2007-12-28 15:44:00,6.0480,6.0570,6.0310,6.0470,2148860
2007-12-28 15:43:00,6.0400,6.0540,6.0280,6.0460,1734516
2007-12-28 15:42:00,6.0400,6.0490,6.0240,6.0380,1320872
2007-12-28 15:41:00,6.0400,6.0490,6.0270,6.0380,1095360
2007-12-28 15:40:00,6.0390,6.0480,6.0260,6.0380,1647408
2007-12-28 15:39:00,6.0380,6.0450,6.0200,6.0360,1423632
2007-12-28 15:38:00,6.0380,6.0460,6.0220,6.0350,2060072
2007-12-28 15:37:00,6.0340,6.0450,6.0220,6.0350,673260
2007-12-28 15:36:00,6.0380,6.0440,6.0210,6.0320,1592024
2007-12-28 15:35:00,6.0410,6.0470,6.0230,6.0360,1925308
2007-12-28 15:34:00,6.0410,6.0500,6.0260,6.0390,1258908
2007-12-28 15:33:00,6.0400,6.0510,6.0270,6.0390,1175608
2007-12-28 15:32:00,6.0430,6.0510,6.0270,6.0390,1319024
2007-12-28 15:31:00,6.0470,6.0560,6.0310,6.0410,1911056
2007-12-28 15:30:00,6.0410,6.0570,6.0290,6.0450,3393852
2007-12-28 15:29:00,6.0390,6.0510,6.0280,6.0400,1455972
2007-12-28 15:28:00,6.0390,6.0460,6.0260,6.0370,485324
2007-12-28 15:27:00,6.0350,6.0470,6.0230,6.0380,863240
2007-12-28 15:26:00,6.0370,6.0460,6.0210,6.0330,990304
2007-12-28 15:25:00,6.0370,6.0480,6.0220,6.0350,1741852
2007-12-28 15:24:00,6.0340,6.0440,6.0180,6.0350,1113532
2007-12-28 15:23:00,6.0320,6.0430,6.0160,6.0310,1514044
2007-12-28 15:22:00,6.0290,6.0400,6.0180,6.0300,1202096
2007-12-28 15:21:00,6.0320,6.0400,6.0160,6.0270,1368164
2007-12-28 15:20:00,6.0390,6.0480,6.0160,6.0290,2039716
2007-12-28 15:19:00,6.0430,6.0490,6.0260,6.0380,1155336
2007-12-28 15:18:00,6.0420,6.0510,6.0300,6.0400,1182832
2007-12-28 15:17:00,6.0460,6.0520,6.0290,6.0400,1521744
2007-12-28 15:16:00,6.0400,6.0520,6.0270,6.0430,987280
2007-12-28 15:15:00,6.0430,6.0530,6.0280,6.0390,2153508
2007-12-28 15:14:00,6.0360,6.0500,6.0200,6.0410,2412116
2007-12-28 15:13:00,6.0280,6.0420,6.0160,6.0340,1209236
2007-12-28 15:12:00,6.0290,6.0370,6.0130,6.0260,1413300
2007-12-28 15:11:00,6.0270,6.0400,6.0130,6.0260,1986880
2007-12-28 15:10:00,6.0230,6.0400,6.0100,6.0250,2390276
2007-12-28 15:09:00,6.0190,6.0320,6.0070,6.0220,2492644
2007-12-28 15:08:00,6.0140,6.0270,6.0000,6.0180,1694588
2007-12-28 15:07:00,6.0090,6.0200,5.9960,6.0110,2394532
2007-12-28 15:06:00,6.0110,6.0180,5.9960,6.0060,1674708
2007-12-28 15:05:00,6.0160,6.0240,5.9990,6.0090,1613416
2007-12-28 15:04:00,6.0190,6.0270,6.0000,6.0140,3338356
2007-12-28 15:03:00,6.0260,6.0330,6.0070,6.0170,1698004
2007-12-28 15:02:00,6.0320,6.0380,6.0150,6.0240,995036
2007-12-28 15:01:00,6.0300,6.0400,6.0160,6.0300,1020096
2007-12-28 15:00:00,6.0370,6.0430,6.0180,6.0280,934164
2007-12-28 14:59:00,6.0320,6.0440,6.0200,6.0350,1379364
2007-12-28 14:58:00,6.0310,6.0390,6.0190,6.0300,915096
2007-12-28 14:57:00,6.0290,6.0380,6.0170,6.0290,868644
2007-12-28 14:56:00,6.0230,6.0390,6.0110,6.0270,1359428
2007-12-28 14:55:00,6.0320,6.0390,6.0120,6.0210,1289484
2007-12-28 14:54:00,6.0290,6.0390,6.0150,6.0300,1774276
2007-12-28 14:53:00,6.0240,6.0350,6.0120,6.0260,1307068
2007-12-28 14:52:00,6.0250,6.0340,6.0070,6.0220,2696624
2007-12-28 14:51:00,6.0340,6.0400,6.0130,6.0230,3317748
2007-12-28 14:50:00,6.0480,6.0550,6.0210,6.0320,2548672
2007-12-28 14:49:00,6.0510,6.0580,6.0330,6.0450,1583484
2007-12-28 14:48:00,6.0500,6.0570,6.0370,6.0490,745276
2007-12-28 14:47:00,6.0480,6.0600,6.0360,6.0480,1687588
2007-12-28 14:46:00,6.0460,6.0560,6.0320,6.0450,1519308
2007-12-28 14:45:00,6.0550,6.0610,6.0330,6.0440,1628284
2007-12-28 14:44:00,6.0520,6.0630,6.0380,6.0520,1779960
2007-12-28 14:43:00,6.0570,6.0640,6.0400,6.0490,950180
2007-12-28 14:42:00,6.0570,6.0640,6.0440,6.0550,988064
2007-12-28 14:41:00,6.0560,6.0640,6.0430,6.0550,1082844
2007-12-28 14:40:00,6.0590,6.0660,6.0440,6.0540,1601208
2007-12-28 14:39:00,6.0530,6.0660,6.0400,6.0560,1999452
2007-12-28 14:38:00,6.0550,6.0610,6.0390,6.0510,1400952
2007-12-28 14:37:00,6.0550,6.0610,6.0380,6.0520,1070048
2007-12-28 14:36:00,6.0550,6.0610,6.0400,6.0520,1765764
2007-12-28 14:35:00,6.0510,6.0610,6.0380,6.0530,1255016
2007-12-28 14:34:00,6.0510,6.0600,6.0360,6.0490,1493996
2007-12-28 14:33:00,6.0500,6.0600,6.0380,6.0490,2480772
2007-12-28 14:32:00,6.0450,6.0570,6.0320,6.0480,3168032
2007-12-28 14:31:00,6.0410,6.0520,6.0300,6.0420,1771756
2007-12-28 14:30:00,6.0400,6.0470,6.0280,6.0390,840168
2007-12-28 14:29:00,6.0360,6.0470,6.0240,6.0380,951468
2007-12-28 14:28:00,6.0290,6.0430,6.0180,6.0340,700952
2007-12-28 14:27:00,6.0350,6.0420,6.0170,6.0270,779128
2007-12-28 14:26:00,6.0400,6.0460,6.0230,6.0330,358260
2007-12-28 14:25:00,6.0380,6.0470,6.0230,6.0380,507444
2007-12-28 14:24:00,6.0320,6.0460,6.0210,6.0360,1056272
2007-12-28 14:23:00,6.0310,6.0420,6.0190,6.0300,688632
2007-12-28 14:22:00,6.0310,6.0390,6.0180,6.0290,546952
2007-12-28 14:21:00,6.0340,6.0400,6.0190,6.0290,542220
2007-12-28 14:20:00,6.0340,6.0410,6.0200,6.0320,880432
2007-12-28 14:19:00,6.0360,6.0460,6.0180,6.0320,950684
2007-12-28 14:18:00,6.0290,6.0420,6.0170,6.0340,1087548
2007-12-28 14:17:00,6.0360,6.0430,6.0150,6.0260,1885548
2007-12-28 14:16:00,6.0370,6.0480,6.0240,6.0340,1885744
2007-12-28 14:15:00,6.0330,6.0450,6.0180,6.0350,2295440
2007-12-28 14:14:00,6.0390,6.0480,6.0220,6.0310,2677640
2007-12-28 14:13:00,6.0440,6.0500,6.0280,6.0370,1623272
2007-12-28 14:12:00,6.0470,6.0530,6.0310,6.0410,1364860
2007-12-28 14:11:00,6.0460,6.0550,6.0320,6.0440,1408120
2007-12-28 14:10:00,6.0450,6.0550,6.0330,6.0430,1491924
2007-12-28 14:09:00,6.0430,6.0510,6.0310,6.0430,797272
2007-12-28 14:08:00,6.0450,6.0510,6.0310,6.0410,635208
2007-12-28 14:07:00,6.0400,6.0510,6.0280,6.0420,770756
2007-12-28 14:06:00,6.0450,6.0530,6.0280,6.0390,977116
2007-12-28 14:05:00,6.0390,6.0510,6.0270,6.0430,1549492
2007-12-28 14:04:00,6.0400,6.0470,6.0260,6.0370,890484
2007-12-28 14:03:00,6.0390,6.0480,6.0270,6.0380,920556
2007-12-28 14:02:00,6.0400,6.0490,6.0260,6.0360,1214220
2007-12-28 14:01:00,6.0470,6.0530,6.0270,6.0380,1900080
2007-12-28 14:00:00,6.0430,6.0550,6.0310,6.0440,2284072
2007-12-28 13:59:00,6.0430,6.0530,6.0300,6.0410,2234960
2007-12-28 13:58:00,6.0370,6.0490,6.0250,6.0400,1989708
2007-12-28 13:57:00,6.0370,6.0440,6.0250,6.0360,793800
2007-12-28 13:56:00,6.0360,6.0460,6.0240,6.0350,1147300
2007-12-28 13:55:00,6.0340,6.0430,6.0210,6.0340,1705956
2007-12-28 13:54:00,6.0290,6.0400,6.0170,6.0310,1125740
2007-12-28 13:53:00,6.0280,6.0360,6.0120,6.0260,2107560
2007-12-28 13:52:00,6.0340,6.0400,6.0150,6.0260,1201844
2007-12-28 13:51:00,6.0310,6.0400,6.0200,6.0320,435960
2007-12-28 13:50:00,6.0360,6.0430,6.0200,6.0290,1092000
2007-12-28 13:49:00,6.0320,6.0450,6.0190,6.0350,1885660
2007-12-28 13:48:00,6.0340,6.0400,6.0180,6.0300,2246216
2007-12-28 13:47:00,6.0250,6.0400,6.0120,6.0310,2739212
2007-12-28 13:46:00,6.0200,6.0320,6.0090,6.0230,659652
2007-12-28 13:45:00,6.0220,6.0290,6.0060,6.0190,858340
2007-12-28 13:44:00,6.0260,6.0320,6.0110,6.0200,809620
2007-12-28 13:43:00,6.0230,6.0320,6.0090,6.0240,1381632
2007-12-28 13:42:00,6.0140,6.0300,6.0030,6.0220,1756440
2007-12-28 13:41:00,6.0100,6.0240,5.9980,6.0120,1399160
2007-12-28 13:40:00,6.0100,6.0160,5.9950,6.0080,724724
2007-12-28 13:39:00,6.0090,6.0170,5.9970,6.0080,446180
2007-12-28 13:38:00,6.0070,6.0180,5.9930,6.0070,1187900
2007-12-28 13:37:00,6.0040,6.0150,5.9920,6.0040,1665888
2007-12-28 13:36:00,6.0130,6.0230,5.9920,6.0020,3099768
2007-12-28 13:35:00,6.0170,6.0280,6.0010,6.0120,2277408
2007-12-28 13:34:00,6.0180,6.0270,6.0050,6.0160,1908368
2007-12-28 13:33:00,6.0260,6.0320,6.0050,6.0150,2293900
2007-12-28 13:32:00,6.0260,6.0330,6.0140,6.0240,821548
2007-12-28 13:31:00,6.0280,6.0340,6.0130,6.0240,877744
2007-12-28 13:30:00,6.0240,6.0340,6.0120,6.0250,1341816
2007-12-28 13:29:00,6.0260,6.0330,6.0120,6.0220,1266216
2007-12-28 13:28:00,6.0250,6.0350,6.0110,6.0240,1784748
2007-12-28 13:27:00,6.0270,6.0340,6.0120,6.0230,751772
2007-12-28 13:26:00,6.0240,6.0340,6.0110,6.0250,1310736
2007-12-28 13:25:00,6.0250,6.0330,6.0090,6.0210,1356992
2007-12-28 13:24:00,6.0260,6.0330,6.0090,6.0220,1391376
2007-12-28 13:23:00,6.0130,6.0320,6.0020,6.0230,2406040
2007-12-28 13:22:00,6.0120,6.0230,6.0000,6.0110,775880
2007-12-28 13:21:00,6.0140,6.0220,6.0000,6.0100,630364
2007-12-28 13:20:00,6.0100,6.0250,5.9980,6.0120,2339148
2007-12-28 13:19:00,6.0120,6.0190,5.9950,6.0080,644560
2007-12-28 13:18:00,6.0070,6.0190,5.9950,6.0090,1897056
2007-12-28 13:17:00,6.0130,6.0210,5.9940,6.0040,1470336
2007-12-28 13:16:00,6.0080,6.0200,5.9950,6.0110,1017408
2007-12-28 13:15:00,6.0060,6.0170,5.9940,6.0060,1681876
2007-12-28 13:14:00,6.0100,6.0170,5.9920,6.0040,1572872
2007-12-28 13:13:00,6.0090,6.0200,5.9970,6.0080,1209824
2007-12-28 13:12:00,6.0120,6.0230,5.9970,6.0060,2105852
2007-12-28 13:11:00,6.0090,6.0180,5.9940,6.0100,1586648
2007-12-28 13:10:00,6.0160,6.0240,5.9930,6.0060,2218636
2007-12-28 13:09:00,6.0120,6.0220,5.9970,6.0130,1430240
2007-12-28 13:08:00,6.0120,6.0220,5.9950,6.0100,2554916
2007-12-28 13:07:00,6.0020,6.0180,5.9890,6.0090,3174220
2007-12-28 13:06:00,5.9990,6.0120,5.9870,6.0010,3004876
2007-12-28 13:05:00,5.9920,6.0070,5.9780,5.9980,2401224
2007-12-28 13:04:00,5.9860,6.0000,5.9720,5.9890,3325644
2007-12-28 13:03:00,5.9790,5.9930,5.9660,5.9850,2619316
2007-12-28 13:02:00,5.9770,5.9870,5.9590,5.9770,2704660
2007-12-28 13:01:00,5.9820,5.9880,5.9580,5.9740,4989936
2007-12-28 13:00:00,5.9950,6.0010,5.9680,5.9800,3665256
2007-12-28 12:59:00,5.9960,6.0060,5.9810,5.9920,1409044
2007-12-28 12:58:00,6.0010,6.0070,5.9820,5.9940,1264788
2007-12-28 12:57:00,6.0010,6.0090,5.9830,5.9980,1506904
2007-12-28 12:56:00,6.0030,6.0130,5.9890,5.9990,1671544
2007-12-28 12:55:00,6.0060,6.0140,5.9880,6.0010,1993824
2007-12-28 12:54:00,6.0060,6.0140,5.9930,6.0040,1431836
2007-12-28 12:53:00,5.9940,6.0140,5.9800,6.0040,2400916
2007-12-28 12:52:00,5.9990,6.0060,5.9820,5.9920,2464364
2007-12-28 12:51:00,6.0000,6.0090,5.9870,5.9960,1523088
2007-12-28 12:50:00,6.0020,6.0100,5.9880,5.9980,2834048
2007-12-28 12:49:00,6.0140,6.0200,5.9770,5.9990,6085772
2007-12-28 12:48:00,6.0140,6.0210,5.9990,6.0110,1733284
2007-12-28 12:47:00,6.0140,6.0250,6.0020,6.0120,1500968
2007-12-28 12:46:00,6.0220,6.0290,6.0000,6.0120,3583804
2007-12-28 12:45:00,6.0220,6.0320,6.0090,6.0200,1597316
2007-12-28 12:44:00,6.0350,6.0410,6.0110,6.0200,2413012
2007-12-28 12:43:00,6.0390,6.0460,6.0230,6.0320,902328
2007-12-28 12:42:00,6.0370,6.0490,6.0220,6.0370,1940596
2007-12-28 12:41:00,6.0270,6.0450,6.0150,6.0340,1902740
2007-12-28 12:40:00,6.0290,6.0360,6.0140,6.0260,1032836
2007-12-28 12:39:00,6.0310,6.0390,6.0170,6.0270,1064140
2007-12-28 12:38:00,6.0280,6.0390,6.0150,6.0280,845236
2007-12-28 12:37:00,6.0310,6.0380,6.0160,6.0260,746788
2007-12-28 12:36:00,6.0290,6.0390,6.0180,6.0290,1033060
2007-12-28 12:35:00,6.0270,6.0380,6.0130,6.0270,913752
2007-12-28 12:34:00,6.0300,6.0370,6.0150,6.0260,843416
2007-12-28 12:33:00,6.0300,6.0400,6.0150,6.0280,768740
2007-12-28 12:32:00,6.0290,6.0360,6.0130,6.0280,1486492
2007-12-28 12:31:00,6.0290,6.0390,6.0140,6.0270,1465072
2007-12-28 12:30:00,6.0290,6.0350,6.0140,6.0270,894040
2007-12-28 12:29:00,6.0270,6.0350,6.0130,6.0270,950096
2007-12-28 12:28:00,6.0330,6.0400,6.0090,6.0240,3411660
2007-12-28 12:27:00,6.0360,6.0420,6.0210,6.0310,1505504
2007-12-28 12:26:00,6.0340,6.0420,6.0220,6.0330,1460452
2007-12-28 12:25:00,6.0380,6.0470,6.0220,6.0320,1311968
2007-12-28 12:24:00,6.0430,6.0490,6.0240,6.0350,890400
2007-12-28 12:23:00,6.0410,6.0510,6.0280,6.0410,928340
2007-12-28 12:22:00,6.0380,6.0490,6.0240,6.0390,1563856
2007-12-28 12:21:00,6.0380,6.0470,6.0230,6.0360,1127840
2007-12-28 12:20:00,6.0350,6.0490,6.0230,6.0350,1118908
2007-12-28 12:19:00,6.0360,6.0440,6.0180,6.0320,1265768
2007-12-28 12:18:00,6.0410,6.0500,6.0240,6.0340,930272
2007-12-28 12:17:00,6.0440,6.0510,6.0250,6.0380,1039556
2007-12-28 12:16:00,6.0440,6.0510,6.0300,6.0420,818720
2007-12-28 12:15:00,6.0470,6.0540,6.0290,6.0410,1415960
2007-12-28 12:14:00,6.0390,6.0530,6.0250,6.0440,1427664
2007-12-28 12:13:00,6.0340,6.0480,6.0220,6.0370,2279760
2007-12-28 12:12:00,6.0340,6.0420,6.0150,6.0320,3254468
2007-12-28 12:11:00,6.0380,6.0460,6.0220,6.0320,2325540
2007-12-28 12:10:00,6.0390,6.0700,6.0250,6.0370,2863420
2007-12-28 12:09:00,6.0490,6.0550,6.0270,6.0370,2264556
2007-12-28 12:08:00,6.0550,6.0610,6.0340,6.0460,2025604
2007-12-28 12:07:00,6.0540,6.0610,6.0420,6.0530,833560
2007-12-28 12:06:00,6.0550,6.0650,6.0410,6.0520,1799672
2007-12-28 12:05:00,6.0580,6.0640,6.0440,6.0530,1088136
2007-12-28 12:04:00,6.0610,6.0680,6.0460,6.0560,619304
2007-12-28 12:03:00,6.0610,6.0690,6.0490,6.0590,550844
2007-12-28 12:02:00,6.0640,6.0710,6.0490,6.0590,854168
2007-12-28 12:01:00,6.0580,6.0730,6.0470,6.0610,1392328
2007-12-28 12:00:00,6.0630,6.0700,6.0470,6.0560,1211140
2007-12-28 11:59:00,6.0650,6.0720,6.0430,6.0610,3302208
2007-12-28 11:58:00,6.0720,6.0790,6.0530,6.0630,1237796
2007-12-28 11:57:00,6.0730,6.0820,6.0600,6.0700,849688
2007-12-28 11:56:00,6.0710,6.0800,6.0600,6.0710,930020
2007-12-28 11:55:00,6.0700,6.0780,6.0570,6.0680,455840
2007-12-28 11:54:00,6.0720,6.0780,6.0580,6.0680,565068
2007-12-28 11:53:00,6.0720,6.0800,6.0560,6.0700,1349208
2007-12-28 11:52:00,6.0730,6.0820,6.0600,6.0700,482160
2007-12-28 11:51:00,6.0750,6.0830,6.0600,6.0700,721924
2007-12-28 11:50:00,6.0780,6.0840,6.0640,6.0730,411292
2007-12-28 11:49:00,6.0760,6.0840,6.0630,6.0760,258580
2007-12-28 11:48:00,6.0760,6.0820,6.0600,6.0730,945672
2007-12-28 11:47:00,6.0780,6.0850,6.0640,6.0740,420588
2007-12-28 11:46:00,6.0820,6.0880,6.0650,6.0760,638736
2007-12-28 11:45:00,6.0790,6.0880,6.0670,6.0790,588336
2007-12-28 11:44:00,6.0760,6.0860,6.0650,6.0770,692440
2007-12-28 11:43:00,6.0770,6.0840,6.0650,6.0740,530796
2007-12-28 11:42:00,6.0780,6.0870,6.0650,6.0750,682108
2007-12-28 11:41:00,6.0760,6.0850,6.0640,6.0750,758912
2007-12-28 11:40:00,6.0800,6.0860,6.0630,6.0740,893844
2007-12-28 11:39:00,6.0790,6.0870,6.0670,6.0780,1462692
2007-12-28 11:38:00,6.0760,6.0860,6.0640,6.0760,1702904
2007-12-28 11:37:00,6.0740,6.0840,6.0610,6.0740,1558900
2007-12-28 11:36:00,6.0700,6.0800,6.0580,6.0710,1254932
2007-12-28 11:35:00,6.0690,6.0760,6.0570,6.0680,430948
2007-12-28 11:34:00,6.0710,6.0790,6.0570,6.0670,679840
2007-12-28 11:33:00,6.0660,6.0780,6.0540,6.0680,872956
2007-12-28 11:32:00,6.0640,6.0740,6.0510,6.0640,786464
2007-12-28 11:31:00,6.0680,6.0750,6.0480,6.0610,2191980
2007-12-28 11:30:00,6.0720,6.0790,6.0550,6.0660,907760
2007-12-28 11:29:00,6.0700,6.0800,6.0580,6.0700,649264
2007-12-28 11:28:00,6.0700,6.0800,6.0570,6.0670,811020
2007-12-28 11:27:00,6.0710,6.0800,6.0570,6.0680,713244
2007-12-28 11:26:00,6.0710,6.0810,6.0580,6.0690,891268
2007-12-28 11:25:00,6.0680,6.0790,6.0560,6.0680,530964
2007-12-28 11:24:00,6.0750,6.0810,6.0560,6.0650,1049440
2007-12-28 11:23:00,6.0730,6.0810,6.0600,6.0720,757288
2007-12-28 11:22:00,6.0730,6.0820,6.0590,6.0700,1117396
2007-12-28 11:21:00,6.0690,6.0820,6.0570,6.0710,1519560
2007-12-28 11:20:00,6.0700,6.0770,6.0560,6.0670,955836
2007-12-28 11:19:00,6.0700,6.0770,6.0540,6.0680,1301160
2007-12-28 11:18:00,6.0710,6.0780,6.0560,6.0680,1275120
2007-12-28 11:17:00,6.0710,6.0800,6.0580,6.0690,1689660
2007-12-28 11:16:00,6.0640,6.0770,6.0510,6.0680,3050376
2007-12-28 11:15:00,6.0620,6.0700,6.0480,6.0620,1804208
2007-12-28 11:14:00,6.0550,6.0680,6.0420,6.0600,1530424
2007-12-28 11:13:00,6.0540,6.0640,6.0420,6.0510,709352
2007-12-28 11:12:00,6.0550,6.0620,6.0410,6.0510,750848
2007-12-28 11:11:00,6.0530,6.0630,6.0410,6.0530,860580
2007-12-28 11:10:00,6.0540,6.0640,6.0410,6.0500,1332240
2007-12-28 11:09:00,6.0520,6.0610,6.0380,6.0520,1662528
2007-12-28 11:08:00,6.0500,6.0590,6.0360,6.0500,958076
2007-12-28 11:07:00,6.0480,6.0580,6.0340,6.0490,1789844
2007-12-28 11:06:00,6.0540,6.0600,6.0340,6.0460,2079896
2007-12-28 11:05:00,6.0530,6.0620,6.0360,6.0520,2875880
2007-12-28 11:04:00,6.0550,6.0630,6.0410,6.0510,1223880
2007-12-28 11:03:00,6.0600,6.0690,6.0420,6.0520,1092000
2007-12-28 11:02:00,6.0590,6.0690,6.0470,6.0570,835884
2007-12-28 11:01:00,6.0630,6.0700,6.0470,6.0570,927136
2007-12-28 11:00:00,6.0630,6.0730,6.0510,6.0610,1801128
2007-12-28 10:59:00,6.0580,6.0690,6.0450,6.0600,1236480
2007-12-28 10:58:00,6.0550,6.0660,6.0410,6.0540,1538068
2007-12-28 10:57:00,6.0590,6.0650,6.0390,6.0530,1955464
2007-12-28 10:56:00,6.0650,6.0710,6.0430,6.0560,2263548
2007-12-28 10:55:00,6.0690,6.0760,6.0520,6.0630,1723064
2007-12-28 10:54:00,6.0660,6.0760,6.0540,6.0670,1120812
2007-12-28 10:53:00,6.0620,6.0740,6.0490,6.0650,1826132
2007-12-28 10:52:00,6.0630,6.0700,6.0420,6.0590,4570020
2007-12-28 10:51:00,6.0690,6.0770,6.0500,6.0610,2277212
2007-12-28 10:50:00,6.0720,6.0790,6.0570,6.0660,1207164
2007-12-28 10:49:00,6.0680,6.0790,6.0550,6.0710,1548484
2007-12-28 10:48:00,6.0690,6.0780,6.0550,6.0660,984340
2007-12-28 10:47:00,6.0680,6.0780,6.0550,6.0670,1586032
2007-12-28 10:46:00,6.0680,6.0780,6.0510,6.0660,3461892
2007-12-28 10:45:00,6.0700,6.0780,6.0560,6.0660,1375528
2007-12-28 10:44:00,6.0770,6.0840,6.0590,6.0690,1596896
2007-12-28 10:43:00,6.0760,6.0840,6.0620,6.0750,934136
2007-12-28 10:42:00,6.0780,6.0840,6.0640,6.0740,742364
2007-12-28 10:41:00,6.0810,6.0900,6.0630,6.0750,2259012
2007-12-28 10:40:00,6.0770,6.0870,6.0650,6.0790,1207108
2007-12-28 10:39:00,6.0720,6.0830,6.0610,6.0740,1150212
2007-12-28 10:38:00,6.0710,6.0790,6.0580,6.0700,850892
2007-12-28 10:37:00,6.0760,6.0820,6.0580,6.0680,1239588
2007-12-28 10:36:00,6.0690,6.0840,6.0550,6.0740,2498160
2007-12-28 10:35:00,6.0790,6.0860,6.0570,6.0670,3587696
2007-12-28 10:34:00,6.0830,6.0890,6.0680,6.0780,1329160
2007-12-28 10:33:00,6.0840,6.0940,6.0680,6.0810,1518468
2007-12-28 10:32:00,6.0870,6.0950,6.0710,6.0810,1735104
2007-12-28 10:31:00,6.0880,6.0960,6.0700,6.0840,3250996
2007-12-28 10:30:00,6.0920,6.0990,6.0760,6.0860,948528
2007-12-28 10:29:00,6.0900,6.0990,6.0750,6.0900,1261512
2007-12-28 10:28:00,6.0870,6.0970,6.0730,6.0880,991284
2007-12-28 10:27:00,6.0870,6.0970,6.0750,6.0850,568932
2007-12-28 10:26:00,6.0930,6.1010,6.0740,6.0850,1911308
2007-12-28 10:25:00,6.0890,6.1000,6.0740,6.0910,1037232
2007-12-28 10:24:00,6.0900,6.0990,6.0770,6.0860,828800
2007-12-28 10:23:00,6.0900,6.0990,6.0770,6.0880,897988
2007-12-28 10:22:00,6.0930,6.1000,6.0740,6.0870,1311324
2007-12-28 10:21:00,6.0930,6.1010,6.0790,6.0890,1368052
2007-12-28 10:20:00,6.0980,6.1040,6.0800,6.0900,1784216
2007-12-28 10:19:00,6.0840,6.1040,6.0730,6.0950,3432660
2007-12-28 10:18:00,6.0830,6.0920,6.0710,6.0820,732788
2007-12-28 10:17:00,6.0820,6.0920,6.0690,6.0810,1362396
2007-12-28 10:16:00,6.0820,6.0890,6.0690,6.0800,721840
2007-12-28 10:15:00,6.0850,6.0930,6.0680,6.0790,2181424
2007-12-28 10:14:00,6.0850,6.0930,6.0700,6.0820,1416016
2007-12-28 10:13:00,6.0840,6.0930,6.0710,6.0840,1555540
2007-12-28 10:12:00,6.0770,6.0900,6.0660,6.0810,1322916
2007-12-28 10:11:00,6.0810,6.0900,6.0620,6.0760,1811684
2007-12-28 10:10:00,6.0790,6.0900,6.0670,6.0780,1798720
2007-12-28 10:09:00,6.0720,6.0870,6.0590,6.0770,3073560
2007-12-28 10:08:00,6.0720,6.0810,6.0560,6.0700,2620184
2007-12-28 10:07:00,6.0800,6.0880,6.0600,6.0700,2514988
2007-12-28 10:06:00,6.0710,6.0870,6.0580,6.0770,3238816
2007-12-28 10:05:00,6.0660,6.0860,6.0530,6.0700,5369840
2007-12-28 10:04:00,6.0710,6.0780,6.0510,6.0650,6522992
2007-12-28 10:03:00,6.0820,6.0900,6.0590,6.0700,2796416
2007-12-28 10:02:00,6.0790,6.0950,6.0670,6.0800,2633960
2007-12-28 10:01:00,6.0750,6.0890,6.0610,6.0770,2829624
2007-12-28 10:00:00,6.0910,6.0970,6.0620,6.0730,4609164
2007-12-28 09:59:00,6.0910,6.0980,6.0770,6.0880,1466164
2007-12-28 09:58:00,6.0850,6.0980,6.0720,6.0890,1966384
2007-12-28 09:57:00,6.0860,6.0940,6.0720,6.0830,937020
2007-12-28 09:56:00,6.0850,6.0940,6.0720,6.0850,1173732
2007-12-28 09:55:00,6.0890,6.0960,6.0710,6.0830,2159668
2007-12-28 09:54:00,6.0930,6.0990,6.0740,6.0870,2107728
2007-12-28 09:53:00,6.0900,6.1000,6.0770,6.0910,982604
2007-12-28 09:52:00,6.0940,6.1010,6.0790,6.0900,708820
2007-12-28 09:51:00,6.0940,6.1030,6.0780,6.0920,1260336
2007-12-28 09:50:00,6.0950,6.1040,6.0790,6.0920,1115072
2007-12-28 09:49:00,6.0870,6.1040,6.0750,6.0920,1985004
2007-12-28 09:48:00,6.0900,6.1010,6.0750,6.0850,2057104
2007-12-28 09:47:00,6.0950,6.1060,6.0750,6.0890,2625392
2007-12-28 09:46:00,6.0990,6.1090,6.0830,6.0940,3727920
2007-12-28 09:45:00,6.0970,6.1130,6.0830,6.0970,4707276
2007-12-28 09:44:00,6.0960,6.1040,6.0770,6.0940,2081576
2007-12-28 09:43:00,6.0960,6.1040,6.0770,6.0940,2287096
2007-12-28 09:42:00,6.1040,6.1110,6.0830,6.0950,2483684
2007-12-28 09:41:00,6.0950,6.1180,6.0790,6.1020,3071460
2007-12-28 09:40:00,6.0970,6.1070,6.0770,6.0940,2585520
2007-12-28 09:39:00,6.0790,6.1040,6.0660,6.0950,3668392
2007-12-28 09:38:00,6.0830,6.0890,6.0590,6.0770,2979676
2007-12-28 09:37:00,6.0870,6.0960,6.0680,6.0810,3209556
2007-12-28 09:36:00,6.0860,6.0950,6.0680,6.0850,4852904
2007-12-28 09:35:00,6.0940,6.1010,6.0700,6.0840,4415432
2007-12-28 09:34:00,6.1090,6.1160,6.0750,6.0920,7141064
2007-12-28 09:33:00,6.0950,6.1170,6.0770,6.1070,5560408
2007-12-28 09:32:00,6.0980,6.1050,6.0740,6.0930,3775436
2007-12-28 09:31:00,6.0830,6.1080,6.0710,6.0960,5965288
2007-12-28 09:30:00,6.0820,6.1010,6.0570,6.0810,8377796
2007-12-28 09:29:00,6.0690,6.0870,6.0560,6.0780,173600
2007-12-28 09:28:00,6.0690,6.0800,6.0550,6.0670,249340
2007-12-28 09:27:00,6.0740,6.0800,6.0570,6.0670,80640
2007-12-28 09:26:00,6.0780,6.0840,6.0630,6.0730,23800
2007-12-28 09:25:00,6.0760,6.0820,6.0640,6.0740,2800
2007-12-28 09:24:00,6.0760,6.0820,6.0620,6.0720,73920
2007-12-28 09:23:00,6.0810,6.0870,6.0640,6.0740,204400
2007-12-28 09:22:00,6.0780,6.0870,6.0660,6.0790,49392
2007-12-28 09:21:00,6.0790,6.0860,6.0660,6.0760,70448
2007-12-28 09:20:00,6.0760,6.0890,6.0650,6.0780,169092
2007-12-28 09:19:00,6.0760,6.0820,6.0640,6.0740,9800
2007-12-28 09:18:00,6.0780,6.0840,6.0650,6.0740,49700
2007-12-28 09:17:00,6.0780,6.0840,6.0660,6.0750,16688
2007-12-28 09:16:00,6.0780,6.0840,6.0660,6.0760,16800
2007-12-28 09:15:00,6.0790,6.0850,6.0670,6.0770,5600
2007-12-28 09:14:00,6.0760,6.0830,6.0640,6.0740,12600
2007-12-28 09:13:00,6.0760,6.0830,6.0650,6.0740,61880
2007-12-28 09:12:00,6.0750,6.0830,6.0630,6.0740,53788
2007-12-28 09:11:00,6.0760,6.0830,6.0620,6.0740,45220
2007-12-28 09:10:00,6.0760,6.0860,6.0620,6.0740,250908
2007-12-28 09:09:00,6.0730,6.0820,6.0620,6.0730,19320
2007-12-28 09:08:00,6.0700,6.0790,6.0580,6.0700,127848
2007-12-28 09:07:00,6.0670,6.0770,6.0540,6.0650,69300
2007-12-28 09:06:00,6.0690,6.0750,6.0550,6.0660,62328
2007-12-28 09:05:00,6.0700,6.0780,6.0570,6.0660,105000
2007-12-28 09:04:00,6.0730,6.0790,6.0600,6.0700,35000
2007-12-28 09:03:00,6.0760,6.0820,6.0610,6.0700,27524
2007-12-28 09:02:00,6.0780,6.0840,6.0640,6.0740,63196
2007-12-28 09:01:00,6.0750,6.0840,6.0630,6.0750,28560
2007-12-28 09:00:00,6.0740,6.0810,6.0630,6.0720,8400
2007-12-28 08:59:00,6.0690,6.0770,6.0540,6.0680,110124
2007-12-28 08:58:00,6.0690,6.0770,6.0540,6.0680,131376
2007-12-28 08:57:00,6.0700,6.0770,6.0560,6.0660,22400
2007-12-28 08:56:00,6.0700,6.0800,6.0530,6.0700,281680
2007-12-28 08:55:00,6.0730,6.0800,6.0580,6.0670,43008
2007-12-28 08:54:00,6.0740,6.0800,6.0610,6.0710,11200
2007-12-28 08:53:00,6.0760,6.0830,6.0600,6.0700,50960
2007-12-28 08:52:00,6.0750,6.0830,6.0610,6.0700,46200
2007-12-28 08:51:00,6.0760,6.0830,6.0650,6.0740,6328
2007-12-28 08:50:00,6.0760,6.0840,6.0650,6.0760,15512
2007-12-28 08:48:00,6.0740,6.0800,6.0600,6.0700,85316
2007-12-28 08:47:00,6.0760,6.0850,6.0650,6.0770,27440
2007-12-28 08:46:00,6.0720,6.0830,6.0590,6.0740,43316
2007-12-28 08:45:00,6.0710,6.0790,6.0580,6.0710,66220
2007-12-28 08:44:00,6.0710,6.0770,6.0580,6.0680,11200
2007-12-28 08:43:00,6.0720,6.0780,6.0580,6.0690,22400
2007-12-28 08:42:00,6.0710,6.0770,6.0560,6.0690,131936
2007-12-28 08:41:00,6.0760,6.0830,6.0600,6.0700,80080
2007-12-28 08:40:00,6.0790,6.0860,6.0630,6.0720,100520
2007-12-28 08:39:00,6.0810,6.0880,6.0690,6.0790,44688
2007-12-28 08:37:00,6.0780,6.0840,6.0650,6.0760,29400
2007-12-28 08:36:00,6.0740,6.0850,6.0620,6.0760,14924
2007-12-28 08:35:00,6.0760,6.0830,6.0620,6.0710,49504
2007-12-28 08:34:00,6.0810,6.0870,6.0650,6.0740,101164
2007-12-28 08:33:00,6.0830,6.0890,6.0690,6.0790,93688
2007-12-28 08:32:00,6.0860,6.0920,6.0710,6.0810,118440
2007-12-28 08:31:00,6.0860,6.0920,6.0740,6.0830,14000
2007-12-28 08:28:00,6.0860,6.0920,6.0730,6.0820,7840
2007-12-28 08:27:00,6.0860,6.0920,6.0740,6.0830,2800
2007-12-28 08:26:00,6.0900,6.0960,6.0760,6.0860,25200
2007-12-28 08:25:00,6.0910,6.0970,6.0780,6.0880,33264
2007-12-28 08:24:00,6.0870,6.0960,6.0750,6.0860,19600
2007-12-28 08:22:00,6.0870,6.0990,6.0750,6.0890,44268
2007-12-28 08:21:00,6.0860,6.0920,6.0740,6.0830,29372
2007-12-28 08:20:00,6.0860,6.0920,6.0740,6.0830,21672
2007-12-28 08:19:00,6.0840,6.0900,6.0720,6.0820,2800
2007-12-28 08:18:00,6.0840,6.0920,6.0710,6.0800,80388
2007-12-28 08:16:00,6.0870,6.0950,6.0730,6.0830,139720
2007-12-28 08:15:00,6.0860,6.0940,6.0740,6.0860,14700
2007-12-28 08:14:00,6.0900,6.0960,6.0750,6.0850,33740
2007-12-28 08:13:00,6.0910,6.0990,6.0780,6.0880,33796
2007-12-28 08:12:00,6.0900,6.0990,6.0770,6.0910,38080
2007-12-28 08:11:00,6.0880,6.0990,6.0750,6.0890,166460
2007-12-28 08:10:00,6.0920,6.0980,6.0770,6.0890,233800
2007-12-28 08:09:00,6.0940,6.1010,6.0790,6.0890,97440
2007-12-28 08:08:00,6.0990,6.1050,6.0800,6.0920,254800
2007-12-28 08:07:00,6.0990,6.1080,6.0790,6.0920,188552
2007-12-28 08:06:00,6.0990,6.1080,6.0870,6.0970,162092
2007-12-28 08:05:00,6.0930,6.1070,6.0760,6.0970,448672
2007-12-28 08:04:00,6.0900,6.0990,6.0750,6.0860,505036
2007-12-28 08:03:00,6.0830,6.0960,6.0710,6.0850,311668
2007-12-28 08:02:00,6.0820,6.0900,6.0650,6.0800,85680
2007-12-28 08:01:00,6.0830,6.0910,6.0680,6.0770,163800
2007-12-28 08:00:00,6.0860,6.0970,6.0620,6.0830,639044
2007-12-28 07:59:00,6.0870,6.0940,6.0740,6.0860,14000
2007-12-28 07:57:00,6.0920,6.0980,6.0800,6.0890,4200
2007-12-28 07:55:00,6.0890,6.0960,6.0750,6.0880,11200
2007-12-28 07:54:00,6.0870,6.0930,6.0750,6.0850,28000
2007-12-28 07:53:00,6.0870,6.0930,6.0750,6.0850,2800
2007-12-28 07:50:00,6.0890,6.0950,6.0770,6.0860,11200
2007-12-28 07:49:00,6.0860,6.0970,6.0740,6.0850,148400
2007-12-28 07:48:00,6.0870,6.0930,6.0750,6.0850,11200
2007-12-28 07:46:00,6.0870,6.0950,6.0750,6.0860,25200
2007-12-28 07:44:00,6.0710,6.0840,6.0590,6.0760,19796
2007-12-28 07:42:00,6.0780,6.0840,6.0660,6.0760,2800
2007-12-28 07:36:00,6.0790,6.0850,6.0660,6.0770,195608
2007-12-28 07:35:00,6.0790,6.0850,6.0670,6.0770,8400
2007-12-28 07:34:00,6.0670,6.0860,6.0560,6.0770,44996
2007-12-28 07:33:00,6.0690,6.0750,6.0570,6.0670,5600
2007-12-28 07:32:00,6.0860,6.0920,6.0540,6.0680,61600
2007-12-28 07:31:00,6.0810,6.0880,6.0590,6.0680,39508
2007-12-28 07:23:00,6.0930,6.1000,6.0810,6.0910,39200
2007-12-28 07:22:00,6.0930,6.0990,6.0810,6.0910,56000
2007-12-28 07:21:00,6.0790,6.0860,6.0680,6.0770,14000
2007-12-28 07:20:00,6.0940,6.1000,6.0770,6.0860,75600
2007-12-28 07:19:00,6.0940,6.1000,6.0820,6.0920,35560
2007-12-28 07:18:00,6.0890,6.0950,6.0770,6.0860,24052
2007-12-28 07:17:00,6.0860,6.0920,6.0740,6.0830,12880
2007-12-28 07:16:00,6.0890,6.0950,6.0740,6.0830,64120
2007-12-28 07:15:00,6.0890,6.0950,6.0770,6.0860,11200
2007-12-28 07:14:00,6.0850,6.0950,6.0740,6.0830,89600
2007-12-28 07:13:00,6.0840,6.0900,6.0720,6.0820,11200
2007-12-28 07:12:00,6.0810,6.0870,6.0690,6.0790,2800
2007-12-28 07:10:00,6.0790,6.0860,6.0680,6.0770,2800
2007-12-28 05:07:00,6.0620,6.0680,6.0500,6.0600,2800
2007-12-27 19:59:00,6.0290,6.0360,6.0150,6.0240,42000
2007-12-27 19:58:00,6.0290,6.0360,6.0150,6.0240,47600
2007-12-27 19:57:00,6.0310,6.0370,6.0180,6.0270,12880
2007-12-27 19:56:00,6.0290,6.0360,6.0180,6.0270,3920
2007-12-27 19:55:00,6.0300,6.0370,6.0180,6.0280,43680
2007-12-27 19:54:00,6.0310,6.0370,6.0190,6.0280,3080
2007-12-27 19:51:00,6.0280,6.0360,6.0160,6.0280,18200
2007-12-27 19:49:00,6.0270,6.0330,6.0150,6.0250,4900
2007-12-27 19:48:00,6.0310,6.0370,6.0190,6.0280,8260
2007-12-27 19:44:00,6.0280,6.0340,6.0160,6.0260,5600
2007-12-27 19:42:00,6.0310,6.0370,6.0190,6.0290,2856
2007-12-27 19:41:00,6.0320,6.0390,6.0210,6.0300,2800
2007-12-27 19:36:00,6.0310,6.0370,6.0190,6.0290,4200
2007-12-27 19:34:00,6.0260,6.0330,6.0150,6.0240,2800
2007-12-27 19:33:00,6.0270,6.0330,6.0150,6.0250,19460
2007-12-27 19:30:00,6.0300,6.0360,6.0150,6.0240,84644
2007-12-27 19:29:00,6.0310,6.0370,6.0200,6.0290,5488
2007-12-27 19:19:00,6.0310,6.0370,6.0190,6.0290,27328
2007-12-27 19:14:00,6.0340,6.0400,6.0220,6.0310,4200
2007-12-27 19:13:00,6.0340,6.0400,6.0220,6.0320,17108
2007-12-27 19:12:00,6.0340,6.0400,6.0220,6.0320,23660
2007-12-27 19:07:00,6.0330,6.0400,6.0220,6.0310,4676
2007-12-27 18:58:00,6.0340,6.0400,6.0180,6.0280,7896
2007-12-27 18:57:00,6.0320,6.0400,6.0190,6.0290,16296
2007-12-27 18:53:00,6.0320,6.0400,6.0200,6.0320,42728
2007-12-27 18:52:00,6.0320,6.0380,6.0200,6.0290,2800
2007-12-27 18:50:00,6.0310,6.0370,6.0190,6.0290,14000
2007-12-27 18:45:00,6.0310,6.0370,6.0190,6.0290,4368
2007-12-27 18:44:00,6.0310,6.0370,6.0190,6.0290,12432
2007-12-27 18:41:00,6.0310,6.0370,6.0190,6.0290,8232
2007-12-27 18:39:00,6.0290,6.0360,6.0180,6.0270,4480
2007-12-27 18:35:00,6.0310,6.0370,6.0190,6.0290,25368
2007-12-27 18:34:00,6.0300,6.0360,6.0180,6.0280,10080
2007-12-27 18:32:00,6.0300,6.0360,6.0180,6.0280,5600
2007-12-27 18:31:00,6.0300,6.0360,6.0180,6.0280,10080
2007-12-27 18:30:00,6.0290,6.0350,6.0170,6.0270,13888
2007-12-27 18:26:00,6.0290,6.0360,6.0170,6.0270,35000
2007-12-27 18:22:00,6.0270,6.0350,6.0150,6.0270,19600
2007-12-27 18:21:00,6.0290,6.0350,6.0170,6.0270,8400
2007-12-27 18:19:00,6.0290,6.0350,6.0170,6.0270,8400
2007-12-27 18:18:00,6.0310,6.0370,6.0190,6.0290,2800
2007-12-27 18:16:00,6.0310,6.0370,6.0190,6.0280,2800
2007-12-27 18:15:00,6.0280,6.0370,6.0160,6.0280,16800
2007-12-27 18:10:00,6.0290,6.0360,6.0090,6.0270,42700
2007-12-27 18:07:00,6.0290,6.0360,6.0180,6.0270,2800
2007-12-27 18:06:00,6.0280,6.0340,6.0160,6.0250,24500
2007-12-27 18:05:00,6.0250,6.0310,6.0130,6.0230,40684
2007-12-27 18:04:00,6.0260,6.0330,6.0150,6.0240,2800
2007-12-27 18:03:00,6.0260,6.0330,6.0150,6.0240,2800
2007-12-27 17:59:00,6.0280,6.0340,6.0160,6.0250,5600
2007-12-27 17:58:00,6.0280,6.0360,6.0170,6.0280,16800
2007-12-27 17:57:00,6.0260,6.0340,6.0150,6.0260,9884
2007-12-27 17:56:00,6.0250,6.0320,6.0130,6.0230,8400
2007-12-27 17:55:00,6.0240,6.0310,6.0130,6.0220,31388
2007-12-27 17:53:00,6.0240,6.0300,6.0120,6.0220,2800
2007-12-27 17:52:00,6.0240,6.0300,6.0120,6.0220,2800
2007-12-27 17:47:00,6.0220,6.0290,6.0110,6.0200,13804
2007-12-27 17:46:00,6.0230,6.0300,6.0120,6.0220,8400
2007-12-27 17:42:00,6.0230,6.0290,6.0100,6.0200,5600
2007-12-27 17:39:00,6.0200,6.0260,6.0090,6.0180,5600
2007-12-27 17:38:00,6.0190,6.0250,6.0070,6.0170,14000
2007-12-27 17:37:00,6.0190,6.0260,6.0070,6.0170,11200
2007-12-27 17:36:00,6.0190,6.0260,6.0080,6.0170,2800
2007-12-27 17:35:00,6.0190,6.0260,6.0080,6.0170,14000
2007-12-27 17:32:00,6.0190,6.0260,6.0080,6.0170,2800
2007-12-27 17:28:00,6.0220,6.0280,6.0100,6.0200,2800
2007-12-27 17:26:00,6.0190,6.0260,6.0080,6.0170,12880
2007-12-27 17:25:00,6.0200,6.0260,6.0070,6.0170,10752
2007-12-27 17:19:00,6.0220,6.0290,6.0070,6.0170,12320
2007-12-27 17:16:00,6.0250,6.0310,6.0140,6.0230,2800
2007-12-27 17:13:00,6.0230,6.0320,6.0120,6.0240,5600
2007-12-27 17:12:00,6.0230,6.0290,6.0120,6.0210,27020
2007-12-27 17:11:00,6.0220,6.0290,6.0090,6.0200,35000
2007-12-27 17:09:00,6.0220,6.0280,6.0100,6.0190,8400
2007-12-27 17:05:00,6.0240,6.0330,6.0070,6.0240,112000
2007-12-27 17:04:00,6.0260,6.0320,6.0140,6.0240,2800
2007-12-27 17:03:00,6.0260,6.0320,6.0140,6.0240,18144
2007-12-27 17:02:00,6.0250,6.0310,6.0110,6.0200,30800
2007-12-27 17:01:00,6.0250,6.0310,6.0130,6.0230,2800
2007-12-27 17:00:00,6.0250,6.0310,6.0130,6.0230,2800
2007-12-27 16:59:00,6.0230,6.0290,6.0110,6.0210,9100
2007-12-27 16:57:00,6.0240,6.0300,6.0130,6.0220,3500
2007-12-27 16:56:00,6.0230,6.0290,6.0120,6.0210,5600
2007-12-27 16:54:00,6.0230,6.0290,6.0120,6.0210,19600
2007-12-27 16:51:00,6.0250,6.0310,6.0130,6.0230,2800
2007-12-27 16:50:00,6.0260,6.0320,6.0140,6.0230,2800
2007-12-27 16:48:00,6.0260,6.0330,6.0150,6.0240,5600
2007-12-27 16:46:00,6.0260,6.0330,6.0150,6.0240,13636
2007-12-27 16:45:00,6.0260,6.0330,6.0150,6.0240,24164
2007-12-27 16:44:00,6.0260,6.0330,6.0150,6.0240,11200
2007-12-27 16:43:00,6.0250,6.0340,6.0130,6.0240,19600
2007-12-27 16:41:00,6.0280,6.0340,6.0160,6.0260,3612
2007-12-27 16:39:00,6.0220,6.0310,6.0090,6.0190,23800
2007-12-27 16:38:00,6.0230,6.0330,6.0110,6.0230,93800
2007-12-27 16:37:00,6.0220,6.0280,6.0100,6.0200,14000
2007-12-27 16:36:00,6.0210,6.1210,6.0090,6.1120,43400
2007-12-27 16:34:00,6.0220,6.0920,6.0090,6.0190,257068
2007-12-27 16:33:00,6.0200,6.0260,6.0090,6.0180,7140
2007-12-27 16:31:00,6.0200,6.0260,6.0090,6.0180,25200
2007-12-27 16:30:00,6.0190,6.0250,6.0070,6.0170,7056
2007-12-27 16:29:00,6.0190,6.0250,6.0040,6.0140,11200
2007-12-27 16:28:00,6.0190,6.0260,6.0070,6.0180,33600
2007-12-27 16:26:00,6.0220,6.0290,6.0090,6.0210,57232
2007-12-27 16:25:00,6.0170,6.0230,6.0060,6.0150,5600
2007-12-27 16:24:00,6.0200,6.0260,6.0080,6.0170,5600
2007-12-27 16:23:00,6.0220,6.0290,6.0100,6.0210,44464
2007-12-27 16:22:00,6.0220,6.0280,6.0100,6.0200,2800
2007-12-27 16:21:00,6.0220,6.0280,6.0100,6.0200,3136
2007-12-27 16:20:00,6.0190,6.0260,6.0080,6.0170,2800
2007-12-27 16:19:00,6.0190,6.0260,6.0070,6.0170,19600
2007-12-27 16:18:00,6.0200,6.0280,6.0080,6.0200,8680
2007-12-27 16:17:00,6.0160,6.0220,6.0040,6.0140,3640
2007-12-27 16:16:00,6.0190,6.0270,6.0060,6.0150,65828
2007-12-27 16:15:00,6.0140,6.0270,6.0030,6.0180,105504
2007-12-27 16:14:00,6.0150,6.0270,6.0030,6.0120,35588
2007-12-27 16:13:00,6.0210,6.0950,6.0030,6.0120,3609732
2007-12-27 16:12:00,6.0130,6.0960,6.0010,6.0180,983388
2007-12-27 16:11:00,6.0130,6.0250,6.0010,6.0110,42280
2007-12-27 16:10:00,6.0160,6.0960,5.9990,6.0110,179200
2007-12-27 16:09:00,6.0190,6.1220,6.0040,6.0140,2126600
2007-12-27 16:08:00,6.0160,6.0460,6.0040,6.0190,490840
2007-12-27 16:07:00,6.0160,6.0220,6.0040,6.0140,42000
2007-12-27 16:06:00,6.0200,6.0260,6.0050,6.0140,56644
2007-12-27 16:05:00,6.0200,6.0280,6.0070,6.0180,156800
2007-12-27 16:04:00,6.0220,6.0280,6.0080,6.0170,56756
2007-12-27 16:03:00,6.0230,6.0310,6.0100,6.0200,112000
2007-12-27 16:02:00,6.0550,6.0610,6.0130,6.0230,16800
2007-12-27 16:01:00,6.0280,6.0340,6.0130,6.0230,33600
2007-12-27 16:00:00,6.0250,6.0410,6.0090,6.0270,5289004
2007-12-27 15:59:00,6.0270,6.0410,6.0090,6.0310,7456596
2007-12-27 15:58:00,6.0280,6.0400,6.0100,6.0230,6389180
2007-12-27 15:57:00,6.0220,6.0350,6.0070,6.0260,4342464
2007-12-27 15:56:00,6.0220,6.0300,6.0050,6.0200,3496612
2007-12-27 15:55:00,6.0150,6.0290,6.0020,6.0210,3243604
2007-12-27 15:54:00,6.0120,6.0230,5.9970,6.0130,3818500
2007-12-27 15:53:00,6.0080,6.0190,5.9940,6.0100,1906408
2007-12-27 15:52:00,6.0120,6.0230,5.9910,6.0050,4480392
2007-12-27 15:51:00,6.0120,6.0240,5.9940,6.0100,4855956
2007-12-27 15:50:00,6.0000,6.0190,5.9880,6.0100,4325720
2007-12-27 15:49:00,6.0090,6.0180,5.9860,5.9980,6060684
2007-12-27 15:48:00,6.0060,6.0190,5.9940,6.0080,4056640
2007-12-27 15:47:00,6.0100,6.0160,5.9920,6.0040,6693764
2007-12-27 15:46:00,6.0180,6.0250,5.9950,6.0070,5766572
2007-12-27 15:45:00,6.0180,6.0290,6.0060,6.0160,2964472
2007-12-27 15:44:00,6.0260,6.0360,6.0060,6.0160,2685676
2007-12-27 15:43:00,6.0290,6.0360,6.0140,6.0240,1650404
2007-12-27 15:42:00,6.0300,6.0380,6.0150,6.0280,2628584
2007-12-27 15:41:00,6.0200,6.0370,6.0090,6.0280,3076248
2007-12-27 15:40:00,6.0270,6.0340,6.0000,6.0190,6326712
2007-12-27 15:39:00,6.0350,6.0430,6.0120,6.0250,3961076
2007-12-27 15:38:00,6.0410,6.0480,6.0210,6.0320,2526552
2007-12-27 15:37:00,6.0440,6.0500,6.0210,6.0380,2100224
2007-12-27 15:36:00,6.0370,6.0510,6.0230,6.0410,2040388
2007-12-27 15:35:00,6.0400,6.0460,6.0190,6.0330,4391240
2007-12-27 15:34:00,6.0410,6.0640,6.0280,6.0380,3628632
2007-12-27 15:33:00,6.0300,6.0490,6.0170,6.0390,4651640
2007-12-27 15:32:00,6.0220,6.0390,6.0100,6.0270,4258828
2007-12-27 15:31:00,6.0420,6.0580,6.0080,6.0200,8828792
2007-12-27 15:30:00,6.0570,6.0650,6.0230,6.0380,7875336
2007-12-27 15:29:00,6.0720,6.0790,6.0450,6.0550,7838628
2007-12-27 15:28:00,6.0850,6.0910,6.0590,6.0700,2583560
2007-12-27 15:27:00,6.0880,6.0950,6.0730,6.0830,1364328
2007-12-27 15:26:00,6.0840,6.0940,6.0700,6.0860,975128
2007-12-27 15:25:00,6.0800,6.0910,6.0670,6.0820,929348
2007-12-27 15:24:00,6.0850,6.0910,6.0670,6.0780,1231328
2007-12-27 15:23:00,6.0820,6.0950,6.0700,6.0820,1244628
2007-12-27 15:22:00,6.0760,6.0900,6.0640,6.0790,1196496
2007-12-27 15:21:00,6.0770,6.0870,6.0610,6.0740,2411304
2007-12-27 15:20:00,6.0860,6.0950,6.0600,6.0740,4552408
2007-12-27 15:19:00,6.0930,6.1000,6.0730,6.0840,1340248
2007-12-27 15:18:00,6.0940,6.1030,6.0810,6.0910,864416
2007-12-27 15:17:00,6.0910,6.1040,6.0780,6.0920,1378888
2007-12-27 15:16:00,6.0960,6.1030,6.0770,6.0880,1606220
2007-12-27 15:15:00,6.0990,6.1050,6.0840,6.0940,749252
2007-12-27 15:14:00,6.0960,6.1050,6.0840,6.0960,786604
2007-12-27 15:13:00,6.0970,6.1050,6.0840,6.0940,1521044
2007-12-27 15:12:00,6.0990,6.1060,6.0840,6.0950,1159816
2007-12-27 15:11:00,6.0930,6.1070,6.0810,6.0970,2189012
2007-12-27 15:10:00,6.0920,6.1010,6.0790,6.0900,1157940
2007-12-27 15:09:00,6.0890,6.1010,6.0750,6.0900,1413496
2007-12-27 15:08:00,6.0920,6.0990,6.0770,6.0870,913024
2007-12-27 15:07:00,6.0930,6.1000,6.0790,6.0900,722876
2007-12-27 15:06:00,6.0900,6.1010,6.0780,6.0900,1406132
2007-12-27 15:05:00,6.0870,6.1010,6.0750,6.0870,1109668
2007-12-27 15:04:00,6.0920,6.1010,6.0750,6.0850,939596
2007-12-27 15:03:00,6.0950,6.1010,6.0780,6.0910,1055488
2007-12-27 15:02:00,6.0950,6.1030,6.0780,6.0910,1142988
2007-12-27 15:01:00,6.0930,6.1040,6.0780,6.0920,2086980
2007-12-27 15:00:00,6.0880,6.0990,6.0720,6.0900,2036216
2007-12-27 14:59:00,6.0940,6.1000,6.0740,6.0860,2640120
2007-12-27 14:58:00,6.0880,6.1040,6.0760,6.0920,1403136
2007-12-27 14:57:00,6.0950,6.1010,6.0750,6.0860,3308452
2007-12-27 14:56:00,6.1040,6.1120,6.0830,6.0930,2126992
2007-12-27 14:55:00,6.1090,6.1150,6.0880,6.1010,1541736
2007-12-27 14:54:00,6.1060,6.1150,6.0930,6.1050,562800
2007-12-27 14:53:00,6.1100,6.1190,6.0930,6.1040,1203384
2007-12-27 14:52:00,6.1070,6.1210,6.0950,6.1070,970116
2007-12-27 14:51:00,6.1100,6.1170,6.0930,6.1050,1219792
2007-12-27 14:50:00,6.1160,6.1220,6.0960,6.1070,1294188
2007-12-27 14:49:00,6.1090,6.1240,6.0970,6.1130,1705676
2007-12-27 14:48:00,6.1060,6.1160,6.0930,6.1060,1122828
2007-12-27 14:47:00,6.1120,6.1180,6.0880,6.1040,2498720
2007-12-27 14:46:00,6.1120,6.1180,6.0980,6.1100,749588
2007-12-27 14:45:00,6.1150,6.1220,6.0980,6.1080,1513904
2007-12-27 14:44:00,6.1100,6.1210,6.0970,6.1120,1637580
2007-12-27 14:43:00,6.1100,6.1180,6.0940,6.1080,1922116
2007-12-27 14:42:00,6.1100,6.1210,6.0970,6.1080,1130276
2007-12-27 14:41:00,6.1140,6.1210,6.0970,6.1070,1720712
2007-12-27 14:40:00,6.1190,6.1250,6.1010,6.1130,2152220
2007-12-27 14:39:00,6.1200,6.1280,6.1070,6.1170,833756
2007-12-27 14:38:00,6.1240,6.1300,6.1080,6.1180,978292
2007-12-27 14:37:00,6.1230,6.1320,6.1100,6.1210,608440
2007-12-27 14:36:00,6.1250,6.1330,6.1090,6.1220,1270584
2007-12-27 14:35:00,6.1200,6.1320,6.1080,6.1240,1390088
2007-12-27 14:34:00,6.1270,6.1340,6.1070,6.1180,2786112
2007-12-27 14:33:00,6.1320,6.1390,6.1150,6.1250,1534064
2007-12-27 14:32:00,6.1340,6.1400,6.1200,6.1300,1144192
2007-12-27 14:31:00,6.1360,6.1420,6.1190,6.1320,1244600
2007-12-27 14:30:00,6.1390,6.1460,6.1220,6.1320,1414868
2007-12-27 14:29:00,6.1380,6.1450,6.1220,6.1360,1107960
2007-12-27 14:28:00,6.1330,6.1450,6.1210,6.1360,947828
2007-12-27 14:27:00,6.1360,6.1430,6.1200,6.1310,1286656
2007-12-27 14:26:00,6.1340,6.1430,6.1200,6.1340,737240
2007-12-27 14:25:00,6.1390,6.1450,6.1210,6.1310,1053668
2007-12-27 14:24:00,6.1350,6.1450,6.1230,6.1360,3060988
2007-12-27 14:23:00,6.1330,6.1410,6.1200,6.1320,1325492
2007-12-27 14:22:00,6.1300,6.1400,6.1180,6.1310,1796424
2007-12-27 14:21:00,6.1270,6.1370,6.1150,6.1280,1082592
2007-12-27 14:20:00,6.1320,6.1380,6.1150,6.1250,983220
2007-12-27 14:19:00,6.1310,6.1380,6.1170,6.1300,1002456
2007-12-27 14:18:00,6.1290,6.1390,6.1150,6.1290,1160068
2007-12-27 14:17:00,6.1260,6.1360,6.1130,6.1280,600488
2007-12-27 14:16:00,6.1290,6.1360,6.1150,6.1250,570416
2007-12-27 14:15:00,6.1220,6.1360,6.1070,6.1260,1763664
2007-12-27 14:14:00,6.1290,6.1350,6.1100,6.1200,1426404
2007-12-27 14:13:00,6.1270,6.1350,6.1140,6.1270,639212
2007-12-27 14:12:00,6.1300,6.1380,6.1140,6.1250,1476552
2007-12-27 14:11:00,6.1290,6.1360,6.1150,6.1280,532196
2007-12-27 14:10:00,6.1270,6.1370,6.1140,6.1280,1346464
2007-12-27 14:09:00,6.1290,6.1360,6.1130,6.1250,1059660
2007-12-27 14:08:00,6.1310,6.1380,6.1170,6.1270,1173648
2007-12-27 14:07:00,6.1310,6.1410,6.1180,6.1290,3120068
2007-12-27 14:06:00,6.1210,6.1380,6.1080,6.1290,3671528
2007-12-27 14:05:00,6.1170,6.1290,6.1050,6.1190,3157476
2007-12-27 14:04:00,6.1110,6.1240,6.0990,6.1160,1155924
2007-12-27 14:03:00,6.1140,6.1210,6.0970,6.1080,1295280
2007-12-27 14:02:00,6.1170,6.1240,6.1010,6.1110,625184
2007-12-27 14:01:00,6.1140,6.1240,6.1010,6.1150,514640
2007-12-27 14:00:00,6.1140,6.1220,6.1010,6.1110,454496
2007-12-27 13:59:00,6.1140,6.1230,6.1010,6.1130,698852
2007-12-27 13:58:00,6.1170,6.1240,6.1010,6.1120,714000
2007-12-27 13:57:00,6.1160,6.1240,6.1030,6.1150,460516
2007-12-27 13:56:00,6.1130,6.1220,6.1000,6.1120,426300
2007-12-27 13:55:00,6.1130,6.1210,6.0990,6.1120,615720
2007-12-27 13:54:00,6.1130,6.1200,6.1000,6.1110,506016
2007-12-27 13:53:00,6.1130,6.1250,6.1010,6.1100,982800
2007-12-27 13:52:00,6.1200,6.1260,6.1000,6.1110,1145340
2007-12-27 13:51:00,6.1210,6.1270,6.1040,6.1170,995680
2007-12-27 13:50:00,6.1150,6.1270,6.1030,6.1180,1474732
2007-12-27 13:49:00,6.1150,6.1220,6.1000,6.1140,674800
2007-12-27 13:48:00,6.1130,6.1210,6.1000,6.1120,755524
2007-12-27 13:47:00,6.1100,6.1190,6.0980,6.1100,638176
2007-12-27 13:46:00,6.1130,6.1190,6.0970,6.1080,472332
2007-12-27 13:45:00,6.1080,6.1190,6.0970,6.1100,620872
2007-12-27 13:44:00,6.1090,6.1190,6.0950,6.1070,449960
2007-12-27 13:43:00,6.1120,6.1190,6.0930,6.1050,1160292
2007-12-27 13:42:00,6.1140,6.1210,6.0990,6.1090,511868
2007-12-27 13:41:00,6.1160,6.1230,6.1010,6.1120,485492
2007-12-27 13:40:00,6.1150,6.1230,6.1030,6.1140,707336
2007-12-27 13:39:00,6.1120,6.1210,6.1000,6.1120,478576
2007-12-27 13:38:00,6.1140,6.1210,6.0990,6.1100,546728
2007-12-27 13:37:00,6.1120,6.1220,6.0980,6.1120,687736
2007-12-27 13:36:00,6.1110,6.1210,6.0980,6.1090,766416
2007-12-27 13:35:00,6.1170,6.1230,6.0990,6.1090,611856
2007-12-27 13:34:00,6.1170,6.1240,6.1050,6.1150,493780
2007-12-27 13:33:00,6.1130,6.1250,6.1020,6.1150,770560
2007-12-27 13:32:00,6.1160,6.1220,6.0980,6.1110,1285396
2007-12-27 13:31:00,6.1190,6.1260,6.1040,6.1140,624736
2007-12-27 13:30:00,6.1180,6.1270,6.1050,6.1160,970816
2007-12-27 13:29:00,6.1180,6.1290,6.1050,6.1160,2545004
2007-12-27 13:28:00,6.1160,6.1240,6.1030,6.1150,1161272
2007-12-27 13:27:00,6.1130,6.1230,6.1000,6.1140,1213240
2007-12-27 13:26:00,6.1130,6.1220,6.0980,6.1110,1376228
2007-12-27 13:25:00,6.1080,6.1200,6.0960,6.1110,1121400
2007-12-27 13:24:00,6.1080,6.1170,6.0940,6.1060,403424
2007-12-27 13:23:00,6.1100,6.1190,6.0960,6.1050,833224
2007-12-27 13:22:00,6.1070,6.1190,6.0950,6.1080,1930208
2007-12-27 13:21:00,6.1070,6.1130,6.0930,6.1040,349440
2007-12-27 13:20:00,6.1080,6.1140,6.0940,6.1030,999264
2007-12-27 13:19:00,6.1050,6.1140,6.0920,6.1050,614096
2007-12-27 13:18:00,6.1010,6.1120,6.0890,6.1020,849492
2007-12-27 13:17:00,6.0980,6.1090,6.0830,6.0990,492324
2007-12-27 13:16:00,6.0970,6.1080,6.0840,6.0960,620060
2007-12-27 13:15:00,6.1030,6.1090,6.0840,6.0930,852908
2007-12-27 13:14:00,6.1030,6.1100,6.0880,6.0980,817880
2007-12-27 13:13:00,6.1030,6.1130,6.0900,6.1000,721420
2007-12-27 13:12:00,6.1030,6.1100,6.0900,6.1010,254772
2007-12-27 13:11:00,6.1040,6.1110,6.0830,6.1000,1185492
2007-12-27 13:10:00,6.0980,6.1120,6.0860,6.1030,1596000
2007-12-27 13:09:00,6.0920,6.1060,6.0800,6.0970,1772204
2007-12-27 13:08:00,6.0890,6.0980,6.0760,6.0900,948304
2007-12-27 13:07:00,6.0820,6.0960,6.0690,6.0860,1752884
2007-12-27 13:06:00,6.0850,6.0920,6.0690,6.0800,1698172
2007-12-27 13:05:00,6.0970,6.1040,6.0720,6.0830,1882916
2007-12-27 13:04:00,6.1010,6.1070,6.0840,6.0950,767648
2007-12-27 13:03:00,6.1020,6.1090,6.0880,6.0980,265916
2007-12-27 13:02:00,6.1010,6.1090,6.0890,6.1010,430892
2007-12-27 13:01:00,6.1040,6.1110,6.0880,6.0990,658560
2007-12-27 13:00:00,6.1040,6.1110,6.0900,6.1020,733600
2007-12-27 12:59:00,6.1050,6.1120,6.0920,6.1010,735476
2007-12-27 12:58:00,6.1050,6.1130,6.0930,6.1040,191800
2007-12-27 12:57:00,6.1070,6.1150,6.0930,6.1030,811972
2007-12-27 12:56:00,6.1090,6.1150,6.0910,6.1040,1173424
2007-12-27 12:55:00,6.1070,6.1170,6.0960,6.1070,1135960
2007-12-27 12:54:00,6.1060,6.1150,6.0940,6.1060,1015504
2007-12-27 12:53:00,6.1050,6.1130,6.0880,6.1040,1289372
2007-12-27 12:52:00,6.1010,6.1130,6.0880,6.1010,1117060
2007-12-27 12:51:00,6.0990,6.1070,6.0860,6.0980,733908
2007-12-27 12:50:00,6.0970,6.1050,6.0830,6.0970,545552
2007-12-27 12:49:00,6.0960,6.1050,6.0840,6.0940,835660
2007-12-27 12:48:00,6.0960,6.1040,6.0820,6.0940,675556
2007-12-27 12:47:00,6.0940,6.1020,6.0820,6.0930,700336
2007-12-27 12:46:00,6.0930,6.1010,6.0810,6.0910,603036
2007-12-27 12:45:00,6.0950,6.1010,6.0800,6.0900,760144
2007-12-27 12:44:00,6.0900,6.1030,6.0770,6.0920,1316252
2007-12-27 12:43:00,6.0910,6.1020,6.0770,6.0870,1383424
2007-12-27 12:42:00,6.0930,6.1010,6.0770,6.0890,1348424
2007-12-27 12:41:00,6.0900,6.1030,6.0780,6.0900,1788276
2007-12-27 12:40:00,6.0860,6.0990,6.0730,6.0900,2350264
2007-12-27 12:39:00,6.0980,6.1050,6.0740,6.0850,2524088
2007-12-27 12:38:00,6.1040,6.1110,6.0860,6.0960,1363432
2007-12-27 12:37:00,6.1050,6.1140,6.0880,6.1020,1345064
2007-12-27 12:36:00,6.1030,6.1160,6.0900,6.1030,1148448
2007-12-27 12:35:00,6.1090,6.1170,6.0910,6.1000,831180
2007-12-27 12:34:00,6.1110,6.1180,6.0970,6.1080,760452
2007-12-27 12:33:00,6.1130,6.1210,6.0970,6.1080,507248
2007-12-27 12:32:00,6.1130,6.1200,6.0980,6.1110,580216
2007-12-27 12:31:00,6.1100,6.1210,6.0980,6.1110,793660
2007-12-27 12:30:00,6.1030,6.1220,6.0910,6.1090,2634828
2007-12-27 12:29:00,6.1080,6.1150,6.0880,6.0990,1370964
2007-12-27 12:28:00,6.1150,6.1210,6.0960,6.1070,1006544
2007-12-27 12:27:00,6.1160,6.1240,6.1000,6.1130,1082032
2007-12-27 12:26:00,6.1130,6.1220,6.0980,6.1120,1168944
2007-12-27 12:25:00,6.1170,6.1240,6.1020,6.1120,684628
2007-12-27 12:24:00,6.1190,6.1260,6.1040,6.1150,560896
2007-12-27 12:23:00,6.1180,6.1250,6.1050,6.1170,334320
2007-12-27 12:22:00,6.1180,6.1250,6.1050,6.1150,628796
2007-12-27 12:21:00,6.1190,6.1270,6.1060,6.1150,1022420
2007-12-27 12:20:00,6.1160,6.1260,6.1030,6.1180,1189328
2007-12-27 12:19:00,6.1100,6.1230,6.0980,6.1150,1214640
2007-12-27 12:18:00,6.1140,6.1210,6.0980,6.1080,1653400
2007-12-27 12:17:00,6.1150,6.1230,6.1020,6.1130,550340
2007-12-27 12:16:00,6.1170,6.1240,6.1020,6.1120,935704
2007-12-27 12:15:00,6.1160,6.1240,6.1020,6.1150,775768
2007-12-27 12:14:00,6.1170,6.1230,6.1020,6.1140,756392
2007-12-27 12:13:00,6.1180,6.1240,6.1010,6.1140,581308
2007-12-27 12:12:00,6.1130,6.1250,6.1000,6.1160,1169112
2007-12-27 12:11:00,6.1180,6.1250,6.1020,6.1120,844648
2007-12-27 12:10:00,6.1210,6.1270,6.1050,6.1150,651056
2007-12-27 12:09:00,6.1200,6.1270,6.1060,6.1180,562856
2007-12-27 12:08:00,6.1160,6.1270,6.1030,6.1170,938224
2007-12-27 12:07:00,6.1140,6.1240,6.1020,6.1140,965300
2007-12-27 12:06:00,6.1120,6.1280,6.0990,6.1120,1381856
2007-12-27 12:05:00,6.1190,6.1270,6.1000,6.1110,1959440
2007-12-27 12:04:00,6.1210,6.1280,6.1070,6.1180,986244
2007-12-27 12:03:00,6.1190,6.1280,6.1070,6.1170,1358280
2007-12-27 12:02:00,6.1240,6.1310,6.1070,6.1170,1200416
2007-12-27 12:01:00,6.1240,6.1310,6.1100,6.1210,1075200
2007-12-27 12:00:00,6.1240,6.1330,6.1120,6.1220,2003204
2007-12-27 11:59:00,6.1210,6.1310,6.1080,6.1210,1288140
2007-12-27 11:58:00,6.1220,6.1280,6.1080,6.1180,748664
2007-12-27 11:57:00,6.1210,6.1290,6.1100,6.1200,913276
2007-12-27 11:56:00,6.1170,6.1280,6.1050,6.1190,674436
2007-12-27 11:55:00,6.1160,6.1240,6.1030,6.1150,748692
2007-12-27 11:54:00,6.1160,6.1240,6.1030,6.1130,915264
2007-12-27 11:53:00,6.1200,6.1260,6.1040,6.1140,856744
2007-12-27 11:52:00,6.1180,6.1270,6.1020,6.1170,2337328
2007-12-27 11:51:00,6.1130,6.1240,6.1010,6.1150,2028180
2007-12-27 11:50:00,6.1100,6.1210,6.0980,6.1110,1148728
2007-12-27 11:49:00,6.1080,6.1180,6.0960,6.1080,1068060
2007-12-27 11:48:00,6.1070,6.1140,6.0940,6.1050,442540
2007-12-27 11:47:00,6.1060,6.1160,6.0940,6.1050,826448
2007-12-27 11:46:00,6.1060,6.1120,6.0920,6.1040,634424
2007-12-27 11:45:00,6.1040,6.1140,6.0910,6.1040,1178212
2007-12-27 11:44:00,6.1000,6.1130,6.0870,6.1020,1338512
2007-12-27 11:43:00,6.1030,6.1120,6.0890,6.0980,1003240
2007-12-27 11:42:00,6.0980,6.1110,6.0860,6.1010,1517012
2007-12-27 11:41:00,6.1020,6.1100,6.0840,6.0950,1195684
2007-12-27 11:40:00,6.1050,6.1130,6.0900,6.1000,598528
2007-12-27 11:39:00,6.1040,6.1130,6.0910,6.1030,615860
2007-12-27 11:38:00,6.1010,6.1140,6.0890,6.1030,946204
2007-12-27 11:37:00,6.1020,6.1100,6.0860,6.0980,1056804
2007-12-27 11:36:00,6.1060,6.1120,6.0900,6.1000,699720
2007-12-27 11:35:00,6.1090,6.1160,6.0930,6.1040,863968
2007-12-27 11:34:00,6.1090,6.1170,6.0950,6.1070,1346912
2007-12-27 11:33:00,6.1050,6.1170,6.0930,6.1070,1132040
2007-12-27 11:32:00,6.1090,6.1160,6.0920,6.1030,1851472
2007-12-27 11:31:00,6.1140,6.1200,6.0970,6.1070,1083936
2007-12-27 11:30:00,6.1140,6.1220,6.1000,6.1110,1001336
2007-12-27 11:29:00,6.1100,6.1200,6.0970,6.1110,1628900
2007-12-27 11:28:00,6.1110,6.1200,6.0980,6.1080,1455300
2007-12-27 11:27:00,6.1110,6.1250,6.1000,6.1090,2697520
2007-12-27 11:26:00,6.1070,6.1180,6.0940,6.1090,1395184
2007-12-27 11:25:00,6.1060,6.1170,6.0940,6.1050,2477580
2007-12-27 11:24:00,6.1060,6.1130,6.0900,6.1040,1861720
2007-12-27 11:23:00,6.0980,6.1120,6.0860,6.1030,1702680
2007-12-27 11:22:00,6.0980,6.1050,6.0810,6.0960,1904168
2007-12-27 11:21:00,6.0920,6.1050,6.0790,6.0950,1385020
2007-12-27 11:20:00,6.0890,6.0990,6.0770,6.0890,869232
2007-12-27 11:19:00,6.0880,6.0970,6.0760,6.0870,668192
2007-12-27 11:18:00,6.0910,6.1010,6.0750,6.0850,1887368
2007-12-27 11:17:00,6.0860,6.0980,6.0740,6.0890,2210712
2007-12-27 11:16:00,6.0850,6.0950,6.0730,6.0840,1503320
2007-12-27 11:15:00,6.0930,6.0990,6.0730,6.0830,2021012
2007-12-27 11:14:00,6.0870,6.1010,6.0750,6.0900,3146304
2007-12-27 11:13:00,6.0830,6.0950,6.0690,6.0850,2488248
2007-12-27 11:12:00,6.0790,6.0910,6.0640,6.0800,2767632
2007-12-27 11:11:00,6.0870,6.0960,6.0660,6.0770,2776312
2007-12-27 11:10:00,6.0850,6.0960,6.0640,6.0840,3635828
2007-12-27 11:09:00,6.0970,6.1040,6.0720,6.0830,4922652
2007-12-27 11:08:00,6.1010,6.1110,6.0850,6.0960,1770748
2007-12-27 11:07:00,6.1000,6.1080,6.0870,6.0990,926352
2007-12-27 11:06:00,6.0920,6.1080,6.0770,6.0970,2401980
2007-12-27 11:05:00,6.1030,6.1100,6.0800,6.0900,2829876
2007-12-27 11:04:00,6.1000,6.1110,6.0870,6.1010,1293852
2007-12-27 11:03:00,6.1100,6.1180,6.0850,6.0990,3306324
2007-12-27 11:02:00,6.1090,6.1190,6.0930,6.1080,1521828
2007-12-27 11:01:00,6.1140,6.1230,6.0960,6.1060,2078216
2007-12-27 11:00:00,6.1060,6.1220,6.0940,6.1120,2848804
2007-12-27 10:59:00,6.1120,6.1190,6.0930,6.1040,2788772
2007-12-27 10:58:00,6.1200,6.1270,6.0990,6.1100,2075024
2007-12-27 10:57:00,6.1160,6.1310,6.1040,6.1180,1818320
2007-12-27 10:56:00,6.1190,6.1280,6.1030,6.1130,1972348
2007-12-27 10:55:00,6.1260,6.1330,6.1060,6.1160,2273376
2007-12-27 10:54:00,6.1220,6.1390,6.1100,6.1250,2130632
2007-12-27 10:53:00,6.1330,6.1400,6.1090,6.1200,1972684
2007-12-27 10:52:00,6.1300,6.1440,6.1180,6.1310,2004184
2007-12-27 10:51:00,6.1320,6.1400,6.1170,6.1280,1516648
2007-12-27 10:50:00,6.1250,6.1380,6.1130,6.1290,1807680
2007-12-27 10:49:00,6.1230,6.1330,6.1070,6.1230,1456028
2007-12-27 10:48:00,6.1190,6.1350,6.1060,6.1210,1962520
2007-12-27 10:47:00,6.1300,6.1360,6.1080,6.1180,2005920
2007-12-27 10:46:00,6.1230,6.1400,6.1100,6.1280,2366924
2007-12-27 10:45:00,6.1240,6.1310,6.1070,6.1200,956312
2007-12-27 10:44:00,6.1250,6.1310,6.1030,6.1210,2393244
2007-12-27 10:43:00,6.1180,6.1310,6.1040,6.1230,2072644
2007-12-27 10:42:00,6.1180,6.1340,6.1040,6.1160,2728572
2007-12-27 10:41:00,6.1180,6.1280,6.1030,6.1150,2822344
2007-12-27 10:40:00,6.1160,6.1280,6.1020,6.1160,3577896
2007-12-27 10:39:00,6.1350,6.1450,6.1010,6.1140,4845008
2007-12-27 10:38:00,6.1370,6.1480,6.1200,6.1340,2649584
2007-12-27 10:37:00,6.1350,6.1470,6.1220,6.1340,2196012
2007-12-27 10:36:00,6.1410,6.1480,6.1230,6.1340,1869028
2007-12-27 10:35:00,6.1410,6.1550,6.1280,6.1380,1534120
2007-12-27 10:34:00,6.1430,6.1530,6.1280,6.1380,1342236
2007-12-27 10:33:00,6.1360,6.1570,6.1230,6.1410,2877868
2007-12-27 10:32:00,6.1350,6.1450,6.1220,6.1340,1525244
2007-12-27 10:31:00,6.1450,6.1520,6.1180,6.1340,2688308
2007-12-27 10:30:00,6.1360,6.1530,6.1240,6.1430,1635564
2007-12-27 10:29:00,6.1440,6.1580,6.1220,6.1340,4058516
2007-12-27 10:28:00,6.1450,6.1520,6.1300,6.1420,1309364
2007-12-27 10:27:00,6.1480,6.1560,6.1310,6.1430,1965068
2007-12-27 10:26:00,6.1480,6.1600,6.1340,6.1460,3349976
2007-12-27 10:25:00,6.1410,6.1560,6.1250,6.1470,2407692
2007-12-27 10:24:00,6.1380,6.1500,6.1250,6.1390,2007712
2007-12-27 10:23:00,6.1420,6.1530,6.1250,6.1350,3677884
2007-12-27 10:22:00,6.1510,6.1580,6.1300,6.1400,2724820
2007-12-27 10:21:00,6.1470,6.1570,6.1280,6.1480,2923816
2007-12-27 10:20:00,6.1340,6.1540,6.1200,6.1450,3938452
2007-12-27 10:19:00,6.1530,6.1600,6.1010,6.1320,7647248
2007-12-27 10:18:00,6.1460,6.1600,6.1320,6.1500,5638808
2007-12-27 10:17:00,6.1300,6.1520,6.1190,6.1430,4213748
2007-12-27 10:16:00,6.1350,6.1440,6.1170,6.1290,6325396
2007-12-27 10:15:00,6.1290,6.1520,6.1160,6.1330,8292032
2007-12-27 10:14:00,6.1220,6.1430,6.1070,6.1270,8396416
2007-12-27 10:13:00,6.1140,6.1320,6.1000,6.1200,7652120
2007-12-27 10:12:00,6.1100,6.1260,6.0970,6.1120,7689304
2007-12-27 10:11:00,6.0950,6.1180,6.0810,6.1080,10964492
2007-12-27 10:10:00,6.0880,6.1010,6.0750,6.0920,5099584
2007-12-27 10:09:00,6.0820,6.0970,6.0700,6.0860,3876796
2007-12-27 10:08:00,6.0740,6.0890,6.0610,6.0800,2950696
2007-12-27 10:07:00,6.0670,6.0870,6.0540,6.0720,3097024
2007-12-27 10:06:00,6.0680,6.0780,6.0530,6.0630,1485316
2007-12-27 10:05:00,6.0700,6.0800,6.0560,6.0670,1345876
2007-12-27 10:04:00,6.0740,6.0810,6.0570,6.0680,1434832
2007-12-27 10:03:00,6.0760,6.0820,6.0610,6.0720,1563156
2007-12-27 10:02:00,6.0730,6.0820,6.0590,6.0740,1705032
2007-12-27 10:01:00,6.0730,6.0820,6.0600,6.0700,2742544
2007-12-27 10:00:00,6.0630,6.0800,6.0500,6.0710,3570224
2007-12-27 09:59:00,6.0610,6.0720,6.0500,6.0600,2436784
2007-12-27 09:58:00,6.0620,6.0760,6.0480,6.0590,3282440
2007-12-27 09:57:00,6.0600,6.0690,6.0470,6.0590,2955736
2007-12-27 09:56:00,6.0710,6.0780,6.0470,6.0580,4444972
2007-12-27 09:55:00,6.0730,6.0810,6.0580,6.0680,1454124
2007-12-27 09:54:00,6.0760,6.0820,6.0580,6.0710,2046800
2007-12-27 09:53:00,6.0820,6.0900,6.0600,6.0730,1494528
2007-12-27 09:52:00,6.0790,6.0900,6.0650,6.0800,2046604
2007-12-27 09:51:00,6.0720,6.0870,6.0590,6.0770,2203348
2007-12-27 09:50:00,6.0770,6.0870,6.0590,6.0690,2447032
2007-12-27 09:49:00,6.0860,6.0920,6.0550,6.0740,3306044
2007-12-27 09:48:00,6.0790,6.0980,6.0670,6.0830,6998236
2007-12-27 09:47:00,6.0760,6.0870,6.0610,6.0760,3006724
2007-12-27 09:46:00,6.0690,6.0820,6.0560,6.0730,3103128
2007-12-27 09:45:00,6.0740,6.0900,6.0560,6.0660,6464584
2007-12-27 09:44:00,6.0640,6.0820,6.0500,6.0720,4890368
2007-12-27 09:43:00,6.0580,6.0700,6.0400,6.0620,5313812
2007-12-27 09:42:00,6.0550,6.0690,6.0430,6.0570,3652124
2007-12-27 09:41:00,6.0450,6.0610,6.0310,6.0520,2614248
2007-12-27 09:40:00,6.0410,6.0550,6.0270,6.0420,2505272
2007-12-27 09:39:00,6.0280,6.0500,6.0090,6.0390,2682820
2007-12-27 09:38:00,6.0220,6.0370,6.0080,6.0250,2632140
2007-12-27 09:37:00,6.0320,6.0430,6.0090,6.0200,3976700
2007-12-27 09:36:00,6.0320,6.0400,6.0100,6.0290,3120796
2007-12-27 09:35:00,6.0480,6.0540,6.0140,6.0310,3627484
2007-12-27 09:34:00,6.0530,6.0600,6.0330,6.0460,2754752
2007-12-27 09:33:00,6.0520,6.0630,6.0230,6.0510,4851840
2007-12-27 09:32:00,6.0410,6.0650,6.0290,6.0500,4211340
2007-12-27 09:31:00,6.0390,6.0490,6.0180,6.0390,2726304
2007-12-27 09:30:00,6.0320,6.0460,6.0080,6.0370,6820380
2007-12-27 09:29:00,6.0320,6.0400,6.0200,6.0310,33600
2007-12-27 09:28:00,6.0280,6.0400,6.0160,6.0300,80780
2007-12-27 09:27:00,6.0260,6.0330,6.0140,6.0240,11200
2007-12-27 09:26:00,6.0290,6.0350,6.0150,6.0260,19600
2007-12-27 09:25:00,6.0270,6.0330,6.0130,6.0230,30800
2007-12-27 09:24:00,6.0280,6.0350,6.0150,6.0250,28000
2007-12-27 09:23:00,6.0280,6.0360,6.0150,6.0260,71120
2007-12-27 09:22:00,6.0310,6.0370,6.0160,6.0260,84840
2007-12-27 09:21:00,6.0320,6.0390,6.0190,6.0290,42868
2007-12-27 09:19:00,6.0320,6.0400,6.0210,6.0310,20020
2007-12-27 09:18:00,6.0340,6.0400,6.0220,6.0320,9800
2007-12-27 09:17:00,6.0330,6.0400,6.0210,6.0320,44800
2007-12-27 09:16:00,6.0340,6.0400,6.0220,6.0310,34916
2007-12-27 09:14:00,6.0330,6.0400,6.0220,6.0310,5600
2007-12-27 09:13:00,6.0340,6.0410,6.0220,6.0320,32648
2007-12-27 09:12:00,6.0350,6.0430,6.0220,6.0320,16324
2007-12-27 09:11:00,6.0340,6.0400,6.0220,6.0320,60900
2007-12-27 09:10:00,6.0320,6.0400,6.0210,6.0310,15820
2007-12-27 09:09:00,6.0340,6.0400,6.0190,6.0300,94780
2007-12-27 09:08:00,6.0340,6.0400,6.0220,6.0320,6720
2007-12-27 09:07:00,6.0340,6.0410,6.0220,6.0320,60900
2007-12-27 09:06:00,6.0350,6.0410,6.0230,6.0330,44380
2007-12-27 09:05:00,6.0350,6.0430,6.0240,6.0350,162484
2007-12-27 09:04:00,6.0370,6.0430,6.0240,6.0350,81452
2007-12-27 09:03:00,6.0390,6.0450,6.0240,6.0340,36316
2007-12-27 09:02:00,6.0420,6.0480,6.0260,6.0360,141848
2007-12-27 09:01:00,6.0430,6.0510,6.0310,6.0410,87500
2007-12-27 09:00:00,6.0450,6.0530,6.0300,6.0410,530264
2007-12-27 08:59:00,6.0400,6.0520,6.0280,6.0430,65520
2007-12-27 08:58:00,6.0400,6.0460,6.0280,6.0380,19600
2007-12-27 08:57:00,6.0370,6.0440,6.0250,6.0360,11200
2007-12-27 08:56:00,6.0340,6.0470,6.0220,6.0350,265300
2007-12-27 08:55:00,6.0320,6.0400,6.0200,6.0300,138460
2007-12-27 08:54:00,6.0310,6.0400,6.0190,6.0300,30352
2007-12-27 08:53:00,6.0310,6.0370,6.0190,6.0290,6524
2007-12-27 08:52:00,6.0330,6.0400,6.0210,6.0310,60900
2007-12-27 08:51:00,6.0300,6.0390,6.0180,6.0310,31724
2007-12-27 08:50:00,6.0300,6.0400,6.0160,6.0270,36792
2007-12-27 08:49:00,6.0290,6.0390,6.0180,6.0300,41076
2007-12-27 08:48:00,6.0250,6.0360,6.0060,6.0270,204204
2007-12-27 08:47:00,6.0230,6.0310,6.0110,6.0230,15680
2007-12-27 08:46:00,6.0210,6.0280,6.0090,6.0200,75040
2007-12-27 08:45:00,6.0220,6.0280,6.0010,6.0170,66136
2007-12-27 08:44:00,6.0250,6.0330,6.0030,6.0130,92568
2007-12-27 08:43:00,6.0250,6.0310,6.0130,6.0230,12600
2007-12-27 08:42:00,6.0260,6.0320,6.0130,6.0230,44856
2007-12-27 08:41:00,6.0250,6.0330,6.0120,6.0240,44660
2007-12-27 08:40:00,6.0280,6.0340,6.0150,6.0240,56000
2007-12-27 08:39:00,6.0320,6.0380,6.0130,6.0280,112280
2007-12-27 08:38:00,6.0290,6.0380,6.0130,6.0300,91420
2007-12-27 08:37:00,6.0260,6.0400,6.0140,6.0260,51268
2007-12-27 08:36:00,6.0120,6.0290,6.0000,6.0210,11200
2007-12-27 08:35:00,6.0290,6.0350,6.0070,6.0170,245840
2007-12-27 08:34:00,6.0290,6.0370,6.0160,6.0260,225680
2007-12-27 08:33:00,6.0300,6.0370,6.0170,6.0290,158200
2007-12-27 08:32:00,6.0370,6.0440,6.0180,6.0270,292320
2007-12-27 08:31:00,6.0380,6.0510,6.0240,6.0380,241724
2007-12-27 08:30:00,6.0430,6.0510,6.0240,6.0340,100380
2007-12-27 08:29:00,6.0430,6.0490,6.0310,6.0410,22400
2007-12-27 08:28:00,6.0430,6.0520,6.0290,6.0380,78400
2007-12-27 08:27:00,6.0510,6.0570,6.0300,6.0400,154420
2007-12-27 08:26:00,6.0460,6.0610,6.0340,6.0530,144060
2007-12-27 08:25:00,6.0490,6.0570,6.0380,6.0470,15960
2007-12-27 08:24:00,6.0520,6.0580,6.0410,6.0500,16800
2007-12-27 08:23:00,6.0490,6.0580,6.0360,6.0500,22400
2007-12-27 08:22:00,6.0430,6.0540,6.0310,6.0460,22120
2007-12-27 08:21:00,6.0510,6.0570,6.0300,6.0440,180460
2007-12-27 08:20:00,6.0520,6.0580,6.0410,6.0500,8400
2007-12-27 08:19:00,6.0510,6.0570,6.0400,6.0490,25340
2007-12-27 08:18:00,6.0480,6.0540,6.0220,6.0460,158144
2007-12-27 08:17:00,6.0490,6.0550,6.0340,6.0440,35868
2007-12-27 08:16:00,6.0560,6.0620,6.0400,6.0490,58800
2007-12-27 08:15:00,6.0520,6.0630,6.0410,6.0540,11200
2007-12-27 08:14:00,6.0570,6.0630,6.0420,6.0510,140532
2007-12-27 08:13:00,6.0550,6.0620,6.0440,6.0540,33656
2007-12-27 08:12:00,6.0560,6.0630,6.0440,6.0540,14700
2007-12-27 08:11:00,6.0570,6.0640,6.0440,6.0540,103460
2007-12-27 08:10:00,6.0570,6.0630,6.0440,6.0550,32900
2007-12-27 08:09:00,6.0580,6.0650,6.0450,6.0570,39200
2007-12-27 08:08:00,6.0600,6.0660,6.0470,6.0560,17976
2007-12-27 08:07:00,6.0600,6.0670,6.0470,6.0590,95480
2007-12-27 08:06:00,6.0570,6.0660,6.0450,6.0580,65492
2007-12-27 08:05:00,6.0590,6.0670,6.0440,6.0530,41412
2007-12-27 08:04:00,6.0600,6.0670,6.0450,6.0550,55076
2007-12-27 08:03:00,6.0640,6.0700,6.0470,6.0560,262752
2007-12-27 08:02:00,6.0640,6.0740,6.0500,6.0640,163156
2007-12-27 08:01:00,6.0610,6.0700,6.0440,6.0620,207620
2007-12-27 08:00:00,6.0510,6.0700,6.0390,6.0510,298368
2007-12-27 07:57:00,6.0510,6.0570,6.0390,6.0480,14000
2007-12-27 07:49:00,6.0520,6.0580,6.0400,6.0500,28000
2007-12-27 07:48:00,6.0520,6.0580,6.0400,6.0490,2800
2007-12-27 07:42:00,6.0510,6.0570,6.0400,6.0490,4900
2007-12-27 07:41:00,6.0460,6.0520,6.0340,6.0440,4032
2007-12-27 07:40:00,6.0490,6.0570,6.0380,6.0470,11648
2007-12-27 07:39:00,6.0530,6.0590,6.0410,6.0500,7000
2007-12-27 07:35:00,6.0540,6.0600,6.0420,6.0510,36400
2007-12-27 07:34:00,6.0640,6.0700,6.0530,6.0620,5600
2007-12-27 07:33:00,6.0580,6.0700,6.0470,6.0580,81200
2007-12-27 07:32:00,6.0580,6.0640,6.0460,6.0560,15400
2007-12-27 07:31:00,6.0540,6.0600,6.0420,6.0510,2800
2007-12-27 07:30:00,6.0580,6.0640,6.0470,6.0560,2800
2007-12-27 07:29:00,6.0540,6.0630,6.0420,6.0550,58800
2007-12-27 07:27:00,6.0510,6.0570,6.0390,6.0490,5012
2007-12-27 07:25:00,6.0490,6.0550,6.0380,6.0470,5600
2007-12-27 07:24:00,6.0490,6.0550,6.0380,6.0470,2800
2007-12-27 07:20:00,6.0490,6.0550,6.0380,6.0470,2800
2007-12-27 07:16:00,6.0460,6.0520,6.0340,6.0440,5320
2007-12-27 07:02:00,6.0490,6.0560,6.0380,6.0470,2800
2007-12-27 07:01:00,6.0430,6.0490,6.0310,6.0410,5600
2007-12-27 04:20:00,6.0260,6.0330,6.0150,6.0240,2800
2007-12-26 19:59:00,6.0360,6.0420,6.0220,6.0320,28000
2007-12-26 19:58:00,6.0290,6.0400,6.0160,6.0320,36400
2007-12-26 19:57:00,6.0300,6.0360,6.0180,6.0270,14000
2007-12-26 19:56:00,6.0310,6.0370,6.0190,6.0290,4256
2007-12-26 19:54:00,6.0310,6.0370,6.0190,6.0290,12040
2007-12-26 19:51:00,6.0340,6.0400,6.0220,6.0320,5600
2007-12-26 19:50:00,6.0310,6.0370,6.0190,6.0290,11200
2007-12-26 19:49:00,6.0330,6.0390,6.0210,6.0310,4200
2007-12-26 19:48:00,6.0360,6.0420,6.0240,6.0330,3416
2007-12-26 19:44:00,6.0360,6.0420,6.0220,6.0320,13216
2007-12-26 19:40:00,6.0370,6.0430,6.0250,6.0340,28000
2007-12-26 19:38:00,6.0370,6.0430,6.0250,6.0340,2800
2007-12-26 19:28:00,6.0360,6.0420,6.0220,6.0320,14000
2007-12-26 19:27:00,6.0370,6.0430,6.0250,6.0340,27300
2007-12-26 19:24:00,6.0370,6.0430,6.0250,6.0340,5600
2007-12-26 19:23:00,6.0360,6.0420,6.0240,6.0330,16800
2007-12-26 19:22:00,6.0360,6.0420,6.0240,6.0330,2800
2007-12-26 19:21:00,6.0340,6.0400,6.0220,6.0310,2800
2007-12-26 19:20:00,6.0360,6.0420,6.0240,6.0340,2800
2007-12-26 19:18:00,6.0340,6.0400,6.0220,6.0320,2800
2007-12-26 19:15:00,6.0330,6.0390,6.0210,6.0310,7000
2007-12-26 19:14:00,6.0330,6.0390,6.0210,6.0310,2800
2007-12-26 19:08:00,6.0340,6.0400,6.0220,6.0320,26236
2007-12-26 19:07:00,6.0330,6.0400,6.0220,6.0320,120624
2007-12-26 19:06:00,6.0330,6.0390,6.0210,6.0310,11200
2007-12-26 19:05:00,6.0310,6.0370,6.0190,6.0290,42700
2007-12-26 19:03:00,6.0280,6.0340,6.0160,6.0260,5600
2007-12-26 18:57:00,6.0300,6.0360,6.0180,6.0280,2800
2007-12-26 18:55:00,6.0290,6.0360,6.0120,6.0210,10500
2007-12-26 18:53:00,6.0300,6.0360,6.0180,6.0280,14000
2007-12-26 18:48:00,6.0280,6.0340,6.0160,6.0260,2828
2007-12-26 18:47:00,6.0290,6.0360,6.0180,6.0270,16800
2007-12-26 18:46:00,6.0300,6.0360,6.0180,6.0280,21812
2007-12-26 18:45:00,6.0330,6.0390,6.0180,6.0280,15232
2007-12-26 18:41:00,6.0300,6.0400,6.0190,6.0310,15120
2007-12-26 18:37:00,6.0300,6.0360,6.0190,6.0280,3080
2007-12-26 18:28:00,6.0300,6.0360,6.0180,6.0280,14448
2007-12-26 18:19:00,6.0300,6.0360,6.0180,6.0280,2800
2007-12-26 18:15:00,6.0310,6.0370,6.0190,6.0290,2800
2007-12-26 18:12:00,6.0330,6.0390,6.0210,6.0310,16800
2007-12-26 18:11:00,6.0290,6.0360,6.0180,6.0270,2800
2007-12-26 18:05:00,6.0290,6.0350,6.0170,6.0270,2800
2007-12-26 18:01:00,6.0290,6.0350,6.0170,6.0260,8400
2007-12-26 17:57:00,6.0290,6.0350,6.0170,6.0260,8400
2007-12-26 17:56:00,6.0310,6.0370,6.0190,6.0280,5600
2007-12-26 17:54:00,6.0320,6.0380,6.0190,6.0290,14532
2007-12-26 17:53:00,6.0320,6.0390,6.0210,6.0300,2800
2007-12-26 17:51:00,6.0330,6.0390,6.0210,6.0310,12600
2007-12-26 17:50:00,6.0340,6.0400,6.0220,6.0310,2800
2007-12-26 17:49:00,6.0340,6.0400,6.0220,6.0320,16800
2007-12-26 17:48:00,6.0340,6.0400,6.0220,6.0320,13776
2007-12-26 17:47:00,6.0340,6.0400,6.0220,6.0320,30352
2007-12-26 17:44:00,6.0340,6.0400,6.0220,6.0320,56000
2007-12-26 17:42:00,6.0320,6.0400,6.0210,6.0320,35980
2007-12-26 17:41:00,6.0320,6.0380,6.0210,6.0300,2800
2007-12-26 17:40:00,6.0330,6.0390,6.0210,6.0300,22400
2007-12-26 17:39:00,6.0330,6.0390,6.0210,6.0310,11200
2007-12-26 17:37:00,6.0320,6.0390,6.0210,6.0310,29736
2007-12-26 17:36:00,6.0320,6.0390,6.0210,6.0300,64540
2007-12-26 17:35:00,6.0320,6.0380,6.0210,6.0300,36400
2007-12-26 17:34:00,6.0310,6.0390,6.0190,6.0300,62552
2007-12-26 17:33:00,6.0280,6.0390,6.0160,6.0300,158396
2007-12-26 17:24:00,6.0300,6.0360,6.0190,6.0280,2800
2007-12-26 17:23:00,6.0270,6.0330,6.0110,6.0210,25200
2007-12-26 17:21:00,6.0310,6.0370,6.0190,6.0290,2800
2007-12-26 17:09:00,6.0300,6.0380,6.0170,6.0300,14000
2007-12-26 17:08:00,6.0290,6.0350,6.0170,6.0260,2800
2007-12-26 17:07:00,6.0290,6.0360,6.0180,6.0270,2800
2007-12-26 17:05:00,6.0290,6.0350,6.0170,6.0260,17780
2007-12-26 17:03:00,6.0280,6.0340,6.0150,6.0240,15092
2007-12-26 17:02:00,6.0270,6.0330,6.0150,6.0240,44800
2007-12-26 17:01:00,6.0280,6.0340,6.0170,6.0260,5992
2007-12-26 17:00:00,6.0280,6.0350,6.0160,6.0260,44800
2007-12-26 16:57:00,6.0280,6.0340,6.0160,6.0260,38640
2007-12-26 16:56:00,6.0290,6.0350,6.0160,6.0260,54600
2007-12-26 16:55:00,6.0290,6.0350,6.0170,6.0270,5600
2007-12-26 16:54:00,6.0290,6.0360,6.0180,6.0270,2800
2007-12-26 16:52:00,6.0300,6.0360,6.0180,6.0270,22400
2007-12-26 16:51:00,6.0330,6.0390,6.0210,6.0310,33600
2007-12-26 16:48:00,6.0320,6.0390,6.0210,6.0300,2800
2007-12-26 16:47:00,6.0320,6.0390,6.0210,6.0300,6720
2007-12-26 16:46:00,6.0300,6.0360,6.0180,6.0280,25200
2007-12-26 16:44:00,6.0320,6.0390,6.0210,6.0300,18032
2007-12-26 16:42:00,6.0300,6.0360,6.0180,6.0280,11200
2007-12-26 16:40:00,6.0340,6.0400,6.0220,6.0310,9800
2007-12-26 16:39:00,6.0290,6.0700,6.0180,6.0320,132468
2007-12-26 16:38:00,6.0290,6.0360,6.0180,6.0270,2800
2007-12-26 16:37:00,6.0290,6.0390,6.0170,6.0300,29064
2007-12-26 16:36:00,6.0320,6.0390,6.0210,6.0300,3164000
2007-12-26 16:35:00,6.0310,6.0370,6.0180,6.0280,27188
2007-12-26 16:34:00,6.0310,6.0370,6.0190,6.0290,33600
2007-12-26 16:33:00,6.0310,6.0380,6.0190,6.0290,74480
2007-12-26 16:32:00,6.0310,6.0370,6.0190,6.0290,105392
2007-12-26 16:31:00,6.0310,6.0380,6.0190,6.0290,126000
2007-12-26 16:29:00,6.0320,6.0390,6.0200,6.0300,380380
2007-12-26 16:28:00,6.0310,6.0390,6.0190,6.0300,399560
2007-12-26 16:25:00,6.0310,6.0370,6.0200,6.0290,2800
2007-12-26 16:24:00,6.0340,6.0400,6.0220,6.0310,5208
2007-12-26 16:23:00,6.0350,6.0410,6.0210,6.0310,12600
2007-12-26 16:22:00,6.0340,6.0470,6.0220,6.0390,157864
2007-12-26 16:21:00,6.0310,6.0400,6.0200,6.0320,6300
2007-12-26 16:19:00,6.0370,6.0430,6.0220,6.0310,135296
2007-12-26 16:18:00,6.0330,6.0430,6.0220,6.0350,92400
2007-12-26 16:17:00,6.0320,6.0390,6.0210,6.0300,67200
2007-12-26 16:16:00,6.0310,6.0380,6.0200,6.0300,15400
2007-12-26 16:15:00,6.0310,6.0390,6.0190,6.0290,111832
2007-12-26 16:14:00,6.0280,6.0340,6.0160,6.0260,58800
2007-12-26 16:13:00,6.0430,6.0490,6.0210,6.0300,235200
2007-12-26 16:12:00,6.0320,6.0390,6.0170,6.0260,5684
2007-12-26 16:11:00,6.0270,6.0470,6.0150,6.0390,112924
2007-12-26 16:10:00,6.0320,6.0390,6.0160,6.0250,282044
2007-12-26 16:08:00,6.0310,6.0370,6.0190,6.0290,4200
2007-12-26 16:07:00,6.0320,6.0390,6.0210,6.0300,109200
2007-12-26 16:06:00,6.0320,6.0390,6.0210,6.0300,5600
2007-12-26 16:05:00,6.0320,6.0380,6.0200,6.0300,2800
2007-12-26 16:04:00,6.0290,6.0380,6.0170,6.0300,23100
2007-12-26 16:03:00,6.0280,6.0360,6.0160,6.0270,53060
2007-12-26 16:02:00,6.0310,6.0370,6.0180,6.0270,36400
2007-12-26 16:01:00,6.0290,6.0400,5.7450,6.0290,90496
2007-12-26 16:00:00,6.0320,6.0660,6.0160,6.0270,4748688
2007-12-26 15:59:00,6.0310,6.0380,6.0150,6.0290,4328884
2007-12-26 15:58:00,6.0310,6.0380,6.0160,6.0280,3218488
2007-12-26 15:57:00,6.0290,6.0390,6.0150,6.0290,2079308
2007-12-26 15:56:00,6.0330,6.0410,6.0160,6.0260,2215332
2007-12-26 15:55:00,6.0260,6.0400,6.0140,6.0310,2455880
2007-12-26 15:54:00,6.0230,6.0330,6.0100,6.0230,2137436
2007-12-26 15:53:00,6.0270,6.0340,6.0040,6.0210,4851616
2007-12-26 15:52:00,6.0340,6.0400,6.0150,6.0250,3024420
2007-12-26 15:51:00,6.0400,6.0480,6.0180,6.0320,3101924
2007-12-26 15:50:00,6.0420,6.0510,6.0280,6.0380,6150200
2007-12-26 15:49:00,6.0420,6.0510,6.0280,6.0400,1911868
2007-12-26 15:48:00,6.0430,6.0490,6.0280,6.0390,2014012
2007-12-26 15:47:00,6.0390,6.0490,6.0260,6.0410,4376484
2007-12-26 15:46:00,6.0410,6.0480,6.0260,6.0360,1638224
2007-12-26 15:45:00,6.0410,6.0480,6.0260,6.0380,2089864
2007-12-26 15:44:00,6.0290,6.0490,6.0160,6.0390,3497144
2007-12-26 15:43:00,6.0310,6.0390,6.0160,6.0280,2682680
2007-12-26 15:42:00,6.0400,6.0460,6.0160,6.0290,5785696
2007-12-26 15:41:00,6.0430,6.0490,6.0280,6.0380,1921164
2007-12-26 15:40:00,6.0430,6.0510,6.0310,6.0410,1726704
2007-12-26 15:39:00,6.0400,6.0530,6.0280,6.0400,2422028
2007-12-26 15:38:00,6.0490,6.0550,6.0270,6.0380,2864596
2007-12-26 15:37:00,6.0510,6.0570,6.0350,6.0470,2663780
2007-12-26 15:36:00,6.0540,6.0610,6.0380,6.0480,1309980
2007-12-26 15:35:00,6.0530,6.0610,6.0380,6.0520,1643348
2007-12-26 15:34:00,6.0530,6.0600,6.0370,6.0500,1302420
2007-12-26 15:33:00,6.0460,6.0610,6.0340,6.0500,3211880
2007-12-26 15:32:00,6.0430,6.0550,6.0280,6.0450,3218600
2007-12-26 15:31:00,6.0430,6.0540,6.0300,6.0400,1961792
2007-12-26 15:30:00,6.0490,6.0570,6.0300,6.0410,3452288
2007-12-26 15:29:00,6.0480,6.0580,6.0360,6.0470,2675092
2007-12-26 15:28:00,6.0530,6.0590,6.0340,6.0460,2547888
2007-12-26 15:27:00,6.0570,6.0630,6.0410,6.0510,2081156
2007-12-26 15:26:00,6.0540,6.0630,6.0380,6.0540,2335788
2007-12-26 15:25:00,6.0630,6.0690,6.0410,6.0510,3009608
2007-12-26 15:24:00,6.0670,6.0750,6.0510,6.0600,1215200
2007-12-26 15:23:00,6.0690,6.0750,6.0540,6.0640,556220
2007-12-26 15:22:00,6.0650,6.0760,6.0530,6.0650,917868
2007-12-26 15:21:00,6.0690,6.0780,6.0520,6.0620,1778224
2007-12-26 15:20:00,6.0660,6.0750,6.0530,6.0660,596512
2007-12-26 15:19:00,6.0730,6.0790,6.0540,6.0650,1336356
2007-12-26 15:18:00,6.0630,6.0790,6.0510,6.0710,1899072
2007-12-26 15:17:00,6.0610,6.0700,6.0480,6.0610,809536
2007-12-26 15:16:00,6.0660,6.0730,6.0470,6.0570,1636432
2007-12-26 15:15:00,6.0650,6.0750,6.0510,6.0650,1329608
2007-12-26 15:14:00,6.0640,6.0760,6.0520,6.0620,748300
2007-12-26 15:13:00,6.0690,6.0760,6.0500,6.0610,1603000
2007-12-26 15:12:00,6.0650,6.0790,6.0520,6.0680,1596364
2007-12-26 15:11:00,6.0630,6.0740,6.0480,6.0630,1882440
2007-12-26 15:10:00,6.0630,6.0710,6.0440,6.0590,3805816
2007-12-26 15:09:00,6.0730,6.0800,6.0490,6.0610,3127404
2007-12-26 15:08:00,6.0760,6.0820,6.0600,6.0710,868252
2007-12-26 15:07:00,6.0720,6.0840,6.0600,6.0740,1552292
2007-12-26 15:06:00,6.0720,6.0790,6.0580,6.0700,1564836
2007-12-26 15:05:00,6.0770,6.0850,6.0600,6.0700,1676948
2007-12-26 15:04:00,6.0800,6.0880,6.0650,6.0750,1634920
2007-12-26 15:03:00,6.0800,6.0900,6.0680,6.0780,919352
2007-12-26 15:02:00,6.0870,6.0930,6.0680,6.0780,1578976
2007-12-26 15:01:00,6.0850,6.0970,6.0730,6.0850,1159256
2007-12-26 15:00:00,6.0850,6.0910,6.0710,6.0830,618548
2007-12-26 14:59:00,6.0840,6.0910,6.0680,6.0820,789908
2007-12-26 14:58:00,6.0900,6.0970,6.0680,6.0810,1758372
2007-12-26 14:57:00,6.0920,6.0990,6.0780,6.0880,597716
2007-12-26 14:56:00,6.0910,6.1000,6.0790,6.0900,1572340
2007-12-26 14:55:00,6.0860,6.0980,6.0740,6.0880,1563352
2007-12-26 14:54:00,6.0860,6.0930,6.0730,6.0840,671272
2007-12-26 14:53:00,6.0870,6.0940,6.0720,6.0840,617372
2007-12-26 14:52:00,6.0890,6.0960,6.0750,6.0850,455560
2007-12-26 14:51:00,6.0810,6.0970,6.0680,6.0870,2231096
2007-12-26 14:50:00,6.0790,6.0870,6.0670,6.0780,630280
2007-12-26 14:49:00,6.0790,6.0860,6.0670,6.0770,427476
2007-12-26 14:48:00,6.0790,6.0860,6.0660,6.0770,256200
2007-12-26 14:47:00,6.0800,6.0870,6.0660,6.0770,597212
2007-12-26 14:46:00,6.0800,6.0870,6.0680,6.0770,293160
2007-12-26 14:45:00,6.0770,6.0870,6.0650,6.0780,444052
2007-12-26 14:44:00,6.0760,6.0860,6.0630,6.0760,759192
2007-12-26 14:43:00,6.0850,6.0910,6.0640,6.0750,1650824
2007-12-26 14:42:00,6.0800,6.0940,6.0680,6.0830,1160936
2007-12-26 14:41:00,6.0820,6.0900,6.0690,6.0780,954184
2007-12-26 14:40:00,6.0830,6.0900,6.0680,6.0790,701064
2007-12-26 14:39:00,6.0820,6.0900,6.0680,6.0810,655116
2007-12-26 14:38:00,6.0810,6.0880,6.0680,6.0790,757848
2007-12-26 14:37:00,6.0770,6.0870,6.0650,6.0780,1060192
2007-12-26 14:36:00,6.0860,6.0940,6.0580,6.0750,1835736
2007-12-26 14:35:00,6.0860,6.0930,6.0720,6.0840,1031660
2007-12-26 14:34:00,6.0880,6.0940,6.0730,6.0840,573300
2007-12-26 14:33:00,6.0880,6.0960,6.0750,6.0850,682080
2007-12-26 14:32:00,6.0870,6.0950,6.0730,6.0870,1109696
2007-12-26 14:31:00,6.0900,6.0980,6.0740,6.0850,1786988
2007-12-26 14:30:00,6.0880,6.0970,6.0750,6.0870,850976
2007-12-26 14:29:00,6.0860,6.0970,6.0740,6.0860,1442056
2007-12-26 14:28:00,6.0860,6.0920,6.0710,6.0840,878024
2007-12-26 14:27:00,6.0820,6.0920,6.0680,6.0830,1197084
2007-12-26 14:26:00,6.0850,6.0940,6.0700,6.0800,740208
2007-12-26 14:25:00,6.0850,6.0920,6.0710,6.0830,903980
2007-12-26 14:24:00,6.0830,6.0940,6.0700,6.0830,1620584
2007-12-26 14:23:00,6.0860,6.0930,6.0710,6.0810,701764
2007-12-26 14:22:00,6.0820,6.0920,6.0700,6.0830,539952
2007-12-26 14:21:00,6.0870,6.0940,6.0700,6.0800,754124
2007-12-26 14:20:00,6.0750,6.0930,6.0630,6.0840,1465772
2007-12-26 14:19:00,6.0760,6.0830,6.0620,6.0730,778820
2007-12-26 14:18:00,6.0810,6.0870,6.0640,6.0740,712824
2007-12-26 14:17:00,6.0790,6.0890,6.0660,6.0790,1127980
2007-12-26 14:16:00,6.0760,6.0860,6.0510,6.0760,2670948
2007-12-26 14:15:00,6.0810,6.0870,6.0630,6.0740,1890588
2007-12-26 14:14:00,6.0820,6.0900,6.0700,6.0790,1358140
2007-12-26 14:13:00,6.0790,6.0900,6.0670,6.0790,2051812
2007-12-26 14:12:00,6.0830,6.0900,6.0670,6.0770,1207108
2007-12-26 14:11:00,6.0740,6.0900,6.0620,6.0810,1576792
2007-12-26 14:10:00,6.0720,6.0810,6.0610,6.0720,973784
2007-12-26 14:09:00,6.0680,6.0830,6.0540,6.0700,1651944
2007-12-26 14:08:00,6.0620,6.0790,6.0500,6.0670,1596896
2007-12-26 14:07:00,6.0630,6.0720,6.0470,6.0600,1639120
2007-12-26 14:06:00,6.0700,6.0770,6.0460,6.0600,3532956
2007-12-26 14:05:00,6.0660,6.0820,6.0550,6.0680,1799392
2007-12-26 14:04:00,6.0720,6.0780,6.0540,6.0650,2304792
2007-12-26 14:03:00,6.0760,6.0820,6.0580,6.0700,2381456
2007-12-26 14:02:00,6.0870,6.0930,6.0630,6.0730,2137044
2007-12-26 14:01:00,6.0850,6.0940,6.0730,6.0850,1161468
2007-12-26 14:00:00,6.0880,6.0940,6.0700,6.0830,3017504
2007-12-26 13:59:00,6.0930,6.0990,6.0750,6.0850,1753192
2007-12-26 13:58:00,6.0880,6.1000,6.0750,6.0900,2020508
2007-12-26 13:57:00,6.0900,6.0970,6.0750,6.0860,1592780
2007-12-26 13:56:00,6.0870,6.0980,6.0740,6.0880,2391032
2007-12-26 13:55:00,6.0820,6.0940,6.0700,6.0850,2303980
2007-12-26 13:54:00,6.0810,6.0910,6.0640,6.0790,2976876
2007-12-26 13:53:00,6.0790,6.0870,6.0660,6.0790,1315048
2007-12-26 13:52:00,6.0840,6.0920,6.0650,6.0760,2744532
2007-12-26 13:51:00,6.0840,6.0900,6.0650,6.0810,2472568
2007-12-26 13:50:00,6.0760,6.0900,6.0640,6.0810,2371600
2007-12-26 13:49:00,6.0770,6.0900,6.0640,6.0740,4823084
2007-12-26 13:48:00,6.0710,6.0850,6.0570,6.0760,4894568
2007-12-26 13:47:00,6.0640,6.0780,6.0520,6.0690,11285288
2007-12-26 13:46:00,6.0630,6.0700,6.0510,6.0620,6811812
2007-12-26 13:45:00,6.0630,6.0700,6.0510,6.0610,358316
2007-12-26 13:44:00,6.0630,6.0700,6.0500,6.0610,2035292
2007-12-26 13:43:00,6.0610,6.0700,6.0490,6.0600,1014916
2007-12-26 13:42:00,6.0610,6.0680,6.0480,6.0580,385868
2007-12-26 13:41:00,6.0600,6.0680,6.0480,6.0590,484400
2007-12-26 13:40:00,6.0610,6.0690,6.0480,6.0580,936208
2007-12-26 13:39:00,6.0620,6.0690,6.0480,6.0600,1280524
2007-12-26 13:38:00,6.0630,6.0690,6.0500,6.0600,750932
2007-12-26 13:37:00,6.0630,6.0690,6.0500,6.0600,510412
2007-12-26 13:36:00,6.0630,6.0690,6.0500,6.0610,911232
2007-12-26 13:35:00,6.0630,6.0700,6.0510,6.0600,4394096
2007-12-26 13:34:00,6.0630,6.0690,6.0500,6.0610,659848
2007-12-26 13:33:00,6.0630,6.0700,6.0500,6.0600,1386336
2007-12-26 13:32:00,6.0590,6.0700,6.0470,6.0610,5365948
2007-12-26 13:31:00,6.0580,6.0650,6.0450,6.0570,381248
2007-12-26 13:30:00,6.0590,6.0650,6.0450,6.0560,387800
2007-12-26 13:29:00,6.0570,6.0660,6.0450,6.0580,439572
2007-12-26 13:28:00,6.0580,6.0660,6.0420,6.0550,889980
2007-12-26 13:27:00,6.0520,6.0640,6.0400,6.0560,1175048
2007-12-26 13:26:00,6.0560,6.0620,6.0380,6.0500,1334032
2007-12-26 13:25:00,6.0580,6.0640,6.0430,6.0530,1074164
2007-12-26 13:24:00,6.0570,6.0660,6.0420,6.0560,1851192
2007-12-26 13:23:00,6.0590,6.0650,6.0420,6.0550,1414448
2007-12-26 13:22:00,6.0570,6.0650,6.0440,6.0560,1054312
2007-12-26 13:21:00,6.0580,6.0670,6.0440,6.0550,1346800
2007-12-26 13:20:00,6.0590,6.0670,6.0450,6.0550,1286852
2007-12-26 13:19:00,6.0600,6.0670,6.0470,6.0570,1010576
2007-12-26 13:18:00,6.0630,6.0690,6.0470,6.0570,1877904
2007-12-26 13:17:00,6.0630,6.0700,6.0490,6.0610,1719452
2007-12-26 13:16:00,6.0610,6.0700,6.0490,6.0610,1515724
2007-12-26 13:15:00,6.0630,6.0700,6.0500,6.0600,1170960
2007-12-26 13:14:00,6.0630,6.0700,6.0510,6.0610,2210628
2007-12-26 13:13:00,6.0600,6.0700,6.0470,6.0610,6371876
2007-12-26 13:12:00,6.0590,6.0660,6.0450,6.0580,454300
2007-12-26 13:11:00,6.0590,6.0660,6.0440,6.0560,349300
2007-12-26 13:10:00,6.0600,6.0670,6.0440,6.0560,914788
2007-12-26 13:09:00,6.0600,6.0670,6.0470,6.0580,464296
2007-12-26 13:08:00,6.0570,6.0680,6.0450,6.0580,2022916
2007-12-26 13:07:00,6.0570,6.0640,6.0410,6.0550,970508
2007-12-26 13:06:00,6.0540,6.0620,6.0400,6.0540,372064
2007-12-26 13:05:00,6.0510,6.0610,6.0400,6.0520,476672
2007-12-26 13:04:00,6.0510,6.0600,6.0390,6.0490,579572
2007-12-26 13:03:00,6.0520,6.0590,6.0380,6.0480,1177400
2007-12-26 13:02:00,6.0550,6.0620,6.0380,6.0510,799092
2007-12-26 13:01:00,6.0560,6.0630,6.0420,6.0530,1107176
2007-12-26 13:00:00,6.0570,6.0670,6.0440,6.0540,1233092
2007-12-26 12:59:00,6.0560,6.0640,6.0440,6.0550,751212
2007-12-26 12:58:00,6.0580,6.0650,6.0440,6.0540,969696
2007-12-26 12:57:00,6.0580,6.0660,6.0460,6.0560,1245524
2007-12-26 12:56:00,6.0540,6.0640,6.0410,6.0550,745472
2007-12-26 12:55:00,6.0520,6.0610,6.0310,6.0520,683060
2007-12-26 12:54:00,6.0550,6.0630,6.0390,6.0490,887180
2007-12-26 12:53:00,6.0570,6.0640,6.0430,6.0530,1167600
2007-12-26 12:52:00,6.0520,6.0640,6.0400,6.0550,3002860
2007-12-26 12:51:00,6.0490,6.0580,6.0370,6.0500,1261512
2007-12-26 12:50:00,6.0480,6.0550,6.0340,6.0470,1078812
2007-12-26 12:49:00,6.0480,6.0540,6.0340,6.0460,744016
2007-12-26 12:48:00,6.0460,6.0540,6.0340,6.0450,644532
2007-12-26 12:47:00,6.0460,6.0530,6.0330,6.0440,538608
2007-12-26 12:46:00,6.0460,6.0530,6.0340,6.0440,492912
2007-12-26 12:45:00,6.0460,6.0530,6.0310,6.0440,882448
2007-12-26 12:44:00,6.0450,6.0530,6.0330,6.0430,558992
2007-12-26 12:43:00,6.0480,6.0550,6.0330,6.0430,688352
2007-12-26 12:42:00,6.0420,6.0550,6.0300,6.0460,1290296
2007-12-26 12:41:00,6.0410,6.0480,6.0290,6.0390,1149176
2007-12-26 12:40:00,6.0410,6.0480,6.0290,6.0390,448168
2007-12-26 12:39:00,6.0420,6.0480,6.0280,6.0380,584052
2007-12-26 12:38:00,6.0400,6.0480,6.0280,6.0390,756196
2007-12-26 12:37:00,6.0400,6.0470,6.0280,6.0380,431172
2007-12-26 12:36:00,6.0400,6.0460,6.0260,6.0380,297920
2007-12-26 12:35:00,6.0400,6.0480,6.0280,6.0380,486052
2007-12-26 12:34:00,6.0380,6.0480,6.0260,6.0370,537964
2007-12-26 12:33:00,6.0360,6.0450,6.0220,6.0350,377020
2007-12-26 12:32:00,6.0390,6.0460,6.0220,6.0340,940912
2007-12-26 12:31:00,6.0420,6.0490,6.0260,6.0370,616588
2007-12-26 12:30:00,6.0400,6.0480,6.0280,6.0390,254352
2007-12-26 12:29:00,6.0370,6.0490,6.0260,6.0390,319480
2007-12-26 12:28:00,6.0390,6.0450,6.0240,6.0360,443352
2007-12-26 12:27:00,6.0430,6.0490,6.0260,6.0370,764848
2007-12-26 12:26:00,6.0410,6.0500,6.0290,6.0410,692776
2007-12-26 12:25:00,6.0460,6.0530,6.0270,6.0390,893032
2007-12-26 12:24:00,6.0380,6.0530,6.0260,6.0440,1497832
2007-12-26 12:23:00,6.0340,6.0440,6.0230,6.0360,369740
2007-12-26 12:22:00,6.0360,6.0440,6.0210,6.0320,1058820
2007-12-26 12:21:00,6.0350,6.0420,6.0200,6.0330,658616
2007-12-26 12:20:00,6.0330,6.0410,6.0210,6.0330,682192
2007-12-26 12:19:00,6.0360,6.0440,6.0210,6.0310,662452
2007-12-26 12:18:00,6.0330,6.0420,6.0210,6.0340,342300
2007-12-26 12:17:00,6.0350,6.0420,6.0190,6.0310,359912
2007-12-26 12:16:00,6.0270,6.0420,6.0150,6.0330,1191540
2007-12-26 12:15:00,6.0300,6.0380,6.0150,6.0250,685748
2007-12-26 12:14:00,6.0300,6.0390,6.0170,6.0270,540932
2007-12-26 12:13:00,6.0270,6.0380,6.0150,6.0280,1037568
2007-12-26 12:12:00,6.0380,6.0440,6.0160,6.0250,2186744
2007-12-26 12:11:00,6.0400,6.0470,6.0250,6.0360,1687448
2007-12-26 12:10:00,6.0370,6.0480,6.0250,6.0380,1074584
2007-12-26 12:09:00,6.0340,6.0440,6.0210,6.0350,762720
2007-12-26 12:08:00,6.0320,6.0400,6.0200,6.0320,983052
2007-12-26 12:07:00,6.0340,6.0410,6.0210,6.0310,487200
2007-12-26 12:06:00,6.0310,6.0400,6.0190,6.0320,603204
2007-12-26 12:05:00,6.0340,6.0400,6.0190,6.0290,278964
2007-12-26 12:04:00,6.0310,6.0400,6.0180,6.0310,530880
2007-12-26 12:03:00,6.0330,6.0400,6.0190,6.0290,654080
2007-12-26 12:02:00,6.0340,6.0410,6.0210,6.0320,619360
2007-12-26 12:01:00,6.0310,6.0410,6.0190,6.0310,1514044
2007-12-26 12:00:00,6.0260,6.0370,6.0130,6.0290,1116360
2007-12-26 11:59:00,6.0340,6.0400,6.0120,6.0230,2254392
2007-12-26 11:58:00,6.0350,6.0420,6.0210,6.0310,1440656
2007-12-26 11:57:00,6.0360,6.0440,6.0220,6.0330,1596112
2007-12-26 11:56:00,6.0390,6.0470,6.0230,6.0350,1405460
2007-12-26 11:55:00,6.0400,6.0480,6.0280,6.0380,1265628
2007-12-26 11:54:00,6.0510,6.0580,6.0280,6.0370,927220
2007-12-26 11:53:00,6.0530,6.0600,6.0390,6.0480,438284
2007-12-26 11:52:00,6.0520,6.0600,6.0390,6.0500,884912
2007-12-26 11:51:00,6.0480,6.0580,6.0370,6.0480,486192
2007-12-26 11:50:00,6.0520,6.0580,6.0340,6.0460,726852
2007-12-26 11:49:00,6.0520,6.0580,6.0380,6.0490,890848
2007-12-26 11:48:00,6.0490,6.0580,6.0380,6.0490,660324
2007-12-26 11:47:00,6.0510,6.0580,6.0370,6.0470,1009792
2007-12-26 11:46:00,6.0540,6.0610,6.0400,6.0490,684292
2007-12-26 11:45:00,6.0460,6.0610,6.0330,6.0520,1724184
2007-12-26 11:44:00,6.0460,6.0520,6.0330,6.0440,453796
2007-12-26 11:43:00,6.0460,6.0530,6.0310,6.0430,624736
2007-12-26 11:42:00,6.0470,6.0530,6.0300,6.0440,992964
2007-12-26 11:41:00,6.0440,6.0530,6.0310,6.0440,6611024
2007-12-26 11:40:00,6.0360,6.0510,6.0240,6.0420,1509900
2007-12-26 11:39:00,6.0390,6.0450,6.0230,6.0340,901124
2007-12-26 11:38:00,6.0350,6.0460,6.0240,6.0360,949228
2007-12-26 11:37:00,6.0370,6.0440,6.0220,6.0320,878780
2007-12-26 11:36:00,6.0370,6.0460,6.0250,6.0350,692860
2007-12-26 11:35:00,6.0370,6.0460,6.0250,6.0340,703360
2007-12-26 11:34:00,6.0390,6.0460,6.0230,6.0350,1123416
2007-12-26 11:33:00,6.0360,6.0460,6.0230,6.0370,1198484
2007-12-26 11:32:00,6.0320,6.0430,6.0200,6.0340,1625820
2007-12-26 11:31:00,6.0260,6.0390,6.0130,6.0290,1780352
2007-12-26 11:30:00,6.0270,6.0400,6.0130,6.0230,2772728
2007-12-26 11:29:00,6.0390,6.0450,6.0140,6.0260,3140284
2007-12-26 11:28:00,6.0350,6.0490,6.0240,6.0360,4277364
2007-12-26 11:27:00,6.0370,6.0440,6.0210,6.0330,4055184
2007-12-26 11:26:00,6.0490,6.0550,6.0260,6.0360,3326008
2007-12-26 11:25:00,6.0570,6.0630,6.0360,6.0470,2397220
2007-12-26 11:24:00,6.0570,6.0640,6.0440,6.0550,726348
2007-12-26 11:23:00,6.0590,6.0670,6.0440,6.0550,1156652
2007-12-26 11:22:00,6.0610,6.0670,6.0460,6.0570,1259272
2007-12-26 11:21:00,6.0610,6.0670,6.0480,6.0590,613984
2007-12-26 11:20:00,6.0600,6.0690,6.0480,6.0580,2038708
2007-12-26 11:19:00,6.0570,6.0670,6.0450,6.0590,1843436
2007-12-26 11:18:00,6.0540,6.0650,6.0420,6.0550,1213688
2007-12-26 11:17:00,6.0540,6.0650,6.0420,6.0520,948724
2007-12-26 11:16:00,6.0550,6.0640,6.0410,6.0520,2226364
2007-12-26 11:15:00,6.0550,6.0660,6.0420,6.0540,1332240
2007-12-26 11:14:00,6.0620,6.0680,6.0440,6.0530,2683772
2007-12-26 11:13:00,6.0610,6.0700,6.0490,6.0600,1430072
2007-12-26 11:12:00,6.0600,6.0700,6.0490,6.0590,1712368
2007-12-26 11:11:00,6.0600,6.0690,6.0470,6.0590,2118564
2007-12-26 11:10:00,6.0530,6.0670,6.0410,6.0570,3218824
2007-12-26 11:09:00,6.0590,6.0660,6.0390,6.0510,2576980
2007-12-26 11:08:00,6.0570,6.0660,6.0440,6.0570,2769480
2007-12-26 11:07:00,6.0570,6.0640,6.0420,6.0540,2044784
2007-12-26 11:06:00,6.0480,6.0630,6.0360,6.0540,2287320
2007-12-26 11:05:00,6.0530,6.0600,6.0360,6.0470,2365272
2007-12-26 11:04:00,6.0460,6.0600,6.0310,6.0510,3919160
2007-12-26 11:03:00,6.0420,6.0550,6.0290,6.0440,2880808
2007-12-26 11:02:00,6.0360,6.0490,6.0230,6.0400,1262912
2007-12-26 11:01:00,6.0350,6.0430,6.0200,6.0330,1158808
2007-12-26 11:00:00,6.0360,6.0450,6.0220,6.0320,1477224
2007-12-26 10:59:00,6.0390,6.0460,6.0240,6.0330,719320
2007-12-26 10:58:00,6.0380,6.0450,6.0240,6.0370,967512
2007-12-26 10:57:00,6.0340,6.0470,6.0220,6.0370,988260
2007-12-26 10:56:00,6.0360,6.0430,6.0180,6.0320,2080120
2007-12-26 10:55:00,6.0420,6.0480,6.0240,6.0340,1883644
2007-12-26 10:54:00,6.0410,6.0490,6.0250,6.0390,1900388
2007-12-26 10:53:00,6.0410,6.0530,6.0270,6.0390,3772524
2007-12-26 10:52:00,6.0340,6.0480,6.0180,6.0380,2671004
2007-12-26 10:51:00,6.0290,6.0400,6.0170,6.0310,1915816
2007-12-26 10:50:00,6.0290,6.0360,6.0140,6.0270,1479912
2007-12-26 10:49:00,6.0220,6.0360,6.0100,6.0260,1337784
2007-12-26 10:48:00,6.0230,6.0290,6.0090,6.0200,828156
2007-12-26 10:47:00,6.0210,6.0290,6.0080,6.0200,1542520
2007-12-26 10:46:00,6.0180,6.0270,6.0050,6.0180,1455188
2007-12-26 10:45:00,6.0090,6.0240,5.9970,6.0150,1589756
2007-12-26 10:44:00,6.0140,6.0200,5.9960,6.0070,1238300
2007-12-26 10:43:00,6.0120,6.0200,6.0000,6.0120,953316
2007-12-26 10:42:00,6.0030,6.0190,5.9910,6.0100,1945720
2007-12-26 10:41:00,6.0110,6.0180,5.9860,6.0010,2828224
2007-12-26 10:40:00,6.0120,6.0190,5.9960,6.0090,1365840
2007-12-26 10:39:00,6.0190,6.0260,5.9980,6.0100,2614332
2007-12-26 10:38:00,6.0240,6.0340,6.0080,6.0170,1326724
2007-12-26 10:37:00,6.0260,6.0330,6.0120,6.0220,1044540
2007-12-26 10:36:00,6.0260,6.0330,6.0110,6.0240,1177456
2007-12-26 10:35:00,6.0320,6.0380,6.0140,6.0240,1224020
2007-12-26 10:34:00,6.0280,6.0390,6.0160,6.0300,755048
2007-12-26 10:33:00,6.0290,6.0350,6.0140,6.0260,1160852
2007-12-26 10:32:00,6.0330,6.0400,6.0170,6.0270,1677340
2007-12-26 10:31:00,6.0240,6.0400,6.0130,6.0310,1512420
2007-12-26 10:30:00,6.0290,6.0360,6.0110,6.0220,2000628
2007-12-26 10:29:00,6.0320,6.0400,6.0150,6.0260,1844584
2007-12-26 10:28:00,6.0320,6.0400,6.0180,6.0300,1526224
2007-12-26 10:27:00,6.0290,6.0410,6.0160,6.0290,2086840
2007-12-26 10:26:00,6.0340,6.0440,6.0180,6.0280,3226916
2007-12-26 10:25:00,6.0270,6.0400,6.0130,6.0320,3811360
2007-12-26 10:24:00,6.0240,6.0350,6.0100,6.0240,1612156
2007-12-26 10:23:00,6.0290,6.0370,6.0100,6.0230,2457700
2007-12-26 10:22:00,6.0230,6.0360,6.0080,6.0270,2214352
2007-12-26 10:21:00,6.0170,6.0310,6.0050,6.0200,2765756
2007-12-26 10:20:00,6.0150,6.0270,6.0030,6.0150,2258424
2007-12-26 10:19:00,6.0120,6.0230,5.9970,6.0140,1498476
2007-12-26 10:18:00,6.0100,6.0230,5.9980,6.0090,2199904
2007-12-26 10:17:00,6.0010,6.0170,5.9880,6.0070,2196908
2007-12-26 10:16:00,5.9940,6.0090,5.9820,5.9990,1839488
2007-12-26 10:15:00,5.9940,6.0030,5.9800,5.9920,1490972
2007-12-26 10:14:00,5.9930,6.0020,5.9810,5.9910,895748
2007-12-26 10:13:00,5.9920,5.9990,5.9790,5.9910,865116
2007-12-26 10:12:00,5.9940,6.0020,5.9780,5.9890,930804
2007-12-26 10:11:00,5.9970,6.0030,5.9800,5.9930,1637580
2007-12-26 10:10:00,5.9900,6.0060,5.9770,5.9940,3413620
2007-12-26 10:09:00,5.9900,5.9970,5.9760,5.9880,1032892
2007-12-26 10:08:00,5.9870,5.9970,5.9750,5.9880,1967980
2007-12-26 10:07:00,5.9850,5.9970,5.9700,5.9850,1750532
2007-12-26 10:06:00,5.9840,5.9920,5.9650,5.9820,2326408
2007-12-26 10:05:00,5.9880,5.9940,5.9690,5.9820,963424
2007-12-26 10:04:00,5.9890,5.9960,5.9740,5.9850,727524
2007-12-26 10:03:00,5.9820,5.9980,5.9690,5.9870,1707328
2007-12-26 10:02:00,5.9870,5.9950,5.9680,5.9810,2118312
2007-12-26 10:01:00,5.9910,5.9970,5.9740,5.9850,936516
2007-12-26 10:00:00,5.9880,6.0000,5.9740,5.9880,1543528
2007-12-26 09:59:00,5.9870,5.9950,5.9740,5.9850,1494948
2007-12-26 09:58:00,5.9790,5.9930,5.9660,5.9850,1540112
2007-12-26 09:57:00,5.9840,5.9920,5.9670,5.9770,1518272
2007-12-26 09:56:00,5.9850,5.9960,5.9670,5.9820,2180556
2007-12-26 09:55:00,5.9940,6.0000,5.9630,5.9820,4412016
2007-12-26 09:54:00,5.9970,6.0060,5.9820,5.9910,1456896
2007-12-26 09:53:00,5.9950,6.0040,5.9840,5.9950,503104
2007-12-26 09:52:00,5.9970,6.0040,5.9830,5.9930,2053996
2007-12-26 09:51:00,5.9920,6.0030,5.9780,5.9950,1643096
2007-12-26 09:50:00,5.9940,6.0010,5.9800,5.9900,741048
2007-12-26 09:49:00,5.9940,6.0020,5.9810,5.9910,1200248
2007-12-26 09:48:00,5.9990,6.0060,5.9820,5.9910,1610280
2007-12-26 09:47:00,5.9960,6.0060,5.9780,5.9970,2445520
2007-12-26 09:46:00,6.0060,6.0120,5.9800,5.9940,3598560
2007-12-26 09:45:00,6.0080,6.0150,5.9920,6.0040,1475068
2007-12-26 09:44:00,6.0110,6.0180,5.9940,6.0060,2815288
2007-12-26 09:43:00,6.0030,6.0230,5.9920,6.0080,4031664
2007-12-26 09:42:00,5.9980,6.0100,5.9810,6.0010,2868964
2007-12-26 09:41:00,5.9840,6.0060,5.9690,5.9960,3556252
2007-12-26 09:40:00,5.9820,5.9990,5.9650,5.9840,4198516
2007-12-26 09:39:00,5.9890,5.9970,5.9650,5.9800,4136944
2007-12-26 09:38:00,5.9680,5.9970,5.9560,5.9860,6178956
2007-12-26 09:37:00,5.9880,5.9970,5.9560,5.9660,6449660
2007-12-26 09:36:00,5.9830,5.9970,5.9700,5.9840,5440316
2007-12-26 09:35:00,6.0040,6.0100,5.9660,5.9800,6508712
2007-12-26 09:34:00,6.0140,6.0210,5.9860,6.0010,5115040
2007-12-26 09:33:00,6.0040,6.0230,5.9910,6.0110,5461316
2007-12-26 09:32:00,6.0200,6.0260,5.9870,6.0010,5451320
2007-12-26 09:31:00,6.0230,6.0410,6.0050,6.0180,4061932
2007-12-26 09:30:00,6.0340,6.0450,6.0110,6.0210,8492428
2007-12-26 09:29:00,6.0320,6.0450,6.0200,6.0320,323400
2007-12-26 09:28:00,6.0400,6.0460,6.0200,6.0300,336000
2007-12-26 09:27:00,6.0390,6.0470,6.0260,6.0380,94500
2007-12-26 09:26:00,6.0400,6.0470,6.0250,6.0360,126700
2007-12-26 09:25:00,6.0450,6.0520,6.0280,6.0380,170100
2007-12-26 09:24:00,6.0410,6.0520,6.0290,6.0430,132300
2007-12-26 09:23:00,6.0430,6.0490,6.0280,6.0380,72100
2007-12-26 09:22:00,6.0320,6.0460,6.0190,6.0380,130368
2007-12-26 09:21:00,6.0320,6.0400,6.0200,6.0290,136752
2007-12-26 09:20:00,6.0320,6.0400,6.0210,6.0310,102368
2007-12-26 09:19:00,6.0370,6.0430,6.0210,6.0300,31080
2007-12-26 09:18:00,6.0370,6.0430,6.0220,6.0320,108164
2007-12-26 09:17:00,6.0370,6.0440,6.0250,6.0350,45360
2007-12-26 09:16:00,6.0400,6.0490,6.0260,6.0350,54404
2007-12-26 09:15:00,6.0340,6.0450,6.0220,6.0360,60452
2007-12-26 09:14:00,6.0340,6.0400,6.0170,6.0320,218400
2007-12-26 09:13:00,6.0400,6.0460,6.0180,6.0320,666260
2007-12-26 09:12:00,6.0450,6.0510,6.0280,6.0380,294532
2007-12-26 09:11:00,6.0480,6.0540,6.0330,6.0440,74816
2007-12-26 09:10:00,6.0470,6.0540,6.0340,6.0450,198128
2007-12-26 09:09:00,6.0460,6.0540,6.0320,6.0420,39200
2007-12-26 09:08:00,6.0460,6.0570,6.0320,6.0410,177660
2007-12-26 09:07:00,6.0420,6.0520,6.0310,6.0440,22400
2007-12-26 09:06:00,6.0430,6.0550,6.0280,6.0380,213388
2007-12-26 09:05:00,6.0490,6.0570,6.0320,6.0410,220220
2007-12-26 09:04:00,6.0430,6.0550,6.0320,6.0470,74900
2007-12-26 09:03:00,6.0440,6.0550,6.0270,6.0410,236320
2007-12-26 09:02:00,6.0530,6.0590,6.0250,6.0350,290724
2007-12-26 09:01:00,6.0540,6.0620,6.0410,6.0500,49000
2007-12-26 09:00:00,6.0550,6.0610,6.0380,6.0500,317464
2007-12-26 08:59:00,6.0580,6.0640,6.0440,6.0530,64400
2007-12-26 08:58:00,6.0580,6.0640,6.0470,6.0560,38780
2007-12-26 08:57:00,6.0610,6.0670,6.0470,6.0570,400260
2007-12-26 08:56:00,6.0610,6.0670,6.0470,6.0590,210000
2007-12-26 08:55:00,6.0600,6.0670,6.0480,6.0590,70000
2007-12-26 08:54:00,6.0560,6.0640,6.0440,6.0560,44800
2007-12-26 08:53:00,6.0570,6.0640,6.0430,6.0560,58800
2007-12-26 08:52:00,6.0570,6.0630,6.0410,6.0550,242200
2007-12-26 08:51:00,6.0580,6.0640,6.0450,6.0550,145264
2007-12-26 08:50:00,6.0580,6.0660,6.0460,6.0560,47600
2007-12-26 08:49:00,6.0610,6.0670,6.0460,6.0550,56588
2007-12-26 08:48:00,6.0600,6.0670,6.0480,6.0590,144592
2007-12-26 08:47:00,6.0590,6.0660,6.0470,6.0560,25200
2007-12-26 08:46:00,6.0590,6.0670,6.0470,6.0580,65520
2007-12-26 08:45:00,6.0610,6.0670,6.0470,6.0570,22260
2007-12-26 08:44:00,6.0610,6.0670,6.0480,6.0590,84840
2007-12-26 08:43:00,6.0580,6.0670,6.0460,6.0590,133420
2007-12-26 08:42:00,6.0620,6.0680,6.0460,6.0550,316344
2007-12-26 08:41:00,6.0650,6.0710,6.0500,6.0590,71708
2007-12-26 08:40:00,6.0650,6.0710,6.0530,6.0620,92400
2007-12-26 08:39:00,6.0670,6.0730,6.0550,6.0640,51520
2007-12-26 08:38:00,6.0700,6.0760,6.0560,6.0650,19600
2007-12-26 08:37:00,6.0690,6.0750,6.0570,6.0670,5600
2007-12-26 08:36:00,6.0700,6.0790,6.0590,6.0680,19600
2007-12-26 08:35:00,6.0670,6.0760,6.0550,6.0670,114212
2007-12-26 08:34:00,6.0640,6.0750,6.0530,6.0670,36260
2007-12-26 08:33:00,6.0680,6.0740,6.0490,6.0590,159740
2007-12-26 08:32:00,6.0710,6.0770,6.0560,6.0650,83468
2007-12-26 08:31:00,6.0740,6.0800,6.0590,6.0700,240044
2007-12-26 08:30:00,6.0730,6.0800,6.0590,6.0720,167664
2007-12-26 08:29:00,6.0720,6.0780,6.0610,6.0700,2800
2007-12-26 08:28:00,6.0700,6.0770,6.0570,6.0670,60172
2007-12-26 08:27:00,6.0720,6.0780,6.0590,6.0680,71400
2007-12-26 08:26:00,6.0730,6.0800,6.0590,6.0680,79100
2007-12-26 08:25:00,6.0730,6.0800,6.0600,6.0710,67900
2007-12-26 08:24:00,6.0730,6.0800,6.0600,6.0690,180796
2007-12-26 08:23:00,6.0740,6.0800,6.0620,6.0720,22120
2007-12-26 08:22:00,6.0740,6.0830,6.0620,6.0750,50456
2007-12-26 08:21:00,6.0760,6.0830,6.0590,6.0680,48160
2007-12-26 08:20:00,6.0720,6.0810,6.0590,6.0700,179648
2007-12-26 08:19:00,6.0780,6.0890,6.0620,6.0710,103600
2007-12-26 08:18:00,6.0810,6.0870,6.0650,6.0740,155148
2007-12-26 08:17:00,6.0830,6.0900,6.0720,6.0810,2800
2007-12-26 08:16:00,6.0800,6.0890,6.0680,6.0800,16520
2007-12-26 08:15:00,6.0840,6.0940,6.0650,6.0810,483140
2007-12-26 08:14:00,6.0850,6.0930,6.0700,6.0830,252840
2007-12-26 08:13:00,6.0790,6.0920,6.0680,6.0830,73808
2007-12-26 08:12:00,6.0790,6.0870,6.0640,6.0780,141820
2007-12-26 08:11:00,6.0710,6.0860,6.0590,6.0770,156688
2007-12-26 08:10:00,6.0670,6.0990,6.0550,6.0710,253232
2007-12-26 08:09:00,6.0630,6.0740,6.0510,6.0620,336392
2007-12-26 08:08:00,6.0590,6.0690,6.0470,6.0610,235956
2007-12-26 08:07:00,6.0590,6.0670,6.0460,6.0550,67228
2007-12-26 08:06:00,6.0620,6.0700,6.0470,6.0590,266140
2007-12-26 08:05:00,6.0670,6.0730,6.0480,6.0610,479724
2007-12-26 08:04:00,6.0680,6.0770,6.0540,6.0640,159040
2007-12-26 08:03:00,6.0650,6.0730,6.0510,6.0650,137564
2007-12-26 08:02:00,6.0620,6.0730,6.0490,6.0630,500416
2007-12-26 08:01:00,6.0550,6.0700,6.0410,6.0560,269220
2007-12-26 08:00:00,6.0460,6.0700,6.0340,6.0520,456988
2007-12-26 07:58:00,6.0410,6.0470,6.0290,6.0380,11200
2007-12-26 07:57:00,6.0460,6.0530,6.0350,6.0440,2800
2007-12-26 07:55:00,6.0470,6.0530,6.0350,6.0440,14000
2007-12-26 07:52:00,6.0450,6.0510,6.0330,6.0420,5600
2007-12-26 07:43:00,6.0550,6.0610,6.0440,6.0530,14000
2007-12-26 07:42:00,6.0580,6.0650,6.0470,6.0570,5600
2007-12-26 07:41:00,6.0640,6.0700,6.0500,6.0590,126168
2007-12-26 07:40:00,6.0640,6.0730,6.0530,6.0650,10192
2007-12-26 07:37:00,6.0640,6.0700,6.0530,6.0620,3640
2007-12-26 07:36:00,6.0640,6.0700,6.0530,6.0620,29792
2007-12-26 07:35:00,6.0620,6.0700,6.0500,6.0620,65800
2007-12-26 07:34:00,6.0610,6.0700,6.0500,6.0590,68600
2007-12-26 07:33:00,6.0600,6.0670,6.0480,6.0590,33600
2007-12-26 07:32:00,6.0610,6.0670,6.0500,6.0590,2800
2007-12-26 07:31:00,6.0600,6.0660,6.0480,6.0580,16800
2007-12-26 07:29:00,6.0520,6.0580,6.0410,6.0500,2800
2007-12-26 07:27:00,6.0460,6.0520,6.0340,6.0440,2800
2007-12-26 07:25:00,6.0460,6.0520,6.0340,6.0440,28000
2007-12-26 07:23:00,6.0540,6.0600,6.0390,6.0480,39200
2007-12-26 07:22:00,6.0540,6.0600,6.0420,6.0520,28000
2007-12-26 07:19:00,6.0340,6.0400,6.0220,6.0320,2800
2007-12-24 16:58:00,6.0230,6.0330,6.0110,6.0240,19600
2007-12-24 16:34:00,6.0230,6.0290,6.0100,6.0200,29848
2007-12-24 16:26:00,6.0280,6.0340,6.0160,6.0260,4732
2007-12-24 16:25:00,6.0280,6.0340,6.0160,6.0260,12600
2007-12-24 16:07:00,6.0250,6.0310,6.0130,6.0230,2800
2007-12-24 16:06:00,6.0250,6.0310,6.0130,6.0230,6720
2007-12-24 15:46:00,6.0240,6.0300,6.0110,6.0200,10444
2007-12-24 15:40:00,6.0220,6.0290,6.0110,6.0200,2800
2007-12-24 15:37:00,6.0260,6.0320,6.0140,6.0240,5320
2007-12-24 15:34:00,6.0220,6.0290,6.0110,6.0200,3500
2007-12-24 15:33:00,6.0220,6.0290,6.0110,6.0200,2800
2007-12-24 15:32:00,6.0260,6.0320,6.0140,6.0230,3080
2007-12-24 15:31:00,6.0260,6.0320,6.0140,6.0240,2800
2007-12-24 15:18:00,6.0260,6.0330,6.0140,6.0240,14000
2007-12-24 15:17:00,6.0250,6.0310,6.0130,6.0230,5600
2007-12-24 15:16:00,6.0250,6.0310,6.0130,6.0230,8400
2007-12-24 15:12:00,6.0230,6.0290,6.0120,6.0210,5600
2007-12-24 15:09:00,6.0200,6.0260,6.0090,6.0180,6720
2007-12-24 15:07:00,6.0200,6.0260,6.0090,6.0180,7280
2007-12-24 15:04:00,6.0190,6.0250,6.0080,6.0170,14000
2007-12-24 15:00:00,6.0200,6.0260,6.0080,6.0170,14000
2007-12-24 14:59:00,6.0240,6.0300,6.0120,6.0210,5600
2007-12-24 14:58:00,6.0200,6.0300,6.0090,6.0210,40516
2007-12-24 14:54:00,6.0240,6.0300,6.0120,6.0210,2800
2007-12-24 14:44:00,6.0260,6.0320,6.0140,6.0230,2800
2007-12-24 14:43:00,6.0260,6.0320,6.0140,6.0230,5600
2007-12-24 14:42:00,6.0260,6.0320,6.0140,6.0230,2800
2007-12-24 14:41:00,6.0280,6.0340,6.0140,6.0230,36092
2007-12-24 14:40:00,6.0280,6.0340,6.0160,6.0250,14000
2007-12-24 14:39:00,6.0260,6.0330,6.0150,6.0240,42000
2007-12-24 14:35:00,6.0250,6.0310,6.0130,6.0230,8120
2007-12-24 14:33:00,6.0270,6.0330,6.0150,6.0250,5600
2007-12-24 14:30:00,6.0230,6.0290,6.0120,6.0210,20888
2007-12-24 14:28:00,6.0230,6.0290,6.0120,6.0210,2800
2007-12-24 14:25:00,6.0230,6.0290,6.0110,6.0210,2800
2007-12-24 14:24:00,6.0200,6.0260,6.0090,6.0180,5600
2007-12-24 14:23:00,6.0220,6.0280,6.0100,6.0190,11760
2007-12-24 14:22:00,6.0230,6.0290,6.0110,6.0210,45640
2007-12-24 14:15:00,6.0220,6.0280,6.0110,6.0200,13020
2007-12-24 14:13:00,6.0230,6.0290,6.0120,6.0210,5600
2007-12-24 14:02:00,6.0230,6.0290,6.0120,6.0210,2800
2007-12-24 14:01:00,6.0230,6.0290,6.0110,6.0210,16800
2007-12-24 14:00:00,6.0240,6.0300,6.0110,6.0210,83804
2007-12-24 13:58:00,6.0280,6.0340,6.0160,6.0260,5600
2007-12-24 13:57:00,6.0280,6.0340,6.0160,6.0250,42000
2007-12-24 13:56:00,6.0260,6.0330,6.0140,6.0240,10164
2007-12-24 13:55:00,6.0250,6.0320,6.0140,6.0230,8764
2007-12-24 13:53:00,6.0250,6.0310,6.0140,6.0230,2800
2007-12-24 13:50:00,6.0230,6.0290,5.9760,5.9850,37016
2007-12-24 13:49:00,6.0250,6.0310,6.0140,6.0230,4200
2007-12-24 13:48:00,6.0250,6.0310,6.0130,6.0230,8400
2007-12-24 13:47:00,6.0230,6.0290,6.0120,6.0210,13692
2007-12-24 13:46:00,6.0260,6.0320,6.0130,6.0230,11564
2007-12-24 13:44:00,6.0260,6.0320,6.0140,6.0230,2800
2007-12-24 13:43:00,6.0260,6.0320,6.0140,6.0230,7000
2007-12-24 13:42:00,6.0230,6.0340,6.0120,6.0230,22499316
2007-12-24 13:40:00,6.0250,6.0320,6.0130,6.0230,84000
2007-12-24 13:37:00,6.0250,6.0310,6.0130,6.0220,2800
2007-12-24 13:36:00,6.0250,6.0310,6.0130,6.0220,2800
2007-12-24 13:35:00,6.0240,6.0310,6.0120,6.0230,26040
2007-12-24 13:31:00,6.0250,6.0310,6.0130,6.0220,38360
2007-12-24 13:30:00,6.0250,6.0310,6.0130,6.0230,12600
2007-12-24 13:29:00,6.0260,6.0320,6.0140,6.0230,5600
2007-12-24 13:28:00,6.0260,6.0320,6.0140,6.0230,12740
2007-12-24 13:27:00,6.0250,6.0310,6.0130,6.0230,2800
2007-12-24 13:26:00,6.0260,6.0320,6.0140,6.0230,14000
2007-12-24 13:25:00,5.9870,5.9930,5.9760,5.9850,92540
2007-12-24 13:24:00,6.0250,6.0310,6.0130,6.0230,11200
2007-12-24 13:21:00,6.0250,6.0320,6.0130,6.0230,83440
2007-12-24 13:20:00,6.0250,6.0310,6.0130,6.0230,16800
2007-12-24 13:18:00,6.0190,6.0320,6.0080,6.0230,175280
2007-12-24 13:17:00,6.0200,6.0260,6.0080,6.0170,14000
2007-12-24 13:15:00,6.0200,6.0310,5.9760,6.0220,178892
2007-12-24 13:14:00,6.0210,6.0270,6.0090,6.0180,15736
2007-12-24 13:13:00,6.0220,6.0290,6.0100,6.0200,54292
2007-12-24 13:11:00,6.0250,6.0310,6.0130,6.0230,21924
2007-12-24 13:10:00,6.0260,6.0320,6.0140,6.0230,5600
2007-12-24 13:09:00,6.0260,6.0320,6.0130,6.0230,28000
2007-12-24 13:08:00,6.0280,6.0340,6.0160,6.0250,15400
2007-12-24 13:07:00,6.0260,6.0340,5.9760,6.0260,69608
2007-12-24 13:06:00,6.0250,6.0330,6.0130,6.0240,61600
2007-12-24 13:05:00,6.0220,6.0310,6.0100,6.0230,82908
2007-12-24 13:04:00,6.0280,6.0340,6.0100,6.0200,58464
2007-12-24 13:03:00,6.0250,6.0320,6.0120,6.0220,75600
2007-12-24 13:02:00,6.0260,6.0320,6.0130,6.0230,124096
2007-12-24 13:01:00,6.0270,6.0330,6.0150,6.0240,145320
2007-12-24 13:00:00,6.0280,6.0360,6.0150,6.0260,2909284
2007-12-24 12:59:00,6.0310,6.0370,6.0140,6.0260,4498732
2007-12-24 12:58:00,6.0290,6.0380,6.0130,6.0290,4788700
2007-12-24 12:57:00,6.0230,6.0360,6.0110,6.0270,3401412
2007-12-24 12:56:00,6.0280,6.0360,6.0110,6.0220,4442648
2007-12-24 12:55:00,6.0240,6.0340,6.0090,6.0250,4138372
2007-12-24 12:54:00,6.0340,6.0410,6.0110,6.0220,4607792
2007-12-24 12:53:00,6.0390,6.0450,6.0220,6.0320,3696364
2007-12-24 12:52:00,6.0410,6.0480,6.0270,6.0360,2666916
2007-12-24 12:51:00,6.0390,6.0490,6.0280,6.0390,3287984
2007-12-24 12:50:00,6.0410,6.0500,6.0280,6.0370,4048716
2007-12-24 12:49:00,6.0400,6.0480,6.0260,6.0380,3247580
2007-12-24 12:48:00,6.0360,6.0460,6.0240,6.0380,1759436
2007-12-24 12:47:00,6.0370,6.0450,6.0240,6.0340,1428952
2007-12-24 12:46:00,6.0400,6.0470,6.0240,6.0350,2473604
2007-12-24 12:45:00,6.0370,6.0470,6.0240,6.0380,3853444
2007-12-24 12:44:00,6.0330,6.0440,6.0210,6.0340,4633804
2007-12-24 12:43:00,6.0300,6.0400,6.0180,6.0310,3197432
2007-12-24 12:42:00,6.0290,6.0390,6.0170,6.0270,1596000
2007-12-24 12:41:00,6.0260,6.0350,6.0140,6.0270,1004696
2007-12-24 12:40:00,6.0300,6.0360,6.0140,6.0240,935228
2007-12-24 12:39:00,6.0300,6.0360,6.0140,6.0280,2018744
2007-12-24 12:38:00,6.0320,6.0390,6.0180,6.0280,1704472
2007-12-24 12:37:00,6.0310,6.0400,6.0180,6.0290,2410912
2007-12-24 12:36:00,6.0310,6.0380,6.0170,6.0290,2175348
2007-12-24 12:35:00,6.0260,6.0390,6.0130,6.0290,3043432
2007-12-24 12:34:00,6.0220,6.0360,6.0100,6.0240,2098880
2007-12-24 12:33:00,6.0190,6.0290,6.0060,6.0200,1098076
2007-12-24 12:32:00,6.0160,6.0270,6.0050,6.0170,1890504
2007-12-24 12:31:00,6.0180,6.0250,6.0020,6.0150,1490832
2007-12-24 12:30:00,6.0120,6.0240,6.0000,6.0150,1649592
2007-12-24 12:29:00,6.0100,6.0200,5.9970,6.0100,1183168
2007-12-24 12:28:00,6.0090,6.0160,5.9960,6.0070,716520
2007-12-24 12:27:00,6.0100,6.0170,5.9930,6.0060,1501948
2007-12-24 12:26:00,6.0120,6.0200,5.9980,6.0080,1506568
2007-12-24 12:25:00,6.0120,6.0180,5.9970,6.0090,2032744
2007-12-24 12:24:00,6.0130,6.0220,6.0010,6.0100,926828
2007-12-24 12:23:00,6.0170,6.0240,6.0010,6.0110,1696576
2007-12-24 12:22:00,6.0180,6.0250,6.0050,6.0150,927556
2007-12-24 12:21:00,6.0190,6.0260,6.0050,6.0150,1350636
2007-12-24 12:20:00,6.0150,6.0260,6.0030,6.0170,1145480
2007-12-24 12:19:00,6.0140,6.0210,6.0010,6.0130,1376900
2007-12-24 12:18:00,6.0120,6.0240,6.0000,6.0110,1356376
2007-12-24 12:17:00,6.0160,6.0220,5.9980,6.0100,1787548
2007-12-24 12:16:00,6.0160,6.0230,6.0030,6.0140,1400336
2007-12-24 12:15:00,6.0180,6.0280,6.0000,6.0140,3417428
2007-12-24 12:14:00,6.0230,6.0290,6.0060,6.0160,1604372
2007-12-24 12:13:00,6.0210,6.0300,6.0080,6.0210,1209544
2007-12-24 12:12:00,6.0230,6.0290,6.0090,6.0180,904092
2007-12-24 12:11:00,6.0230,6.0300,6.0100,6.0200,1029476
2007-12-24 12:10:00,6.0250,6.0320,6.0110,6.0210,851760
2007-12-24 12:09:00,6.0250,6.0310,6.0110,6.0220,882756
2007-12-24 12:08:00,6.0260,6.0330,6.0130,6.0230,933324
2007-12-24 12:07:00,6.0220,6.0320,6.0110,6.0240,1088248
2007-12-24 12:06:00,6.0250,6.0320,6.0090,6.0200,2409036
2007-12-24 12:05:00,6.0280,6.0340,6.0130,6.0230,1925896
2007-12-24 12:04:00,6.0290,6.0360,6.0160,6.0260,1666280
2007-12-24 12:03:00,6.0230,6.0360,6.0110,6.0270,2782080
2007-12-24 12:02:00,6.0240,6.0300,6.0110,6.0210,1295420
2007-12-24 12:01:00,6.0170,6.0310,6.0050,6.0210,3726744
2007-12-24 12:00:00,6.0180,6.0240,6.0030,6.0150,1388940
2007-12-24 11:59:00,6.0160,6.0250,6.0040,6.0150,2605008
2007-12-24 11:58:00,6.0090,6.0230,5.9980,6.0140,1625848
2007-12-24 11:57:00,6.0090,6.0170,5.9960,6.0080,1671824
2007-12-24 11:56:00,6.0090,6.0150,5.9970,6.0070,749896
2007-12-24 11:55:00,6.0090,6.0150,5.9970,6.0070,719208
2007-12-24 11:54:00,6.0090,6.0150,5.9950,6.0060,543732
2007-12-24 11:53:00,6.0090,6.0150,5.9970,6.0070,409640
2007-12-24 11:52:00,6.0080,6.0160,5.9960,6.0070,860832
2007-12-24 11:51:00,6.0080,6.0160,5.9960,6.0060,683648
2007-12-24 11:50:00,6.0090,6.0160,5.9970,6.0060,842352
2007-12-24 11:49:00,6.0070,6.0150,5.9960,6.0070,661248
2007-12-24 11:48:00,6.0080,6.0140,5.9950,6.0040,619248
2007-12-24 11:47:00,6.0080,6.0150,5.9950,6.0050,809564
2007-12-24 11:46:00,6.0090,6.0160,5.9960,6.0060,756924
2007-12-24 11:45:00,6.0090,6.0170,5.9980,6.0080,1650012
2007-12-24 11:44:00,6.0060,6.0160,5.9940,6.0060,1293460
2007-12-24 11:43:00,6.0040,6.0130,5.9920,6.0030,938700
2007-12-24 11:42:00,6.0030,6.0100,5.9910,6.0010,471184
2007-12-24 11:41:00,6.0020,6.0100,5.9900,6.0010,425600
2007-12-24 11:40:00,6.0020,6.0110,5.9890,6.0000,844368
2007-12-24 11:39:00,6.0070,6.0130,5.9900,6.0000,915376
2007-12-24 11:38:00,6.0040,6.0130,5.9910,6.0040,840028
2007-12-24 11:37:00,6.0080,6.0140,5.9910,6.0010,1016204
2007-12-24 11:36:00,6.0070,6.0160,5.9940,6.0060,1702428
2007-12-24 11:35:00,6.0050,6.0130,5.9930,6.0050,1088332
2007-12-24 11:34:00,6.0030,6.0120,5.9910,6.0030,925260
2007-12-24 11:33:00,6.0020,6.0090,5.9910,6.0010,682388
2007-12-24 11:32:00,6.0000,6.0090,5.9880,6.0010,629608
2007-12-24 11:31:00,6.0020,6.0090,5.9880,5.9980,903112
2007-12-24 11:30:00,6.0020,6.0090,5.9900,6.0000,473704
2007-12-24 11:29:00,5.9990,6.0120,5.9860,6.0010,1709988
2007-12-24 11:28:00,6.0010,6.0090,5.9850,5.9960,2057468
2007-12-24 11:27:00,6.0040,6.0110,5.9890,6.0000,1267560
2007-12-24 11:26:00,6.0040,6.0120,5.9920,6.0020,1065792
2007-12-24 11:25:00,6.0040,6.0110,5.9910,6.0020,648144
2007-12-24 11:24:00,6.0040,6.0110,5.9920,6.0010,665392
2007-12-24 11:23:00,6.0030,6.0140,5.9910,6.0020,836164
2007-12-24 11:22:00,6.0070,6.0140,5.9910,6.0010,1333864
2007-12-24 11:21:00,6.0060,6.0150,5.9940,6.0050,1798552
2007-12-24 11:20:00,6.0020,6.0130,5.9900,6.0040,1633940
2007-12-24 11:19:00,6.0010,6.0080,5.9890,6.0000,973840
2007-12-24 11:18:00,6.0020,6.0140,5.9890,5.9980,1688064
2007-12-24 11:17:00,6.0050,6.0130,5.9910,6.0010,859544
2007-12-24 11:16:00,6.0080,6.0140,5.9920,6.0030,1566628
2007-12-24 11:15:00,6.0040,6.0160,5.9920,6.0060,2038400
2007-12-24 11:14:00,6.0020,6.0120,5.9880,6.0020,2389940
2007-12-24 11:13:00,6.0030,6.0120,5.9910,6.0000,1204532
2007-12-24 11:12:00,6.0060,6.0130,5.9900,6.0010,3177860
2007-12-24 11:11:00,6.0100,6.0170,5.9940,6.0040,2303588
2007-12-24 11:10:00,6.0130,6.0200,5.9970,6.0080,2195704
2007-12-24 11:09:00,6.0090,6.0200,5.9970,6.0110,3155908
2007-12-24 11:08:00,6.0070,6.0160,5.9940,6.0060,2258452
2007-12-24 11:07:00,6.0020,6.0130,5.9910,6.0050,3800188
2007-12-24 11:06:00,6.0020,6.0100,5.9860,6.0010,3148096
2007-12-24 11:05:00,6.0030,6.0090,5.9890,6.0000,1687280
2007-12-24 11:04:00,6.0010,6.0090,5.9870,6.0010,1642648
2007-12-24 11:03:00,5.9960,6.0090,5.9840,5.9990,3969196
2007-12-24 11:02:00,5.9920,6.0020,5.9810,5.9940,2402960
2007-12-24 11:01:00,5.9870,5.9990,5.9750,5.9900,1983520
2007-12-24 11:00:00,5.9910,5.9970,5.9750,5.9850,1900836
2007-12-24 10:59:00,5.9860,5.9980,5.9740,5.9890,3305260
2007-12-24 10:58:00,5.9820,5.9950,5.9700,5.9840,3314808
2007-12-24 10:57:00,5.9810,5.9890,5.9690,5.9800,927724
2007-12-24 10:56:00,5.9760,5.9890,5.9650,5.9800,1732304
2007-12-24 10:55:00,5.9730,5.9870,5.9620,5.9740,1867852
2007-12-24 10:54:00,5.9810,5.9880,5.9620,5.9710,1686272
2007-12-24 10:53:00,5.9810,5.9910,5.9670,5.9800,2618532
2007-12-24 10:52:00,5.9790,5.9880,5.9660,5.9780,1132068
2007-12-24 10:51:00,5.9750,5.9850,5.9640,5.9770,1047228
2007-12-24 10:50:00,5.9760,5.9840,5.9620,5.9740,1830948
2007-12-24 10:49:00,5.9800,5.9860,5.9640,5.9740,886144
2007-12-24 10:48:00,5.9820,5.9890,5.9670,5.9770,756252
2007-12-24 10:47:00,5.9770,5.9890,5.9640,5.9800,1119692
2007-12-24 10:46:00,5.9790,5.9860,5.9640,5.9740,1725220
2007-12-24 10:45:00,5.9830,5.9890,5.9670,5.9780,1390704
2007-12-24 10:44:00,5.9820,5.9940,5.9700,5.9800,1853964
2007-12-24 10:43:00,5.9810,5.9880,5.9670,5.9800,654136
2007-12-24 10:42:00,5.9800,5.9890,5.9680,5.9780,952112
2007-12-24 10:41:00,5.9790,5.9870,5.9660,5.9790,570864
2007-12-24 10:40:00,5.9810,5.9880,5.9660,5.9770,813176
2007-12-24 10:39:00,5.9760,5.9880,5.9630,5.9800,1350244
2007-12-24 10:38:00,5.9780,5.9840,5.9630,5.9740,1533784
2007-12-24 10:37:00,5.9820,5.9910,5.9650,5.9750,1341844
2007-12-24 10:36:00,5.9820,5.9970,5.9700,5.9810,3564764
2007-12-24 10:35:00,5.9790,5.9890,5.9660,5.9800,1025164
2007-12-24 10:34:00,5.9770,5.9920,5.9660,5.9770,2104256
2007-12-24 10:33:00,5.9770,5.9840,5.9630,5.9750,1093484
2007-12-24 10:32:00,5.9730,5.9850,5.9620,5.9740,1523984
2007-12-24 10:31:00,5.9770,5.9830,5.9620,5.9710,2342368
2007-12-24 10:30:00,5.9790,5.9860,5.9640,5.9740,1630972
2007-12-24 10:29:00,5.9820,5.9890,5.9670,5.9770,1627192
2007-12-24 10:28:00,5.9820,5.9900,5.9690,5.9800,1545712
2007-12-24 10:27:00,5.9880,5.9940,5.9680,5.9800,2258144
2007-12-24 10:26:00,5.9840,5.9950,5.9720,5.9850,1952496
2007-12-24 10:25:00,5.9860,5.9920,5.9720,5.9820,1038660
2007-12-24 10:24:00,5.9830,5.9920,5.9680,5.9830,1441832
2007-12-24 10:23:00,5.9820,5.9920,5.9690,5.9810,1774528
2007-12-24 10:22:00,5.9810,5.9890,5.9670,5.9780,1610728
2007-12-24 10:21:00,5.9770,5.9890,5.9660,5.9790,1677144
2007-12-24 10:20:00,5.9770,5.9870,5.9640,5.9750,1523900
2007-12-24 10:19:00,5.9740,5.9850,5.9620,5.9750,1600284
2007-12-24 10:18:00,5.9780,5.9850,5.9620,5.9720,1077216
2007-12-24 10:17:00,5.9780,5.9850,5.9650,5.9760,776524
2007-12-24 10:16:00,5.9840,5.9900,5.9640,5.9760,1928080
2007-12-24 10:15:00,5.9800,5.9910,5.9660,5.9810,1910328
2007-12-24 10:14:00,5.9740,5.9870,5.9620,5.9780,2308404
2007-12-24 10:13:00,5.9770,5.9850,5.9600,5.9710,2379440
2007-12-24 10:12:00,5.9760,5.9840,5.9620,5.9750,2125648
2007-12-24 10:11:00,5.9850,5.9910,5.9620,5.9710,3801784
2007-12-24 10:10:00,5.9890,5.9970,5.9710,5.9830,2871652
2007-12-24 10:09:00,5.9800,5.9960,5.9690,5.9880,3247524
2007-12-24 10:08:00,5.9730,5.9930,5.9600,5.9790,3053540
2007-12-24 10:07:00,5.9780,5.9860,5.9600,5.9710,2111368
2007-12-24 10:06:00,5.9750,5.9870,5.9560,5.9770,4794804
2007-12-24 10:05:00,5.9760,5.9910,5.9630,5.9720,4604348
2007-12-24 10:04:00,5.9730,5.9830,5.9600,5.9740,4516260
2007-12-24 10:03:00,5.9700,5.9790,5.9500,5.9710,3249932
2007-12-24 10:02:00,5.9570,5.9790,5.9460,5.9680,5997684
2007-12-24 10:01:00,5.9570,5.9640,5.9400,5.9550,2551668
2007-12-24 10:00:00,5.9450,5.9690,5.9340,5.9540,6735316
2007-12-24 09:59:00,5.9410,5.9520,5.9270,5.9440,2615368
2007-12-24 09:58:00,5.9350,5.9480,5.9240,5.9380,1569344
2007-12-24 09:57:00,5.9370,5.9470,5.9230,5.9330,2435776
2007-12-24 09:56:00,5.9380,5.9460,5.9260,5.9350,1039444
2007-12-24 09:55:00,5.9400,5.9480,5.9260,5.9350,1225616
2007-12-24 09:54:00,5.9420,5.9480,5.9260,5.9370,1785252
2007-12-24 09:53:00,5.9350,5.9480,5.9230,5.9380,1869700
2007-12-24 09:52:00,5.9370,5.9460,5.9240,5.9340,1886612
2007-12-24 09:51:00,5.9370,5.9480,5.9250,5.9360,1918336
2007-12-24 09:50:00,5.9440,5.9510,5.9230,5.9360,3549784
2007-12-24 09:49:00,5.9430,5.9520,5.9310,5.9420,3033044
2007-12-24 09:48:00,5.9420,5.9540,5.9290,5.9410,5085640
2007-12-24 09:47:00,5.9400,5.9520,5.9260,5.9390,5477276
2007-12-24 09:46:00,5.9330,5.9490,5.9190,5.9380,4678492
2007-12-24 09:45:00,5.9160,5.9390,5.9040,5.9300,3071628
2007-12-24 09:44:00,5.9160,5.9240,5.9030,5.9140,1771532
2007-12-24 09:43:00,5.9190,5.9270,5.9010,5.9140,2197468
2007-12-24 09:42:00,5.9120,5.9250,5.8980,5.9160,2502136
2007-12-24 09:41:00,5.9150,5.9220,5.9010,5.9100,2552368
2007-12-24 09:40:00,5.9140,5.9220,5.9020,5.9140,2834188
2007-12-24 09:39:00,5.9140,5.9210,5.8980,5.9130,2986564
2007-12-24 09:38:00,5.9190,5.9260,5.9000,5.9110,2944564
2007-12-24 09:37:00,5.9220,5.9300,5.9080,5.9170,2809100
2007-12-24 09:36:00,5.9210,5.9300,5.9070,5.9200,3031588
2007-12-24 09:35:00,5.9120,5.9300,5.9010,5.9190,3076668
2007-12-24 09:34:00,5.9180,5.9240,5.8950,5.9110,2709700
2007-12-24 09:33:00,5.9160,5.9280,5.9040,5.9160,2228576
2007-12-24 09:32:00,5.9300,5.9420,5.9050,5.9150,3496948
2007-12-24 09:31:00,5.9310,5.9480,5.9030,5.9280,5452636
2007-12-24 09:30:00,5.9140,5.9370,5.8990,5.9290,10006136
2007-12-24 09:29:00,5.9200,5.9270,5.9020,5.9110,117880
2007-12-24 09:28:00,5.9200,5.9280,5.9080,5.9180,271544
2007-12-24 09:27:00,5.9210,5.9270,5.9090,5.9180,88340
2007-12-24 09:26:00,5.9200,5.9270,5.9090,5.9180,11200
2007-12-24 09:25:00,5.9200,5.9300,5.9090,5.9190,33600
2007-12-24 09:24:00,5.9200,5.9270,5.9090,5.9180,36400
2007-12-24 09:23:00,5.9200,5.9270,5.9090,5.9190,5600
2007-12-24 09:22:00,5.9230,5.9290,5.9070,5.9170,86800
2007-12-24 09:21:00,5.9220,5.9280,5.9100,5.9200,64484
2007-12-24 09:20:00,5.9190,5.9270,5.9070,5.9180,18900
2007-12-24 09:19:00,5.9190,5.9250,5.9060,5.9160,190988
2007-12-24 09:18:00,5.9210,5.9270,5.9080,5.9180,35560
2007-12-24 09:17:00,5.9260,5.9340,5.9090,5.9190,177688
2007-12-24 09:16:00,5.9250,5.9310,5.9130,5.9230,86800
2007-12-24 09:15:00,5.9270,5.9330,5.9130,5.9230,120400
2007-12-24 09:14:00,5.9270,5.9340,5.8680,5.9250,10561964
2007-12-24 09:12:00,5.9260,5.9320,5.9150,5.9240,7000
2007-12-24 09:11:00,5.9260,5.9340,5.9130,5.9250,188776
2007-12-24 09:10:00,5.9250,5.9310,5.9120,5.9210,56000
2007-12-24 09:09:00,5.9250,5.9310,5.9130,5.9220,27020
2007-12-24 09:08:00,5.9260,5.9320,5.9130,5.9230,100100
2007-12-24 09:07:00,5.9220,5.9330,5.9100,5.9240,127400
2007-12-24 09:06:00,5.9240,5.9330,5.9100,5.9200,175084
2007-12-24 09:05:00,5.9250,5.9310,5.9120,5.9210,94696
2007-12-24 09:04:00,5.9260,5.9330,5.9140,5.9230,73500
2007-12-24 09:03:00,5.9260,5.9340,5.9120,5.9230,204904
2007-12-24 09:02:00,5.9270,5.9340,5.9150,5.9240,254660
2007-12-24 09:01:00,5.9260,5.9340,5.9150,5.9250,173684
2007-12-24 09:00:00,5.9250,5.9340,5.9130,5.9230,204148
2007-12-24 08:59:00,5.9230,5.9370,5.9110,5.9230,586628
2007-12-24 08:58:00,5.9200,5.9310,5.9070,5.9220,77000
2007-12-24 08:57:00,5.9200,5.9270,5.9080,5.9180,33600
2007-12-24 08:56:00,5.9250,5.9310,5.9090,5.9220,234696
2007-12-24 08:55:00,5.9250,5.9310,5.9100,5.9220,284116
2007-12-24 08:54:00,5.9250,5.9340,5.9120,5.9220,281624
2007-12-24 08:53:00,5.9200,5.9340,5.9070,5.9210,157892
2007-12-24 08:52:00,5.9160,5.9260,5.9020,5.9170,231476
2007-12-24 08:51:00,5.9120,5.9230,5.9010,5.9150,342216
2007-12-24 08:50:00,5.9090,5.9180,5.8970,5.9090,47068
2007-12-24 08:49:00,5.9110,5.9180,5.8980,5.9100,335300
2007-12-24 08:48:00,5.9090,5.9170,5.8940,5.9090,299544
2007-12-24 08:47:00,5.9080,5.9150,5.8940,5.9070,75376
2007-12-24 08:46:00,5.9080,5.9140,5.8960,5.9060,109032
2007-12-24 08:45:00,5.9080,5.9140,5.8950,5.9060,44800
2007-12-24 08:44:00,5.9060,5.9140,5.8940,5.9060,55832
2007-12-24 08:43:00,5.9070,5.9130,5.8960,5.9050,2800
2007-12-24 08:42:00,5.9080,5.9140,5.8970,5.9060,7000
2007-12-24 08:41:00,5.9070,5.9150,5.8950,5.9060,156800
2007-12-24 08:40:00,5.9070,5.9130,5.8950,5.9040,64400
2007-12-24 08:39:00,5.9050,5.9150,5.8940,5.9070,131180
2007-12-24 08:38:00,5.9060,5.9140,5.8950,5.9040,113316
2007-12-24 08:37:00,5.9040,5.9110,5.8920,5.9030,68320
2007-12-24 08:35:00,5.9040,5.9100,5.8910,5.9010,11200
2007-12-24 08:34:00,5.9040,5.9100,5.8920,5.9010,5600
2007-12-24 08:33:00,5.9040,5.9110,5.8920,5.9030,36400
2007-12-24 08:32:00,5.9010,5.9100,5.8860,5.9010,42000
2007-12-24 08:31:00,5.9040,5.9100,5.8920,5.9010,2800
2007-12-24 08:30:00,5.9030,5.9090,5.8890,5.9010,26600
2007-12-24 08:29:00,5.9050,5.9110,5.8930,5.9030,28000
2007-12-24 08:28:00,5.9040,5.9110,5.8920,5.9030,19320
2007-12-24 08:27:00,5.9060,5.9120,5.8920,5.9040,54376
2007-12-24 08:26:00,5.9050,5.9120,5.8940,5.9040,16800
2007-12-24 08:25:00,5.9040,5.9100,5.8920,5.9020,21224
2007-12-24 08:24:00,5.9040,5.9100,5.8920,5.9010,26404
2007-12-24 08:23:00,5.9040,5.9100,5.8920,5.9010,8400
2007-12-24 08:22:00,5.9070,5.9130,5.8920,5.9010,36400
2007-12-24 08:20:00,5.9000,5.9140,5.8880,5.9060,74760
2007-12-24 08:19:00,5.9000,5.9060,5.8880,5.8970,3584
2007-12-24 08:18:00,5.8990,5.9060,5.8860,5.8970,71260
2007-12-24 08:16:00,5.9010,5.9070,5.8880,5.8970,72800
2007-12-24 08:15:00,5.9040,5.9110,5.8890,5.8990,144172
2007-12-24 08:14:00,5.9050,5.9110,5.8920,5.9010,10836
2007-12-24 08:13:00,5.9050,5.9110,5.8920,5.9010,21280
2007-12-24 08:12:00,5.9060,5.9120,5.8940,5.9030,14280
2007-12-24 08:11:00,5.9050,5.9110,5.8920,5.9010,5600
2007-12-24 08:10:00,5.9040,5.9120,5.8900,5.9030,52528
2007-12-24 08:09:00,5.9060,5.9140,5.8920,5.9010,312424
2007-12-24 08:08:00,5.9050,5.9130,5.8900,5.9040,149716
2007-12-24 08:07:00,5.9030,5.9120,5.8890,5.9030,76160
2007-12-24 08:06:00,5.9040,5.9110,5.8920,5.9010,29400
2007-12-24 08:05:00,5.8960,5.9100,5.8850,5.9010,231308
2007-12-24 08:04:00,5.8880,5.9040,5.8770,5.8950,112280
2007-12-24 08:03:00,5.8870,5.8940,5.8760,5.8860,50400
2007-12-24 08:02:00,5.8920,5.8980,5.8770,5.8860,37800
2007-12-24 08:01:00,5.8910,5.9000,5.8710,5.8900,40040
2007-12-24 08:00:00,5.8950,5.9090,5.8710,5.8890,491344
2007-12-24 07:59:00,5.8950,5.9000,5.8830,5.8920,8400
2007-12-24 07:58:00,5.8950,5.9000,5.8830,5.8920,2800
2007-12-24 07:54:00,5.8910,5.8970,5.8800,5.8890,2800
2007-12-24 07:53:00,5.8980,5.9040,5.8860,5.8950,2800
2007-12-24 07:51:00,5.8980,5.9040,5.8860,5.8950,22008
2007-12-24 07:49:00,5.8900,5.8960,5.8780,5.8870,2800
2007-12-24 07:46:00,5.8870,5.8930,5.8760,5.8850,2800
2007-12-24 07:43:00,5.8980,5.9040,5.8860,5.8950,5600
2007-12-24 07:40:00,5.8980,5.9040,5.8860,5.8950,33600
2007-12-24 07:18:00,5.8980,5.9040,5.8860,5.8950,8400
2007-12-24 07:17:00,5.8980,5.9040,5.8860,5.8950,126000
2007-12-24 07:15:00,5.8670,5.8730,5.8560,5.8650,14000
2007-12-24 07:11:00,5.8670,5.8730,5.8560,5.8650,9800
2007-12-24 07:08:00,5.8670,5.8730,5.8560,5.8650,2800
2007-12-24 07:06:00,5.8380,5.8730,5.8260,5.8650,8400
2007-12-24 04:26:00,5.8380,5.8430,5.8260,5.8350,26600
2007-12-21 19:59:00,5.8720,5.8780,5.8560,5.8650,39200
2007-12-21 19:56:00,5.8700,5.8760,5.8590,5.8680,8400
2007-12-21 19:55:00,5.8680,5.8760,5.8560,5.8680,26040
2007-12-21 19:54:00,5.8720,5.8780,5.8600,5.8700,5600
2007-12-21 19:52:00,5.8700,5.8760,5.8590,5.8680,5600
2007-12-21 19:51:00,5.8670,5.8730,5.8560,5.8650,33600
2007-12-21 19:48:00,5.8670,5.8730,5.8560,5.8650,5208
2007-12-21 19:46:00,5.8670,5.8730,5.8560,5.8650,35000
2007-12-21 19:42:00,5.8650,5.8710,5.8530,5.8620,13972
2007-12-21 19:41:00,5.8670,5.8730,5.8560,5.8650,14700
2007-12-21 19:40:00,5.8680,5.8730,5.8560,5.8650,8680
2007-12-21 19:39:00,5.8700,5.8760,5.8570,5.8670,12600
2007-12-21 19:38:00,5.8710,5.8770,5.8590,5.8680,24080
2007-12-21 19:35:00,5.8730,5.8790,5.8620,5.8710,5600
2007-12-21 19:33:00,5.8730,5.8790,5.8620,5.8710,25900
2007-12-21 19:29:00,5.8730,5.8790,5.8620,5.8710,4340
2007-12-21 19:28:00,5.8730,5.8790,5.8620,5.8710,28000
2007-12-21 19:20:00,5.8750,5.8810,5.8630,5.8730,27216
2007-12-21 19:17:00,5.8730,5.8790,5.8620,5.8710,2800
2007-12-21 19:14:00,5.8730,5.8790,5.8620,5.8710,13608
2007-12-21 19:08:00,5.8700,5.8760,5.8590,5.8680,3220
2007-12-21 19:00:00,5.8720,5.8780,5.8600,5.8700,14000
2007-12-21 18:56:00,5.8720,5.8780,5.8600,5.8700,4200
2007-12-21 18:55:00,5.8720,5.8780,5.8600,5.8700,2800
2007-12-21 18:53:00,5.8700,5.8760,5.8590,5.8680,14000
2007-12-21 18:52:00,5.8720,5.8780,5.8600,5.8700,19320
2007-12-21 18:51:00,5.8700,5.8760,5.8580,5.8670,5600
2007-12-21 18:49:00,5.7620,5.7680,5.7510,5.7600,340116
2007-12-21 18:45:00,5.8720,5.8780,5.8600,5.8700,10080
2007-12-21 18:44:00,5.8720,5.8780,5.8580,5.8670,8820
2007-12-21 18:41:00,5.8720,5.8780,5.8600,5.8700,3220
2007-12-21 18:39:00,5.8720,5.8780,5.8600,5.8700,5600
2007-12-21 18:38:00,5.8700,5.8760,5.8590,5.8680,2800
2007-12-21 18:35:00,5.8720,5.8780,5.8600,5.8700,2800
2007-12-21 18:32:00,5.8730,5.8790,5.8610,5.8710,11900
2007-12-21 18:29:00,5.8730,5.8790,5.8620,5.8710,15904
2007-12-21 18:27:00,5.8750,5.8810,5.8630,5.8730,2800
2007-12-21 18:26:00,5.8730,5.8800,5.8620,5.8710,14532
2007-12-21 18:24:00,5.8730,5.8790,5.8610,5.8700,8400
2007-12-21 18:21:00,5.8720,5.8780,5.8600,5.8700,7000
2007-12-21 18:20:00,5.8760,5.8820,5.8640,5.8740,5600
2007-12-21 18:19:00,5.8760,5.8820,5.8640,5.8740,2800
2007-12-21 18:17:00,5.8720,5.8860,5.8600,5.8780,151480
2007-12-21 18:16:00,5.8750,5.8800,5.8630,5.8720,77560
2007-12-21 18:14:00,5.8750,5.8810,5.8630,5.8730,5600
2007-12-21 18:11:00,5.8750,5.8810,5.8630,5.8730,5600
2007-12-21 18:10:00,5.8750,5.8810,5.8620,5.8730,16800
2007-12-21 18:09:00,5.8750,5.8810,5.8620,5.8710,11200
2007-12-21 18:08:00,5.8750,5.8820,5.8630,5.8730,46816
2007-12-21 18:07:00,5.8730,5.8800,5.8620,5.8720,35980
2007-12-21 18:06:00,5.8700,5.8780,5.8590,5.8700,19768
2007-12-21 18:04:00,5.8690,5.8750,5.8570,5.8670,3220
2007-12-21 18:03:00,5.8710,5.8770,5.8590,5.8680,8400
2007-12-21 17:57:00,5.8700,5.8760,5.8590,5.8680,7700
2007-12-21 17:56:00,5.8700,5.8780,5.8570,5.8660,22400
2007-12-21 17:54:00,5.8700,5.8760,5.8590,5.8680,40320
2007-12-21 17:52:00,5.8680,5.8740,5.8570,5.8660,8400
2007-12-21 17:49:00,5.8720,5.8790,5.8600,5.8700,39116
2007-12-21 17:48:00,5.8720,5.8780,5.8600,5.8700,8400
2007-12-21 17:44:00,5.8690,5.8750,5.8570,5.8670,2800
2007-12-21 17:43:00,5.8690,5.8750,5.8570,5.8670,5600
2007-12-21 17:40:00,5.8680,5.8800,5.8570,5.8720,150276
2007-12-21 17:39:00,5.8680,5.8740,5.8560,5.8660,5600
2007-12-21 17:36:00,5.8680,5.8730,5.8560,5.8650,8400
2007-12-21 17:35:00,5.8680,5.8730,5.8560,5.8650,5600
2007-12-21 17:34:00,5.8700,5.8760,5.8590,5.8680,4396
2007-12-21 17:33:00,5.8690,5.8760,5.8570,5.8680,23604
2007-12-21 17:31:00,5.8660,5.8730,5.8550,5.8650,30800
2007-12-21 17:30:00,5.8800,5.8860,5.8540,5.8630,2325120
2007-12-21 17:29:00,5.8640,5.8700,5.8530,5.8620,8400
2007-12-21 17:27:00,5.8630,5.8690,5.8510,5.8610,2800
2007-12-21 17:23:00,5.8640,5.8700,5.8530,5.8620,14000
2007-12-21 17:20:00,5.8640,5.8710,5.8530,5.8620,15400
2007-12-21 17:17:00,5.8800,5.8860,5.8690,5.8780,8400
2007-12-21 17:16:00,5.8640,5.8700,5.8520,5.8610,29960
2007-12-21 17:14:00,5.8680,5.8860,5.8560,5.8770,47824
2007-12-21 17:13:00,5.8680,5.8730,5.8560,5.8650,4200
2007-12-21 17:12:00,5.8650,5.8860,5.8540,5.8770,425600
2007-12-21 17:10:00,5.8420,5.8480,5.8300,5.8400,89600
2007-12-21 17:08:00,5.8650,5.8860,5.8530,5.8620,2404024
2007-12-21 17:07:00,5.8650,5.8700,5.6660,5.6740,381444
2007-12-21 17:06:00,5.8660,5.8720,5.8530,5.8620,8400
2007-12-21 17:02:00,5.8670,5.8730,5.8560,5.8650,3360
2007-12-21 17:01:00,5.8330,5.8390,5.8210,5.8310,7504
2007-12-21 17:00:00,5.8670,5.8730,5.8560,5.8650,14000
2007-12-21 16:59:00,5.8670,5.8730,5.8560,5.8650,11200
2007-12-21 16:57:00,5.8680,5.8730,5.8560,5.8650,7000
2007-12-21 16:56:00,5.8680,5.8730,5.8560,5.8650,4200
2007-12-21 16:54:00,5.8690,5.8750,5.8570,5.8670,19600
2007-12-21 16:53:00,5.8800,5.8860,5.8680,5.8770,259308
2007-12-21 16:52:00,5.8680,5.8740,5.8560,5.8650,22400
2007-12-21 16:51:00,5.8720,5.8780,5.8610,5.8700,8400
2007-12-21 16:50:00,5.8680,5.8770,5.8550,5.8680,243600
2007-12-21 16:49:00,5.8700,5.8760,5.8570,5.8670,109200
2007-12-21 16:48:00,5.8280,5.8760,5.8160,5.8680,727384
2007-12-21 16:46:00,5.8720,5.8780,5.8590,5.8680,28000
2007-12-21 16:45:00,5.8800,5.8860,5.8200,5.8770,9884084
2007-12-21 16:44:00,5.8800,5.8860,5.8680,5.8770,177100
2007-12-21 16:43:00,5.8740,5.8800,5.8620,5.8710,2800
2007-12-21 16:42:00,5.8800,5.8860,5.8600,5.8690,1572144
2007-12-21 16:41:00,5.8740,5.8800,5.8600,5.8690,43288
2007-12-21 16:40:00,5.8740,5.8860,5.8630,5.8770,13044696
2007-12-21 16:39:00,5.8800,5.8860,5.8590,5.8680,1241940
2007-12-21 16:38:00,5.8800,5.8860,5.8620,5.8720,6268472
2007-12-21 16:37:00,5.8800,5.8860,5.8680,5.8770,6860000
2007-12-21 16:36:00,5.8710,5.8790,5.8590,5.8710,38836
2007-12-21 16:35:00,5.8800,5.8860,5.8680,5.8770,8792
2007-12-21 16:33:00,5.6770,5.8860,5.6660,5.8770,498988
2007-12-21 16:32:00,5.8250,5.8300,5.8130,5.8220,5600
2007-12-21 16:31:00,5.8730,5.8790,5.8600,5.8700,27636
2007-12-21 16:30:00,5.8800,5.8860,5.8630,5.8720,1707692
2007-12-21 16:29:00,5.8800,5.8860,5.8630,5.8720,381192
2007-12-21 16:28:00,5.8710,5.8860,5.8600,5.8770,642936
2007-12-21 16:27:00,5.8720,5.8860,5.8600,5.8710,43400
2007-12-21 16:26:00,5.8710,5.8860,5.8600,5.8700,151172
2007-12-21 16:25:00,5.8710,5.8770,5.8580,5.8670,22400
2007-12-21 16:24:00,5.8700,5.8860,5.8590,5.8690,18088
2007-12-21 16:23:00,5.8800,5.8860,5.8130,5.8770,2328172
2007-12-21 16:22:00,5.8720,5.8780,5.8160,5.8260,747012
2007-12-21 16:21:00,5.8690,5.8790,5.8580,5.8710,8400
2007-12-21 16:20:00,5.8720,5.8860,5.8590,5.8680,75600
2007-12-21 16:19:00,5.8700,5.8760,5.8570,5.8680,14280
2007-12-21 16:18:00,5.8800,5.8860,5.8570,5.8670,193200
2007-12-21 16:17:00,5.8690,5.8860,5.8560,5.8770,578844
2007-12-21 16:16:00,5.8700,5.8860,5.8130,5.8770,380996
2007-12-21 16:15:00,5.8740,5.8860,5.8540,5.8650,563612
2007-12-21 16:14:00,5.8690,5.8800,5.8570,5.8720,40936
2007-12-21 16:13:00,5.8670,5.8730,5.8560,5.8650,44800
2007-12-21 16:12:00,5.8670,5.8740,5.8000,5.8090,104608
2007-12-21 16:11:00,5.8660,5.8730,5.8540,5.8650,143948
2007-12-21 16:10:00,5.8660,5.8730,5.8540,5.8650,90440
2007-12-21 16:09:00,5.8610,5.8700,5.8480,5.8620,58072
2007-12-21 16:08:00,5.8630,5.8700,5.8440,5.8610,186200
2007-12-21 16:07:00,5.8670,5.8730,5.8530,5.8650,192808
2007-12-21 16:06:00,5.8660,5.8730,5.8540,5.8650,157836
2007-12-21 16:05:00,5.8720,5.8860,5.8330,5.8640,647164
2007-12-21 16:04:00,5.8800,5.8860,5.8110,5.8700,6179572
2007-12-21 16:03:00,5.8800,5.8860,5.8570,5.8710,2337356
2007-12-21 16:02:00,5.8660,5.8780,5.8550,5.8700,315000
2007-12-21 16:01:00,5.8710,5.8860,5.8120,5.8640,812588
2007-12-21 16:00:00,5.8520,5.8860,5.8410,5.8690,36031156
2007-12-21 15:59:00,5.8510,5.8650,5.8320,5.8570,9979648
2007-12-21 15:58:00,5.8440,5.8580,5.8320,5.8490,5084464
2007-12-21 15:57:00,5.8410,5.8510,5.8270,5.8420,5597732
2007-12-21 15:56:00,5.8450,5.8550,5.8300,5.8400,4350780
2007-12-21 15:55:00,5.8430,5.8530,5.8300,5.8440,5258652
2007-12-21 15:54:00,5.8380,5.8510,5.8260,5.8420,4819164
2007-12-21 15:53:00,5.8280,5.8440,5.8150,5.8360,3557708
2007-12-21 15:52:00,5.8210,5.8340,5.8090,5.8250,5210408
2007-12-21 15:51:00,5.8140,5.8280,5.8030,5.8190,3390520
2007-12-21 15:50:00,5.8080,5.8250,5.7960,5.8130,5662300
2007-12-21 15:49:00,5.8190,5.8250,5.7940,5.8050,4317432
2007-12-21 15:48:00,5.8140,5.8260,5.8020,5.8170,2524676
2007-12-21 15:47:00,5.8210,5.8270,5.8020,5.8120,2971192
2007-12-21 15:46:00,5.8210,5.8320,5.8080,5.8200,3009468
2007-12-21 15:45:00,5.8290,5.8360,5.8090,5.8190,3069528
2007-12-21 15:44:00,5.8220,5.8360,5.8100,5.8270,3124968
2007-12-21 15:43:00,5.8270,5.8340,5.8070,5.8200,5144748
2007-12-21 15:42:00,5.8340,5.8410,5.8150,5.8240,3732232
2007-12-21 15:41:00,5.8350,5.8430,5.8230,5.8330,2541532
2007-12-21 15:40:00,5.8500,5.8560,5.8240,5.8340,4363576
2007-12-21 15:39:00,5.8490,5.8560,5.8350,5.8480,1412572
2007-12-21 15:38:00,5.8490,5.8560,5.8340,5.8480,2608928
2007-12-21 15:37:00,5.8500,5.8580,5.8370,5.8470,2106020
2007-12-21 15:36:00,5.8540,5.8600,5.8380,5.8470,1805272
2007-12-21 15:35:00,5.8520,5.8620,5.8370,5.8510,4194456
2007-12-21 15:34:00,5.8580,5.8640,5.8410,5.8510,2588964
2007-12-21 15:33:00,5.8600,5.8660,5.8440,5.8560,2343320
2007-12-21 15:32:00,5.8560,5.8660,5.8440,5.8580,1881796
2007-12-21 15:31:00,5.8570,5.8660,5.8440,5.8540,2604672
2007-12-21 15:30:00,5.8550,5.8660,5.8440,5.8550,1290268
2007-12-21 15:29:00,5.8560,5.8640,5.8440,5.8530,1734236
2007-12-21 15:28:00,5.8610,5.8660,5.8450,5.8540,2135756
2007-12-21 15:27:00,5.8610,5.8670,5.8470,5.8580,1343496
2007-12-21 15:26:00,5.8640,5.8710,5.8490,5.8590,1303176
2007-12-21 15:25:00,5.8590,5.8720,5.8480,5.8620,1737848
2007-12-21 15:24:00,5.8610,5.8670,5.8470,5.8570,1530004
2007-12-21 15:23:00,5.8640,5.8720,5.8470,5.8600,2099160
2007-12-21 15:22:00,5.8610,5.8700,5.8490,5.8620,1412936
2007-12-21 15:21:00,5.8650,5.8710,5.8450,5.8590,1619940
2007-12-21 15:20:00,5.8590,5.8710,5.8470,5.8630,3560368
2007-12-21 15:19:00,5.8560,5.8660,5.8440,5.8570,1630748
2007-12-21 15:18:00,5.8560,5.8640,5.8410,5.8540,2401028
2007-12-21 15:17:00,5.8610,5.8670,5.8440,5.8540,2010988
2007-12-21 15:16:00,5.8580,5.8670,5.8440,5.8580,2619148
2007-12-21 15:15:00,5.8570,5.8640,5.8430,5.8560,1588496
2007-12-21 15:14:00,5.8550,5.8650,5.8440,5.8560,2184448
2007-12-21 15:13:00,5.8560,5.8640,5.8430,5.8530,2110024
2007-12-21 15:12:00,5.8610,5.8660,5.8440,5.8540,2063796
2007-12-21 15:11:00,5.8600,5.8700,5.8470,5.8580,2128560
2007-12-21 15:10:00,5.8640,5.8740,5.8480,5.8580,2553768
2007-12-21 15:09:00,5.8660,5.8750,5.8510,5.8620,3811108
2007-12-21 15:08:00,5.8660,5.8730,5.8530,5.8630,2460920
2007-12-21 15:07:00,5.8670,5.8730,5.8530,5.8640,2480268
2007-12-21 15:06:00,5.8610,5.8730,5.8500,5.8650,2710904
2007-12-21 15:05:00,5.8630,5.8700,5.8490,5.8590,1492820
2007-12-21 15:04:00,5.8640,5.8700,5.8480,5.8610,2163000
2007-12-21 15:03:00,5.8580,5.8700,5.8440,5.8610,2877280
2007-12-21 15:02:00,5.8610,5.8690,5.8470,5.8570,2351664
2007-12-21 15:01:00,5.8590,5.8670,5.8470,5.8590,1591744
2007-12-21 15:00:00,5.8600,5.8660,5.8470,5.8570,940436
2007-12-21 14:59:00,5.8580,5.8660,5.8460,5.8570,1375612
2007-12-21 14:58:00,5.8560,5.8650,5.8440,5.8560,3139360
2007-12-21 14:57:00,5.8610,5.8700,5.8430,5.8540,4352236
2007-12-21 14:56:00,5.8570,5.8700,5.8460,5.8600,2532824
2007-12-21 14:55:00,5.8570,5.8650,5.8440,5.8550,2327304
2007-12-21 14:54:00,5.8540,5.8630,5.8430,5.8540,2257220
2007-12-21 14:53:00,5.8510,5.8610,5.8390,5.8520,3865064
2007-12-21 14:52:00,5.8520,5.8580,5.8380,5.8490,2064468
2007-12-21 14:51:00,5.8480,5.8580,5.8360,5.8490,4799368
2007-12-21 14:50:00,5.8460,5.8560,5.8340,5.8460,1720404
2007-12-21 14:49:00,5.8490,5.8560,5.8350,5.8440,2944228
2007-12-21 14:48:00,5.8410,5.8550,5.8290,5.8470,4330732
2007-12-21 14:47:00,5.8350,5.8470,5.8220,5.8380,5765368
2007-12-21 14:46:00,5.8310,5.8410,5.8200,5.8330,1154356
2007-12-21 14:45:00,5.8290,5.8380,5.8180,5.8290,573076
2007-12-21 14:44:00,5.8290,5.8350,5.8160,5.8270,675892
2007-12-21 14:43:00,5.8320,5.8380,5.8170,5.8270,646996
2007-12-21 14:42:00,5.8290,5.8380,5.8180,5.8300,645652
2007-12-21 14:41:00,5.8310,5.8370,5.8160,5.8270,764708
2007-12-21 14:40:00,5.8290,5.8370,5.8180,5.8280,864724
2007-12-21 14:39:00,5.8280,5.8350,5.8170,5.8270,738696
2007-12-21 14:38:00,5.8290,5.8350,5.8170,5.8260,288372
2007-12-21 14:37:00,5.8280,5.8350,5.8160,5.8270,1160404
2007-12-21 14:36:00,5.8280,5.8350,5.8160,5.8250,550396
2007-12-21 14:35:00,5.8280,5.8350,5.8160,5.8250,504896
2007-12-21 14:34:00,5.8270,5.8350,5.8150,5.8250,755300
2007-12-21 14:33:00,5.8280,5.8350,5.8150,5.8250,441000
2007-12-21 14:32:00,5.8290,5.8350,5.8170,5.8260,356916
2007-12-21 14:31:00,5.8280,5.8350,5.8150,5.8270,970648
2007-12-21 14:30:00,5.8290,5.8350,5.8150,5.8260,1019564
2007-12-21 14:29:00,5.8290,5.8370,5.8160,5.8270,788004
2007-12-21 14:28:00,5.8310,5.8370,5.8180,5.8270,922096
2007-12-21 14:27:00,5.8310,5.8380,5.8190,5.8290,474936
2007-12-21 14:26:00,5.8320,5.8390,5.8200,5.8290,538440
2007-12-21 14:25:00,5.8310,5.8390,5.8200,5.8300,377384
2007-12-21 14:24:00,5.8310,5.8390,5.8200,5.8290,671440
2007-12-21 14:23:00,5.8330,5.8390,5.8200,5.8290,717836
2007-12-21 14:22:00,5.8340,5.8400,5.8210,5.8310,460880
2007-12-21 14:21:00,5.8330,5.8400,5.8190,5.8320,1297716
2007-12-21 14:20:00,5.8320,5.8390,5.8200,5.8300,719964
2007-12-21 14:19:00,5.8330,5.8400,5.8200,5.8300,733068
2007-12-21 14:18:00,5.8340,5.8410,5.8220,5.8320,819336
2007-12-21 14:17:00,5.8340,5.8420,5.8210,5.8320,1033676
2007-12-21 14:16:00,5.8350,5.8420,5.8210,5.8310,1014328
2007-12-21 14:15:00,5.8330,5.8410,5.8220,5.8320,616308
2007-12-21 14:14:00,5.8340,5.8400,5.8210,5.8320,808164
2007-12-21 14:13:00,5.8340,5.8400,5.8210,5.8310,1419740
2007-12-21 14:12:00,5.8290,5.8400,5.8180,5.8320,1114400
2007-12-21 14:11:00,5.8310,5.8380,5.8170,5.8270,1920240
2007-12-21 14:10:00,5.8320,5.8390,5.8200,5.8300,1058148
2007-12-21 14:09:00,5.8310,5.8390,5.8200,5.8300,1032808
2007-12-21 14:08:00,5.8280,5.8400,5.8140,5.8300,1919568
2007-12-21 14:07:00,5.8310,5.8370,5.8140,5.8250,2076788
2007-12-21 14:06:00,5.8340,5.8410,5.8190,5.8290,1729364
2007-12-21 14:05:00,5.8370,5.8430,5.8220,5.8310,785764
2007-12-21 14:04:00,5.8370,5.8430,5.8220,5.8340,959112
2007-12-21 14:03:00,5.8360,5.8430,5.8220,5.8350,2062228
2007-12-21 14:02:00,5.8350,5.8420,5.8220,5.8330,731136
2007-12-21 14:01:00,5.8330,5.8410,5.8220,5.8320,661612
2007-12-21 14:00:00,5.8320,5.8400,5.8200,5.8320,987980
2007-12-21 13:59:00,5.8340,5.8400,5.8210,5.8310,828492
2007-12-21 13:58:00,5.8340,5.8410,5.8220,5.8320,588756
2007-12-21 13:57:00,5.8370,5.8430,5.8220,5.8320,725956
2007-12-21 13:56:00,5.8340,5.8430,5.8220,5.8340,1590344
2007-12-21 13:55:00,5.8310,5.8420,5.8190,5.8320,2874144
2007-12-21 13:54:00,5.8290,5.8370,5.8150,5.8290,1430940
2007-12-21 13:53:00,5.8290,5.8360,5.8150,5.8270,985656
2007-12-21 13:52:00,5.8280,5.8370,5.8160,5.8270,1634948
2007-12-21 13:51:00,5.8270,5.8350,5.8150,5.8260,491400
2007-12-21 13:50:00,5.8260,5.8360,5.8140,5.8240,2140236
2007-12-21 13:49:00,5.8260,5.8320,5.8140,5.8230,786044
2007-12-21 13:48:00,5.8290,5.8360,5.8150,5.8240,781144
2007-12-21 13:47:00,5.8270,5.8360,5.8150,5.8270,1987468
2007-12-21 13:46:00,5.8280,5.8340,5.8140,5.8250,1729224
2007-12-21 13:45:00,5.8290,5.8360,5.8150,5.8260,1745660
2007-12-21 13:44:00,5.8240,5.8360,5.8130,5.8270,3144400
2007-12-21 13:43:00,5.8240,5.8310,5.8120,5.8230,1022588
2007-12-21 13:42:00,5.8190,5.8290,5.8060,5.8210,901124
2007-12-21 13:41:00,5.8230,5.8300,5.8080,5.8170,1035244
2007-12-21 13:40:00,5.8220,5.8300,5.8110,5.8220,707448
2007-12-21 13:39:00,5.8220,5.8280,5.8100,5.8200,466088
2007-12-21 13:38:00,5.8210,5.8280,5.8090,5.8190,647528
2007-12-21 13:37:00,5.8190,5.8290,5.8080,5.8190,1065792
2007-12-21 13:36:00,5.8180,5.8260,5.8050,5.8170,979076
2007-12-21 13:35:00,5.8210,5.8270,5.8060,5.8160,367500
2007-12-21 13:34:00,5.8190,5.8270,5.8080,5.8180,210000
2007-12-21 13:33:00,5.8210,5.8280,5.8070,5.8170,1226204
2007-12-21 13:32:00,5.8210,5.8280,5.8090,5.8180,315924
2007-12-21 13:31:00,5.8230,5.8290,5.8090,5.8190,302316
2007-12-21 13:30:00,5.8210,5.8290,5.8090,5.8210,517412
2007-12-21 13:29:00,5.8200,5.8280,5.8080,5.8190,787080
2007-12-21 13:28:00,5.8210,5.8270,5.8090,5.8180,577780
2007-12-21 13:27:00,5.8200,5.8280,5.8080,5.8190,628180
2007-12-21 13:26:00,5.8220,5.8290,5.8070,5.8180,1135568
2007-12-21 13:25:00,5.8210,5.8300,5.8100,5.8210,663936
2007-12-21 13:24:00,5.8230,5.8310,5.8100,5.8190,1237012
2007-12-21 13:23:00,5.8210,5.8290,5.8090,5.8210,917728
2007-12-21 13:22:00,5.8190,5.8270,5.8080,5.8190,483336
2007-12-21 13:21:00,5.8180,5.8250,5.8060,5.8170,325836
2007-12-21 13:20:00,5.8190,5.8250,5.8060,5.8160,303576
2007-12-21 13:19:00,5.8160,5.8260,5.8050,5.8170,353024
2007-12-21 13:18:00,5.8200,5.8270,5.8050,5.8140,1112636
2007-12-21 13:17:00,5.8210,5.8280,5.8050,5.8170,1318996
2007-12-21 13:16:00,5.8210,5.8280,5.8100,5.8190,679000
2007-12-21 13:15:00,5.8210,5.8280,5.8100,5.8190,320992
2007-12-21 13:14:00,5.8220,5.8290,5.8100,5.8200,836584
2007-12-21 13:13:00,5.8220,5.8280,5.8100,5.8190,975884
2007-12-21 13:12:00,5.8220,5.8280,5.8090,5.8190,1110788
2007-12-21 13:11:00,5.8210,5.8290,5.8100,5.8200,1515500
2007-12-21 13:10:00,5.8210,5.8280,5.8090,5.8200,982800
2007-12-21 13:09:00,5.8220,5.8290,5.8100,5.8200,1559600
2007-12-21 13:08:00,5.8210,5.8290,5.8090,5.8200,3447668
2007-12-21 13:07:00,5.8200,5.8270,5.8090,5.8190,530880
2007-12-21 13:06:00,5.8200,5.8270,5.8080,5.8180,1206156
2007-12-21 13:05:00,5.8190,5.8260,5.8080,5.8180,658084
2007-12-21 13:04:00,5.8190,5.8250,5.8070,5.8170,714056
2007-12-21 13:03:00,5.8170,5.8250,5.8050,5.8170,839720
2007-12-21 13:02:00,5.8150,5.8230,5.8040,5.8150,561288
2007-12-21 13:01:00,5.8150,5.8210,5.8020,5.8130,665672
2007-12-21 13:00:00,5.8120,5.8210,5.8010,5.8130,1231468
2007-12-21 12:59:00,5.8110,5.8190,5.8000,5.8110,966784
2007-12-21 12:58:00,5.8120,5.8180,5.7990,5.8090,1592752
2007-12-21 12:57:00,5.8120,5.8180,5.7990,5.8100,929180
2007-12-21 12:56:00,5.8110,5.8200,5.8000,5.8110,1253028
2007-12-21 12:55:00,5.8130,5.8200,5.8000,5.8090,802368
2007-12-21 12:54:00,5.8120,5.8200,5.8010,5.8110,661808
2007-12-21 12:53:00,5.8170,5.8260,5.8010,5.8110,1535016
2007-12-21 12:52:00,5.8200,5.8260,5.8060,5.8150,1028468
2007-12-21 12:51:00,5.8200,5.8260,5.8080,5.8170,713300
2007-12-21 12:50:00,5.8200,5.8270,5.8080,5.8170,556528
2007-12-21 12:49:00,5.8200,5.8270,5.8080,5.8180,344820
2007-12-21 12:48:00,5.8210,5.8270,5.8080,5.8170,404628
2007-12-21 12:47:00,5.8200,5.8280,5.8090,5.8190,458976
2007-12-21 12:46:00,5.8210,5.8270,5.8090,5.8180,437248
2007-12-21 12:45:00,5.8210,5.8270,5.8080,5.8180,531440
2007-12-21 12:44:00,5.8200,5.8270,5.8080,5.8180,312396
2007-12-21 12:43:00,5.8210,5.8270,5.8090,5.8180,299600
2007-12-21 12:42:00,5.8200,5.8280,5.8080,5.8180,618240
2007-12-21 12:41:00,5.8200,5.8260,5.8080,5.8170,272104
2007-12-21 12:40:00,5.8190,5.8270,5.8080,5.8170,850052
2007-12-21 12:39:00,5.8180,5.8260,5.8060,5.8160,969836
2007-12-21 12:38:00,5.8190,5.8250,5.8060,5.8160,664440
2007-12-21 12:37:00,5.8180,5.8260,5.8060,5.8170,910560
2007-12-21 12:36:00,5.8180,5.8260,5.8060,5.8170,3632776
2007-12-21 12:35:00,5.8180,5.8250,5.8060,5.8160,235536
2007-12-21 12:34:00,5.8210,5.8260,5.8070,5.8160,238028
2007-12-21 12:33:00,5.8180,5.8260,5.8030,5.8180,2455264
2007-12-21 12:32:00,5.8200,5.8260,5.8060,5.8160,620704
2007-12-21 12:31:00,5.8180,5.8260,5.8060,5.8170,921116
2007-12-21 12:30:00,5.8180,5.8250,5.8060,5.8160,558908
2007-12-21 12:29:00,5.8180,5.8260,5.8060,5.8150,768656
2007-12-21 12:28:00,5.8190,5.8250,5.8070,5.8160,483252
2007-12-21 12:27:00,5.8180,5.8260,5.8070,5.8170,545552
2007-12-21 12:26:00,5.8190,5.8260,5.8070,5.8160,368956
2007-12-21 12:25:00,5.8190,5.8270,5.8080,5.8180,743652
2007-12-21 12:24:00,5.8180,5.8260,5.8060,5.8170,652036
2007-12-21 12:23:00,5.8170,5.8250,5.8060,5.8170,1851780
2007-12-21 12:22:00,5.8170,5.8230,5.8040,5.8150,926548
2007-12-21 12:21:00,5.8160,5.8240,5.8030,5.8150,1079512
2007-12-21 12:20:00,5.8170,5.8230,5.8040,5.8140,607656
2007-12-21 12:19:00,5.8160,5.8230,5.8040,5.8150,496496
2007-12-21 12:18:00,5.8120,5.8220,5.8000,5.8140,1887592
2007-12-21 12:17:00,5.8130,5.8190,5.7980,5.8090,993580
2007-12-21 12:16:00,5.8140,5.8210,5.8000,5.8100,1951824
2007-12-21 12:15:00,5.8110,5.8200,5.7980,5.8120,1007440
2007-12-21 12:14:00,5.8120,5.8180,5.7970,5.8090,695072
2007-12-21 12:13:00,5.8100,5.8180,5.7980,5.8090,925792
2007-12-21 12:12:00,5.8070,5.8170,5.7960,5.8090,677040
2007-12-21 12:11:00,5.8100,5.8170,5.7940,5.8040,752584
2007-12-21 12:10:00,5.8080,5.8180,5.7950,5.8070,568680
2007-12-21 12:09:00,5.8070,5.8170,5.7940,5.8050,1053612
2007-12-21 12:08:00,5.8080,5.8170,5.7950,5.8040,997584
2007-12-21 12:07:00,5.8120,5.8190,5.7970,5.8060,1752156
2007-12-21 12:06:00,5.8050,5.8200,5.7940,5.8110,1523788
2007-12-21 12:05:00,5.8120,5.8180,5.7940,5.8030,2381876
2007-12-21 12:04:00,5.8140,5.8200,5.8010,5.8100,842800
2007-12-21 12:03:00,5.8130,5.8200,5.8010,5.8110,596680
2007-12-21 12:02:00,5.8150,5.8210,5.8010,5.8110,980056
2007-12-21 12:01:00,5.8110,5.8210,5.8000,5.8130,1444492
2007-12-21 12:00:00,5.8120,5.8200,5.8000,5.8100,1025920
2007-12-21 11:59:00,5.8170,5.8230,5.8000,5.8110,1252132
2007-12-21 11:58:00,5.8150,5.8240,5.8030,5.8150,723576
2007-12-21 11:57:00,5.8150,5.8240,5.8030,5.8140,955136
2007-12-21 11:56:00,5.8160,5.8230,5.8020,5.8130,702800
2007-12-21 11:55:00,5.8160,5.8220,5.8040,5.8140,286244
2007-12-21 11:54:00,5.8160,5.8220,5.8030,5.8140,646324
2007-12-21 11:53:00,5.8170,5.8250,5.8030,5.8140,701176
2007-12-21 11:52:00,5.8150,5.8250,5.8030,5.8160,1542744
2007-12-21 11:51:00,5.8190,5.8250,5.8010,5.8130,1801828
2007-12-21 11:50:00,5.8180,5.8250,5.8060,5.8170,492296
2007-12-21 11:49:00,5.8190,5.8250,5.8060,5.8170,1037736
2007-12-21 11:48:00,5.8180,5.8260,5.8070,5.8160,828408
2007-12-21 11:47:00,5.8190,5.8260,5.8050,5.8170,765940
2007-12-21 11:46:00,5.8190,5.8280,5.8070,5.8170,1279684
2007-12-21 11:45:00,5.8160,5.8250,5.8040,5.8170,1061172
2007-12-21 11:44:00,5.8180,5.8250,5.8030,5.8140,920780
2007-12-21 11:43:00,5.8190,5.8260,5.8060,5.8160,477988
2007-12-21 11:42:00,5.8200,5.8260,5.8060,5.8170,533148
2007-12-21 11:41:00,5.8200,5.8270,5.8080,5.8180,682836
2007-12-21 11:40:00,5.8200,5.8280,5.8090,5.8190,990024
2007-12-21 11:39:00,5.8210,5.8280,5.8080,5.8190,656824
2007-12-21 11:38:00,5.8170,5.8270,5.8050,5.8190,603876
2007-12-21 11:37:00,5.8210,5.8270,5.8050,5.8140,947744
2007-12-21 11:36:00,5.8200,5.8280,5.8080,5.8180,726768
2007-12-21 11:35:00,5.8210,5.8290,5.8050,5.8170,1792476
2007-12-21 11:34:00,5.8150,5.8270,5.8040,5.8180,1573908
2007-12-21 11:33:00,5.8140,5.8220,5.8020,5.8130,1218504
2007-12-21 11:32:00,5.8120,5.8200,5.7990,5.8120,756476
2007-12-21 11:31:00,5.8110,5.8200,5.7980,5.8100,1200696
2007-12-21 11:30:00,5.8110,5.8190,5.7990,5.8100,651756
2007-12-21 11:29:00,5.8130,5.8230,5.7990,5.8090,1334004
2007-12-21 11:28:00,5.8130,5.8200,5.8010,5.8110,1192604
2007-12-21 11:27:00,5.8100,5.8200,5.7980,5.8110,920864
2007-12-21 11:26:00,5.8150,5.8220,5.7960,5.8080,1730092
2007-12-21 11:25:00,5.8170,5.8240,5.8040,5.8140,939988
2007-12-21 11:24:00,5.8160,5.8230,5.8040,5.8130,1666280
2007-12-21 11:23:00,5.8100,5.8220,5.7980,5.8130,1569848
2007-12-21 11:22:00,5.8040,5.8160,5.7930,5.8070,1636656
2007-12-21 11:21:00,5.8090,5.8160,5.7920,5.8020,2401140
2007-12-21 11:20:00,5.8110,5.8180,5.7930,5.8080,5171516
2007-12-21 11:19:00,5.8130,5.8220,5.7990,5.8090,3237220
2007-12-21 11:18:00,5.8200,5.8260,5.8000,5.8110,2044896
2007-12-21 11:17:00,5.8200,5.8290,5.8080,5.8180,1679552
2007-12-21 11:16:00,5.8190,5.8270,5.8070,5.8170,2283176
2007-12-21 11:15:00,5.8220,5.8280,5.8040,5.8180,2949828
2007-12-21 11:14:00,5.8230,5.8340,5.8080,5.8210,2368072
2007-12-21 11:13:00,5.8220,5.8300,5.8100,5.8200,1069824
2007-12-21 11:12:00,5.8250,5.8320,5.8110,5.8210,2087512
2007-12-21 11:11:00,5.8270,5.8330,5.8130,5.8240,1410640
2007-12-21 11:10:00,5.8290,5.8380,5.8160,5.8250,2141272
2007-12-21 11:09:00,5.8300,5.8380,5.8160,5.8270,2347996
2007-12-21 11:08:00,5.8300,5.8390,5.8170,5.8270,3533096
2007-12-21 11:07:00,5.8230,5.8360,5.8110,5.8280,3256568
2007-12-21 11:06:00,5.8190,5.8300,5.8060,5.8210,1776796
2007-12-21 11:05:00,5.8230,5.8290,5.8070,5.8170,2130800
2007-12-21 11:04:00,5.8220,5.8290,5.8090,5.8210,1131704
2007-12-21 11:03:00,5.8210,5.8280,5.8090,5.8200,1206492
2007-12-21 11:02:00,5.8220,5.8280,5.8080,5.8190,1078868
2007-12-21 11:01:00,5.8190,5.8280,5.8070,5.8190,3048444
2007-12-21 11:00:00,5.8180,5.8260,5.8030,5.8170,1392272
2007-12-21 10:59:00,5.8160,5.8270,5.7970,5.8160,2268980
2007-12-21 10:58:00,5.8140,5.8230,5.7970,5.8140,2371488
2007-12-21 10:57:00,5.8130,5.8220,5.8010,5.8120,1403192
2007-12-21 10:56:00,5.8090,5.8220,5.7980,5.8110,2011436
2007-12-21 10:55:00,5.8120,5.8190,5.7930,5.8070,2669016
2007-12-21 10:54:00,5.8110,5.8190,5.7980,5.8110,1407252
2007-12-21 10:53:00,5.8130,5.8190,5.7960,5.8100,2790004
2007-12-21 10:52:00,5.8130,5.8230,5.8000,5.8110,1278424
2007-12-21 10:51:00,5.8130,5.8200,5.8000,5.8110,1159144
2007-12-21 10:50:00,5.8150,5.8220,5.8000,5.8110,761796
2007-12-21 10:49:00,5.8170,5.8250,5.8010,5.8130,1233512
2007-12-21 10:48:00,5.8170,5.8250,5.8000,5.8150,2418724
2007-12-21 10:47:00,5.8140,5.8240,5.8030,5.8150,929768
2007-12-21 10:46:00,5.8160,5.8230,5.8020,5.8120,1516760
2007-12-21 10:45:00,5.8120,5.8220,5.8010,5.8140,1536192
2007-12-21 10:44:00,5.8100,5.8190,5.7990,5.8100,1253392
2007-12-21 10:43:00,5.8100,5.8190,5.7970,5.8070,1520540
2007-12-21 10:42:00,5.8080,5.8170,5.7940,5.8080,2170812
2007-12-21 10:41:00,5.8070,5.8160,5.7930,5.8070,1430296
2007-12-21 10:40:00,5.8110,5.8180,5.7940,5.8050,897512
2007-12-21 10:39:00,5.8110,5.8180,5.7980,5.8080,1138480
2007-12-21 10:38:00,5.8060,5.8210,5.7940,5.8090,2538676
2007-12-21 10:37:00,5.8050,5.8130,5.7930,5.8030,820596
2007-12-21 10:36:00,5.8070,5.8170,5.7940,5.8030,1222872
2007-12-21 10:35:00,5.8100,5.8160,5.7910,5.8040,3235036
2007-12-21 10:34:00,5.8120,5.8190,5.7980,5.8080,1599444
2007-12-21 10:33:00,5.8130,5.8190,5.7980,5.8100,1359568
2007-12-21 10:32:00,5.8180,5.8240,5.8010,5.8110,899164
2007-12-21 10:31:00,5.8180,5.8240,5.8040,5.8160,1547364
2007-12-21 10:30:00,5.8160,5.8270,5.8040,5.8160,1833804
2007-12-21 10:29:00,5.8140,5.8240,5.8020,5.8150,1051904
2007-12-21 10:28:00,5.8100,5.8230,5.7980,5.8110,2498188
2007-12-21 10:27:00,5.8110,5.8190,5.7970,5.8070,2084208
2007-12-21 10:26:00,5.8180,5.8250,5.7980,5.8080,4571560
2007-12-21 10:25:00,5.8210,5.8280,5.8060,5.8150,2153480
2007-12-21 10:24:00,5.8220,5.8290,5.8090,5.8190,1766576
2007-12-21 10:23:00,5.8240,5.8300,5.8090,5.8190,3248756
2007-12-21 10:22:00,5.8300,5.8360,5.8120,5.8220,3579072
2007-12-21 10:21:00,5.8280,5.8380,5.8140,5.8270,5399604
2007-12-21 10:20:00,5.8220,5.8350,5.8110,5.8260,4773944
2007-12-21 10:19:00,5.8190,5.8290,5.8060,5.8200,2871288
2007-12-21 10:18:00,5.8170,5.8280,5.8040,5.8170,2731736
2007-12-21 10:17:00,5.8200,5.8280,5.8030,5.8150,2559452
2007-12-21 10:16:00,5.8240,5.8330,5.8080,5.8180,4329556
2007-12-21 10:15:00,5.8200,5.8310,5.8080,5.8230,5463276
2007-12-21 10:14:00,5.8150,5.8260,5.8010,5.8180,3204068
2007-12-21 10:13:00,5.8150,5.8220,5.8010,5.8110,2249520
2007-12-21 10:12:00,5.8090,5.8250,5.7970,5.8130,5606692
2007-12-21 10:11:00,5.8040,5.8160,5.7930,5.8060,4528188
2007-12-21 10:10:00,5.7970,5.8120,5.7840,5.8030,3778460
2007-12-21 10:09:00,5.7950,5.8040,5.7810,5.7950,2857876
2007-12-21 10:08:00,5.7900,5.8020,5.7780,5.7930,2207492
2007-12-21 10:07:00,5.7910,5.8000,5.7780,5.7880,2845556
2007-12-21 10:06:00,5.7970,5.8030,5.7780,5.7890,2865212
2007-12-21 10:05:00,5.7940,5.8090,5.7810,5.7940,5372276
2007-12-21 10:04:00,5.7830,5.8000,5.7710,5.7920,3890124
2007-12-21 10:03:00,5.7850,5.7920,5.7710,5.7810,1692572
2007-12-21 10:02:00,5.7870,5.7930,5.7730,5.7830,1903832
2007-12-21 10:01:00,5.7830,5.7940,5.7630,5.7850,3402280
2007-12-21 10:00:00,5.7760,5.7890,5.7650,5.7800,4396280
2007-12-21 09:59:00,5.7800,5.7870,5.7620,5.7740,5273688
2007-12-21 09:58:00,5.7830,5.7890,5.7680,5.7780,1454572
2007-12-21 09:57:00,5.7810,5.7890,5.7660,5.7810,3884832
2007-12-21 09:56:00,5.7840,5.7910,5.7700,5.7790,2013228
2007-12-21 09:55:00,5.7850,5.7920,5.7720,5.7830,1674176
2007-12-21 09:54:00,5.7870,5.7960,5.7740,5.7830,1965852
2007-12-21 09:53:00,5.7840,5.7940,5.7690,5.7850,2715972
2007-12-21 09:52:00,5.7850,5.7960,5.7690,5.7810,3300696
2007-12-21 09:51:00,5.7880,5.7970,5.7720,5.7840,2619484
2007-12-21 09:50:00,5.7960,5.8040,5.7750,5.7860,3856300
2007-12-21 09:49:00,5.7930,5.8050,5.7810,5.7940,4406052
2007-12-21 09:48:00,5.7910,5.8020,5.7790,5.7910,3286556
2007-12-21 09:47:00,5.7940,5.8020,5.7770,5.7900,3694460
2007-12-21 09:46:00,5.7900,5.8010,5.7790,5.7930,2457308
2007-12-21 09:45:00,5.7870,5.7990,5.7730,5.7880,3390352
2007-12-21 09:44:00,5.7820,5.7960,5.7690,5.7850,2509920
2007-12-21 09:43:00,5.7780,5.7970,5.7660,5.7800,3195276
2007-12-21 09:42:00,5.7880,5.7970,5.7650,5.7750,4860100
2007-12-21 09:41:00,5.7950,5.8020,5.7740,5.7860,6083952
2007-12-21 09:40:00,5.7960,5.8050,5.7820,5.7930,5244792
2007-12-21 09:39:00,5.7860,5.8050,5.7740,5.7940,6153840
2007-12-21 09:38:00,5.7790,5.7970,5.7670,5.7830,7231896
2007-12-21 09:37:00,5.7710,5.7870,5.7580,5.7770,6783924
2007-12-21 09:36:00,5.7660,5.7790,5.7530,5.7680,4911116
2007-12-21 09:35:00,5.7640,5.7770,5.7520,5.7640,4280556
2007-12-21 09:34:00,5.7740,5.7800,5.7520,5.7630,4127340
2007-12-21 09:33:00,5.7740,5.7800,5.7530,5.7720,5129180
2007-12-21 09:32:00,5.7750,5.7850,5.7590,5.7720,4639068
2007-12-21 09:31:00,5.7660,5.7860,5.7540,5.7730,8330504
2007-12-21 09:30:00,5.7650,5.7800,5.7470,5.7640,139593972
2007-12-21 09:29:00,5.7760,5.7850,5.7470,5.7630,4410644
2007-12-21 09:28:00,5.8170,5.8230,5.7540,5.7730,3315760
2007-12-21 09:27:00,5.8040,5.8240,5.7920,5.8160,825160
2007-12-21 09:26:00,5.7960,5.8090,5.7850,5.8010,405160
2007-12-21 09:25:00,5.7930,5.8020,5.7820,5.7940,209664
2007-12-21 09:24:00,5.7910,5.7990,5.7800,5.7910,111216
2007-12-21 09:23:00,5.7930,5.7990,5.7800,5.7890,82096
2007-12-21 09:22:00,5.7960,5.8020,5.7820,5.7910,30800
2007-12-21 09:21:00,5.7940,5.8020,5.7820,5.7940,70756
2007-12-21 09:20:00,5.7940,5.8000,5.7830,5.7920,5600
2007-12-21 09:19:00,5.7940,5.8000,5.7820,5.7920,109508
2007-12-21 09:18:00,5.7940,5.8000,5.7830,5.7920,56000
2007-12-21 09:17:00,5.7910,5.8000,5.7800,5.7920,81200
2007-12-21 09:15:00,5.7890,5.7980,5.7780,5.7890,161700
2007-12-21 09:14:00,5.7910,5.7970,5.7780,5.7890,28000
2007-12-21 09:13:00,5.7900,5.7970,5.7790,5.7890,50120
2007-12-21 09:12:00,5.7900,5.7970,5.7790,5.7880,30408
2007-12-21 09:11:00,5.7860,5.7970,5.7740,5.7840,89908
2007-12-21 09:10:00,5.7850,5.7920,5.7740,5.7840,30800
2007-12-21 09:09:00,5.7910,5.7960,5.7740,5.7830,68068
2007-12-21 09:08:00,5.7940,5.8030,5.7740,5.7890,443548
2007-12-21 09:07:00,5.7940,5.8030,5.7820,5.7910,134400
2007-12-21 09:06:00,5.7970,5.8030,5.7830,5.7920,52836
2007-12-21 09:05:00,5.7990,5.8080,5.7840,5.7990,126924
2007-12-21 09:04:00,5.7990,5.8070,5.7860,5.7970,286636
2007-12-21 09:03:00,5.7960,5.8050,5.7840,5.7970,230888
2007-12-21 09:02:00,5.7950,5.8020,5.7830,5.7940,70000
2007-12-21 09:01:00,5.7960,5.8020,5.7830,5.7920,235200
2007-12-21 09:00:00,5.7960,5.8020,5.7850,5.7940,22400
2007-12-21 08:59:00,5.7960,5.8020,5.7840,5.7940,71960
2007-12-21 08:58:00,5.8000,5.8050,5.7880,5.7970,8400
2007-12-21 08:57:00,5.8000,5.8060,5.7890,5.7980,21700
2007-12-21 08:56:00,5.7980,5.8060,5.7860,5.7980,165900
2007-12-21 08:55:00,5.7970,5.8030,5.7850,5.7940,9100
2007-12-21 08:54:00,5.7990,5.8050,5.7880,5.7970,2800
2007-12-21 08:53:00,5.7990,5.8060,5.7880,5.7970,32928
2007-12-21 08:52:00,5.7940,5.8050,5.7820,5.7970,213892
2007-12-21 08:51:00,5.7910,5.7970,5.7800,5.7890,2800
2007-12-21 08:50:00,5.7930,5.8000,5.7800,5.7890,71680
2007-12-21 08:49:00,5.7920,5.7990,5.7800,5.7910,18200
2007-12-21 08:48:00,5.7920,5.7990,5.7800,5.7900,174020
2007-12-21 08:47:00,5.7910,5.7990,5.7800,5.7910,33600
2007-12-21 08:46:00,5.7910,5.7980,5.7800,5.7900,8400
2007-12-21 08:45:00,5.7930,5.8000,5.7820,5.7920,138740
2007-12-21 08:44:00,5.7940,5.8000,5.7800,5.7900,18060
2007-12-21 08:43:00,5.7910,5.8000,5.7800,5.7890,187600
2007-12-21 08:42:00,5.7910,5.8020,5.7800,5.7890,802480
2007-12-21 08:41:00,5.7910,5.7970,5.7800,5.7890,174020
2007-12-21 08:40:00,5.7930,5.7990,5.7800,5.7890,273000
2007-12-21 08:39:00,5.7920,5.7980,5.7800,5.7900,138600
2007-12-21 08:38:00,5.7910,5.7990,5.7800,5.7900,33600
2007-12-21 08:37:00,5.7910,5.7990,5.7800,5.7890,168364
2007-12-21 08:36:00,5.7930,5.7990,5.7800,5.7890,183400
2007-12-21 08:35:00,5.7940,5.8000,5.7800,5.7910,222880
2007-12-21 08:34:00,5.7940,5.8000,5.7820,5.7920,74900
2007-12-21 08:33:00,5.7970,5.8020,5.7830,5.7920,131600
2007-12-21 08:32:00,5.7970,5.8020,5.7830,5.7940,105056
2007-12-21 08:31:00,5.7930,5.8050,5.7820,5.7940,284368
2007-12-21 08:30:00,5.7910,5.8040,5.7800,5.7920,1168636
2007-12-21 08:29:00,5.7910,5.8000,5.7800,5.7890,83020
2007-12-21 08:28:00,5.7940,5.8000,5.7830,5.7920,7000
2007-12-21 08:27:00,5.7910,5.8030,5.7800,5.7900,50400
2007-12-21 08:26:00,5.7950,5.8020,5.7800,5.7890,42000
2007-12-21 08:25:00,5.7870,5.7970,5.7760,5.7890,193732
2007-12-21 08:24:00,5.7880,5.7960,5.7740,5.7880,48860
2007-12-21 08:23:00,5.7920,5.7980,5.7760,5.7850,263368
2007-12-21 08:22:00,5.7920,5.8020,5.7800,5.7930,219800
2007-12-21 08:21:00,5.7920,5.8030,5.7800,5.7890,250684
2007-12-21 08:20:00,5.7960,5.8040,5.7850,5.7950,61600
2007-12-21 08:19:00,5.7920,5.8020,5.7810,5.7940,75600
2007-12-21 08:18:00,5.7910,5.8000,5.7800,5.7890,24640
2007-12-21 08:17:00,5.7910,5.8000,5.7800,5.7910,134400
2007-12-21 08:16:00,5.7840,5.7980,5.7730,5.7890,157080
2007-12-21 08:15:00,5.7910,5.7970,5.7730,5.7820,294560
2007-12-21 08:14:00,5.7910,5.7970,5.7800,5.7890,55832
2007-12-21 08:13:00,5.7910,5.7970,5.7800,5.7890,43428
2007-12-21 08:12:00,5.7900,5.7970,5.7790,5.7890,39956
2007-12-21 08:11:00,5.7900,5.7960,5.7740,5.7830,23800
2007-12-21 08:10:00,5.7910,5.7970,5.7740,5.7890,42280
2007-12-21 08:09:00,5.7900,5.7970,5.7790,5.7880,41580
2007-12-21 08:08:00,5.7880,5.7960,5.7730,5.7870,150724
2007-12-21 08:07:00,5.7840,5.7970,5.7730,5.7890,218904
2007-12-21 08:06:00,5.7880,5.7940,5.7740,5.7850,155008
2007-12-21 08:05:00,5.7860,5.7940,5.7740,5.7860,65800
2007-12-21 08:04:00,5.7870,5.7930,5.7720,5.7850,36400
2007-12-21 08:03:00,5.7870,5.7920,5.7700,5.7800,36400
2007-12-21 08:02:00,5.7880,5.7940,5.7740,5.7830,285404
2007-12-21 08:01:00,5.7890,5.7970,5.7750,5.7860,174804
2007-12-21 08:00:00,5.7840,5.7970,5.7640,5.7890,372932
2007-12-21 07:59:00,5.7770,5.7830,5.7660,5.7750,2800
2007-12-21 07:56:00,5.7820,5.7970,5.7710,5.7860,76020
2007-12-21 07:54:00,5.7830,5.7880,5.7710,5.7800,15204
2007-12-21 07:52:00,5.7830,5.7890,5.7710,5.7800,14756
2007-12-21 07:51:00,5.7840,5.7900,5.7720,5.7810,23380
2007-12-21 07:45:00,5.7840,5.7900,5.7730,5.7820,8400
2007-12-21 07:40:00,5.7910,5.7970,5.7720,5.7810,25200
2007-12-21 07:36:00,5.7800,5.7880,5.7660,5.7800,19180
2007-12-21 07:35:00,5.7840,5.7900,5.7730,5.7820,5600
2007-12-21 07:31:00,5.7800,5.7850,5.7680,5.7770,14000
2007-12-21 07:29:00,5.7820,5.7880,5.7710,5.7800,123200
2007-12-21 07:28:00,5.7820,5.7880,5.7710,5.7800,56000
2007-12-21 07:27:00,5.7820,5.7880,5.7710,5.7800,28000
2007-12-21 07:26:00,5.7820,5.7880,5.7710,5.7800,8932
2007-12-21 07:24:00,5.7830,5.7880,5.7710,5.7800,54740
2007-12-21 07:21:00,5.7910,5.7970,5.7710,5.7800,25900
2007-12-21 07:20:00,5.7910,5.7970,5.7800,5.7890,28000
2007-12-21 07:19:00,5.7910,5.7970,5.7800,5.7890,54992
2007-12-21 07:18:00,5.7840,5.7900,5.7730,5.7820,30800
2007-12-21 07:16:00,5.7840,5.7900,5.7730,5.7820,2800
2007-12-21 07:14:00,5.7840,5.7900,5.7730,5.7820,28000
2007-12-21 07:10:00,5.7760,5.7820,5.7650,5.7740,28000
2007-12-21 07:08:00,5.7890,5.7950,5.7780,5.7870,28000
2007-12-20 19:59:00,5.7570,5.7630,5.7460,5.7550,6272
2007-12-20 19:56:00,5.7600,5.7650,5.7470,5.7570,37800
2007-12-20 19:55:00,5.7610,5.7670,5.7500,5.7590,2800
2007-12-20 19:54:00,5.7580,5.7670,5.7470,5.7590,9772
2007-12-20 19:48:00,5.7600,5.7670,5.7480,5.7590,49756
2007-12-20 19:47:00,5.7570,5.7640,5.7450,5.7560,60200
2007-12-20 19:46:00,5.7580,5.7640,5.7470,5.7560,28000
2007-12-20 19:45:00,5.7580,5.7640,5.7470,5.7560,14000
2007-12-20 19:44:00,5.7580,5.7640,5.7470,5.7560,28000
2007-12-20 19:43:00,5.7570,5.7620,5.7450,5.7540,4200
2007-12-20 19:42:00,5.7570,5.7620,5.7450,5.7540,12936
2007-12-20 19:41:00,5.7570,5.7620,5.7440,5.7530,28476
2007-12-20 19:40:00,5.7570,5.7620,5.7450,5.7540,5264
2007-12-20 19:39:00,5.7550,5.7620,5.7440,5.7540,12600
2007-12-20 19:38:00,5.7550,5.7610,5.7440,5.7530,3136
2007-12-20 19:36:00,5.7480,5.7540,5.7360,5.7450,14000
2007-12-20 19:31:00,5.7540,5.7610,5.7430,5.7530,12180
2007-12-20 19:30:00,5.7510,5.7560,5.7390,5.7480,2800
2007-12-20 19:29:00,5.7530,5.7590,5.7420,5.7510,2800
2007-12-20 19:27:00,5.7530,5.7590,5.7420,5.7510,5404
2007-12-20 19:24:00,5.7470,5.7520,5.7350,5.7440,3500
2007-12-20 19:20:00,5.7430,5.7490,5.7320,5.7410,25984
2007-12-20 19:18:00,5.7440,5.7500,5.7330,5.7420,14000
2007-12-20 19:17:00,5.7470,5.7520,5.7350,5.7440,37856
2007-12-20 19:16:00,5.7490,5.7550,5.7380,5.7470,53424
2007-12-20 19:15:00,5.7500,5.7550,5.7380,5.7470,18340
2007-12-20 19:12:00,5.7530,5.7580,5.7390,5.7480,25900
2007-12-20 19:11:00,5.7540,5.7600,5.7420,5.7500,15960
2007-12-20 19:09:00,5.7540,5.7600,5.7430,5.7520,2800
2007-12-20 19:08:00,5.7540,5.7600,5.7430,5.7520,2800
2007-12-20 19:04:00,5.7540,5.7620,5.7430,5.7540,26824
2007-12-20 19:03:00,5.7540,5.7600,5.7430,5.7520,4200
2007-12-20 19:02:00,5.7540,5.7600,5.7430,5.7520,39480
2007-12-20 19:01:00,5.7550,5.7610,5.7440,5.7530,5600
2007-12-20 19:00:00,5.7550,5.7610,5.7440,5.7530,4200
2007-12-20 18:56:00,5.7550,5.7610,5.7440,5.7530,14000
2007-12-20 18:55:00,5.7570,5.7630,5.7450,5.7540,15512
2007-12-20 18:52:00,5.7580,5.7640,5.7470,5.7560,5600
2007-12-20 18:50:00,5.7580,5.7640,5.7470,5.7560,44800
2007-12-20 18:48:00,5.7580,5.7640,5.7470,5.7560,16800
2007-12-20 18:47:00,5.7600,5.7660,5.7480,5.7570,84000
2007-12-20 18:46:00,5.7600,5.7660,5.7480,5.7570,55300
2007-12-20 18:45:00,5.7600,5.7660,5.7490,5.7580,2800
2007-12-20 18:44:00,5.7610,5.7670,5.7500,5.7590,58856
2007-12-20 18:41:00,5.7610,5.7670,5.7490,5.7590,98000
2007-12-20 18:40:00,5.7610,5.7670,5.7500,5.7590,5600
2007-12-20 18:39:00,5.7610,5.7670,5.7500,5.7590,12600
2007-12-20 18:38:00,5.7610,5.7670,5.7500,5.7590,2800
2007-12-20 18:37:00,5.7610,5.7670,5.7500,5.7590,14000
2007-12-20 18:36:00,5.7610,5.7670,5.7500,5.7590,8400
2007-12-20 18:34:00,5.7610,5.7670,5.7490,5.7580,44520
2007-12-20 18:30:00,5.7660,5.7710,5.7500,5.7590,42000
2007-12-20 18:29:00,5.7640,5.7710,5.7530,5.7630,18900
2007-12-20 18:27:00,5.7620,5.7680,5.7480,5.7590,98644
2007-12-20 18:26:00,5.7640,5.7690,5.7520,5.7600,8400
2007-12-20 18:25:00,5.7640,5.7690,5.7520,5.7610,18200
2007-12-20 18:23:00,5.7640,5.7690,5.7500,5.7590,18200
2007-12-20 18:22:00,5.7640,5.7700,5.7500,5.7590,30800
2007-12-20 18:21:00,5.7610,5.7690,5.7500,5.7610,276304
2007-12-20 18:20:00,5.7610,5.7660,5.7490,5.7580,31276
2007-12-20 18:19:00,5.7590,5.7660,5.7480,5.7570,84952
2007-12-20 18:18:00,5.7590,5.7650,5.7450,5.7540,14000
2007-12-20 18:15:00,5.7580,5.7640,5.7470,5.7560,5600
2007-12-20 18:14:00,5.7600,5.7650,5.7470,5.7560,5600
2007-12-20 18:12:00,5.7600,5.7650,5.7470,5.7560,20580
2007-12-20 18:11:00,5.7600,5.7660,5.7490,5.7580,13300
2007-12-20 18:10:00,5.7580,5.7650,5.7470,5.7560,143332
2007-12-20 18:09:00,5.7580,5.7640,5.7450,5.7560,32760
2007-12-20 18:08:00,5.7580,5.7640,5.7450,5.7560,32060
2007-12-20 18:07:00,5.7580,5.7640,5.7440,5.7530,21616
2007-12-20 18:06:00,5.7580,5.7640,5.7470,5.7560,11200
2007-12-20 18:05:00,5.7580,5.7640,5.7470,5.7560,2856
2007-12-20 18:04:00,5.7580,5.7640,5.7470,5.7560,2800
2007-12-20 18:03:00,5.7580,5.7650,5.7440,5.7570,60200
2007-12-20 18:02:00,5.7570,5.7640,5.7450,5.7560,32900
2007-12-20 18:01:00,5.7570,5.7620,5.7450,5.7540,2800
2007-12-20 18:00:00,5.7550,5.7620,5.7440,5.7540,62440
2007-12-20 17:59:00,5.7590,5.7650,5.7470,5.7560,8400
2007-12-20 17:57:00,5.7570,5.7650,5.7460,5.7570,89040
2007-12-20 17:56:00,5.7560,5.7630,5.7450,5.7550,71036
2007-12-20 17:55:00,5.7570,5.7620,5.7450,5.7540,2800
2007-12-20 17:54:00,5.7550,5.7650,5.7440,5.7570,68796
2007-12-20 17:53:00,5.7540,5.7610,5.7420,5.7530,30884
2007-12-20 17:52:00,5.7540,5.7610,5.7430,5.7530,23660
2007-12-20 17:51:00,5.7530,5.7580,5.7410,5.7500,52780
2007-12-20 17:49:00,5.7550,5.7610,5.7420,5.7510,32256
2007-12-20 17:48:00,5.7550,5.7610,5.7440,5.7530,8400
2007-12-20 17:47:00,5.7570,5.7620,5.7450,5.7540,22400
2007-12-20 17:46:00,5.7590,5.7650,5.7450,5.7560,14000
2007-12-20 17:45:00,5.7550,5.7640,5.7440,5.7560,25200
2007-12-20 17:44:00,5.7550,5.7610,5.7440,5.7530,2800
2007-12-20 17:42:00,5.7570,5.7640,5.7440,5.7530,67200
2007-12-20 17:41:00,5.7530,5.7610,5.7410,5.7530,125020
2007-12-20 17:40:00,5.7530,5.7590,5.7390,5.7510,63000
2007-12-20 17:39:00,5.6750,5.6800,5.6640,5.6730,25200
2007-12-20 17:38:00,5.7530,5.7580,5.6050,5.6130,306628
2007-12-20 17:36:00,5.7510,5.7590,5.7400,5.7510,61572
2007-12-20 17:35:00,5.7510,5.7570,5.7400,5.7490,71400
2007-12-20 17:34:00,5.7510,5.7570,5.7400,5.7490,16800
2007-12-20 17:33:00,5.7510,5.7570,5.7400,5.7490,6300
2007-12-20 17:32:00,5.7510,5.7580,5.7400,5.7500,21000
2007-12-20 17:30:00,5.6200,5.7590,5.6090,5.7500,106260
2007-12-20 17:29:00,5.7520,5.7580,5.7410,5.7500,60760
2007-12-20 17:28:00,5.7490,5.7570,5.7350,5.7490,146580
2007-12-20 17:27:00,5.7450,5.7520,5.7320,5.7430,192556
2007-12-20 17:26:00,5.7430,5.7490,5.7320,5.7410,22400
2007-12-20 17:25:00,5.7440,5.7500,5.7330,5.7420,14840
2007-12-20 17:24:00,5.7430,5.7500,5.7320,5.7420,67760
2007-12-20 17:23:00,5.7420,5.7490,5.7310,5.7410,56560
2007-12-20 17:22:00,5.7450,5.7510,5.7310,5.7440,43820
2007-12-20 17:21:00,5.7450,5.7510,5.6660,5.6740,39200
2007-12-20 17:20:00,5.7430,5.7500,5.7300,5.7420,36400
2007-12-20 17:19:00,5.7450,5.7520,5.7320,5.7410,70000
2007-12-20 17:18:00,5.7460,5.7520,5.7350,5.7440,10556
2007-12-20 17:17:00,5.7440,5.7500,5.7320,5.7410,28000
2007-12-20 17:16:00,5.7440,5.7500,5.7330,5.7420,2800
2007-12-20 17:15:00,5.7460,5.7520,5.7330,5.7440,32676
2007-12-20 17:14:00,5.7460,5.7570,5.7320,5.7410,109872
2007-12-20 17:13:00,5.7460,5.7520,5.7310,5.7440,96572
2007-12-20 17:12:00,5.7410,5.7520,5.7300,5.7410,207732
2007-12-20 17:11:00,5.7380,5.7460,5.7230,5.7380,95312
2007-12-20 17:10:00,5.7350,5.7430,5.7240,5.7350,23800
2007-12-20 17:09:00,5.7330,5.7470,5.7220,5.7320,66444
2007-12-20 17:08:00,5.7320,5.7380,5.7210,5.7300,22400
2007-12-20 17:07:00,5.7340,5.7440,5.7230,5.7360,14504
2007-12-20 17:06:00,5.7310,5.7440,5.7200,5.7360,75600
2007-12-20 17:05:00,5.7280,5.7370,5.7160,5.7290,104664
2007-12-20 17:04:00,5.7310,5.7370,5.7180,5.7270,60536
2007-12-20 17:03:00,5.7330,5.7390,5.7200,5.7290,17780
2007-12-20 17:02:00,5.7320,5.7440,5.7200,5.7320,101416
2007-12-20 17:01:00,5.7340,5.7410,5.7230,5.7330,37240
2007-12-20 17:00:00,5.7380,5.7460,5.7220,5.7370,80668
2007-12-20 16:59:00,5.7420,5.7510,5.7260,5.7350,54460
2007-12-20 16:58:00,5.7420,5.7480,5.7310,5.7400,3304
2007-12-20 16:57:00,5.7430,5.7490,5.7320,5.7410,14000
2007-12-20 16:56:00,5.7430,5.7520,5.7310,5.7440,42756
2007-12-20 16:55:00,5.7460,5.7520,5.7320,5.7410,95200
2007-12-20 16:54:00,5.7450,5.7510,5.7340,5.7430,11200
2007-12-20 16:53:00,5.7510,5.7570,5.7330,5.7480,214900
2007-12-20 16:51:00,5.7460,5.7530,5.7350,5.7450,8400
2007-12-20 16:50:00,5.7510,5.7560,5.7360,5.7450,91000
2007-12-20 16:49:00,5.7480,5.7580,5.7350,5.7450,155540
2007-12-20 16:48:00,5.7440,5.7650,5.7330,5.7440,320292
2007-12-20 16:47:00,5.7440,5.7510,5.7320,5.7440,20720
2007-12-20 16:46:00,5.7440,5.7500,5.7330,5.7420,11200
2007-12-20 16:45:00,5.7460,5.7550,5.7330,5.7420,42000
2007-12-20 16:44:00,5.7440,5.7550,5.7280,5.7470,267596
2007-12-20 16:43:00,5.7490,5.7560,5.7330,5.7420,124628
2007-12-20 16:42:00,5.7480,5.7570,5.7360,5.7470,94500
2007-12-20 16:41:00,5.7510,5.7580,5.7350,5.7450,280448
2007-12-20 16:40:00,5.7490,5.7590,5.7370,5.7470,37800
2007-12-20 16:39:00,5.7550,5.7620,5.7380,5.7470,287756
2007-12-20 16:38:00,5.7520,5.7610,5.7390,5.7530,43232
2007-12-20 16:37:00,5.7550,5.7610,5.7430,5.7520,63420
2007-12-20 16:36:00,5.7560,5.7640,5.7440,5.7540,43680
2007-12-20 16:35:00,5.7550,5.7640,5.7430,5.7560,162680
2007-12-20 16:34:00,5.7590,5.7650,5.7450,5.7560,81704
2007-12-20 16:33:00,5.7580,5.7640,5.7450,5.7560,63560
2007-12-20 16:32:00,5.7570,5.7640,5.7450,5.7540,126140
2007-12-20 16:31:00,5.7580,5.7670,5.7470,5.7580,608356
2007-12-20 16:30:00,5.7550,5.7650,5.7420,5.7570,64876
2007-12-20 16:29:00,5.7540,5.7610,5.6660,5.7530,1119440
2007-12-20 16:28:00,5.7570,5.7650,5.6660,5.7530,491316
2007-12-20 16:27:00,5.7500,5.7630,5.7390,5.7550,445088
2007-12-20 16:26:00,5.7510,5.7570,5.7380,5.7480,118720
2007-12-20 16:25:00,5.7490,5.7580,5.6660,5.7500,248164
2007-12-20 16:24:00,5.7490,5.7590,5.7380,5.7490,323232
2007-12-20 16:23:00,5.7460,5.7560,5.7350,5.7480,236460
2007-12-20 16:22:00,5.7460,5.7570,5.7350,5.7450,223580
2007-12-20 16:21:00,5.7500,5.7580,5.7350,5.7490,375004
2007-12-20 16:20:00,5.7550,5.7610,5.7370,5.7470,206976
2007-12-20 16:19:00,5.7610,5.7670,5.6660,5.7510,519120
2007-12-20 16:18:00,5.7610,5.7670,5.6660,5.7560,872396
2007-12-20 16:17:00,5.7510,5.7670,5.7200,5.7590,818580
2007-12-20 16:16:00,5.7470,5.7560,5.7330,5.7470,506408
2007-12-20 16:15:00,5.7460,5.7570,5.6100,5.7440,854504
2007-12-20 16:14:00,5.7460,5.7580,5.6100,5.7470,280812
2007-12-20 16:13:00,5.7310,5.7580,5.7170,5.7470,689920
2007-12-20 16:12:00,5.7340,5.7400,5.6100,5.7290,147952
2007-12-20 16:11:00,5.7300,5.7450,5.7100,5.7370,127148
2007-12-20 16:10:00,5.7150,5.7430,5.7040,5.7320,390460
2007-12-20 16:09:00,5.7140,5.7270,5.7020,5.7140,159880
2007-12-20 16:08:00,5.7140,5.7270,5.6100,5.7120,369040
2007-12-20 16:07:00,5.7010,5.7200,5.6850,5.7120,538468
2007-12-20 16:06:00,5.7100,5.7370,5.6890,5.6990,822276
2007-12-20 16:05:00,5.6700,5.7170,5.6310,5.7090,424536
2007-12-20 16:04:00,5.6770,5.6910,5.6640,5.6830,138824
2007-12-20 16:03:00,5.6760,5.6810,5.6650,5.6730,86800
2007-12-20 16:02:00,5.6760,5.6810,5.6650,5.6730,100100
2007-12-20 16:01:00,5.6760,5.6820,5.6640,5.6730,729148
2007-12-20 16:00:00,5.6760,5.6820,5.6630,5.6730,7508900
2007-12-20 15:59:00,5.6730,5.6820,5.6590,5.6730,4013856
2007-12-20 15:58:00,5.6700,5.6800,5.6590,5.6700,4263756
2007-12-20 15:57:00,5.6670,5.6760,5.6560,5.6680,3289216
2007-12-20 15:56:00,5.6690,5.6760,5.6560,5.6650,3124968
2007-12-20 15:55:00,5.6700,5.6750,5.6560,5.6670,1902404
2007-12-20 15:54:00,5.6730,5.6790,5.6580,5.6670,2262540
2007-12-20 15:53:00,5.6720,5.6800,5.6590,5.6700,3077900
2007-12-20 15:52:00,5.6720,5.6810,5.6600,5.6700,3989048
2007-12-20 15:51:00,5.6690,5.6780,5.6580,5.6700,2648688
2007-12-20 15:50:00,5.6700,5.6770,5.6570,5.6660,3059028
2007-12-20 15:49:00,5.6700,5.6800,5.6570,5.6680,2059092
2007-12-20 15:48:00,5.6730,5.6800,5.6590,5.6680,2030336
2007-12-20 15:47:00,5.6740,5.6810,5.6580,5.6710,2699032
2007-12-20 15:46:00,5.6720,5.6820,5.6600,5.6720,3970736
2007-12-20 15:45:00,5.6680,5.6780,5.6570,5.6700,2272200
2007-12-20 15:44:00,5.6690,5.6760,5.6560,5.6680,1616888
2007-12-20 15:43:00,5.6690,5.6770,5.6560,5.6670,1746640
2007-12-20 15:42:00,5.6700,5.6790,5.6580,5.6680,1355844
2007-12-20 15:41:00,5.6700,5.6800,5.6580,5.6680,2469796
2007-12-20 15:40:00,5.6780,5.6830,5.6590,5.6680,2923452
2007-12-20 15:39:00,5.6760,5.6850,5.6640,5.6750,2029300
2007-12-20 15:38:00,5.6770,5.6840,5.6630,5.6740,2434376
2007-12-20 15:37:00,5.6770,5.6840,5.6640,5.6750,1549548
2007-12-20 15:36:00,5.6740,5.6840,5.6620,5.6750,1674008
2007-12-20 15:35:00,5.6750,5.6840,5.6620,5.6710,1627976
2007-12-20 15:34:00,5.6770,5.6830,5.6590,5.6730,2937620
2007-12-20 15:33:00,5.6790,5.6860,5.6620,5.6750,4035052
2007-12-20 15:32:00,5.6840,5.6900,5.6680,5.6770,1345148
2007-12-20 15:31:00,5.6830,5.6910,5.6680,5.6830,2138724
2007-12-20 15:30:00,5.6830,5.6930,5.6710,5.6810,2016532
2007-12-20 15:29:00,5.6880,5.6950,5.6700,5.6820,1564024
2007-12-20 15:28:00,5.6800,5.6940,5.6680,5.6860,3013500
2007-12-20 15:27:00,5.6900,5.6960,5.6690,5.6790,3398136
2007-12-20 15:26:00,5.6940,5.7000,5.6770,5.6880,1802836
2007-12-20 15:25:00,5.6930,5.7000,5.6770,5.6920,2596356
2007-12-20 15:24:00,5.6910,5.6990,5.6780,5.6910,2645104
2007-12-20 15:23:00,5.6920,5.7010,5.6780,5.6890,3350900
2007-12-20 15:22:00,5.6840,5.6990,5.6730,5.6900,3994816
2007-12-20 15:21:00,5.6850,5.6920,5.6700,5.6820,1458380
2007-12-20 15:20:00,5.6850,5.6930,5.6700,5.6820,2260580
2007-12-20 15:19:00,5.6840,5.6940,5.6720,5.6830,1842876
2007-12-20 15:18:00,5.6850,5.6910,5.6690,5.6830,2332176
2007-12-20 15:17:00,5.6850,5.6940,5.6690,5.6830,4601856
2007-12-20 15:16:00,5.6890,5.6980,5.6720,5.6840,5577768
2007-12-20 15:15:00,5.6780,5.6950,5.6670,5.6870,3386656
2007-12-20 15:14:00,5.6760,5.6870,5.6610,5.6760,2144772
2007-12-20 15:13:00,5.6770,5.6830,5.6650,5.6740,2583280
2007-12-20 15:12:00,5.6820,5.6880,5.6650,5.6750,3246600
2007-12-20 15:11:00,5.6730,5.6920,5.6620,5.6800,6510420
2007-12-20 15:10:00,5.6620,5.6790,5.6500,5.6710,3806740
2007-12-20 15:09:00,5.6580,5.6690,5.6470,5.6610,2042656
2007-12-20 15:08:00,5.6570,5.6670,5.6460,5.6560,961772
2007-12-20 15:07:00,5.6610,5.6670,5.6460,5.6550,865760
2007-12-20 15:06:00,5.6590,5.6680,5.6440,5.6590,1752128
2007-12-20 15:05:00,5.6540,5.6660,5.6430,5.6570,2260104
2007-12-20 15:04:00,5.6570,5.6640,5.6400,5.6520,2809436
2007-12-20 15:03:00,5.6590,5.6660,5.6440,5.6540,2749012
2007-12-20 15:02:00,5.6630,5.6710,5.6490,5.6580,1999284
2007-12-20 15:01:00,5.6640,5.6710,5.6490,5.6620,2238852
2007-12-20 15:00:00,5.6650,5.6710,5.6520,5.6620,1140132
2007-12-20 14:59:00,5.6640,5.6730,5.6520,5.6630,1318156
2007-12-20 14:58:00,5.6610,5.6700,5.6490,5.6620,1299116
2007-12-20 14:57:00,5.6610,5.6710,5.6490,5.6600,1577996
2007-12-20 14:56:00,5.6630,5.6720,5.6490,5.6590,1032080
2007-12-20 14:55:00,5.6680,5.6760,5.6490,5.6600,1868580
2007-12-20 14:54:00,5.6710,5.6800,5.6560,5.6670,1448496
2007-12-20 14:53:00,5.6660,5.6800,5.6540,5.6700,3228400
2007-12-20 14:52:00,5.6660,5.6740,5.6520,5.6630,1510684
2007-12-20 14:51:00,5.6630,5.6750,5.6520,5.6650,1886612
2007-12-20 14:50:00,5.6610,5.6740,5.6500,5.6620,1800624
2007-12-20 14:49:00,5.6580,5.6690,5.6470,5.6590,1262632
2007-12-20 14:48:00,5.6600,5.6680,5.6460,5.6560,1739948
2007-12-20 14:47:00,5.6600,5.6660,5.6450,5.6580,2911664
2007-12-20 14:46:00,5.6680,5.6740,5.6490,5.6580,1596420
2007-12-20 14:45:00,5.6670,5.6740,5.6510,5.6650,2617916
2007-12-20 14:44:00,5.6670,5.6910,5.6520,5.6640,7527268
2007-12-20 14:43:00,5.6570,5.6740,5.6460,5.6660,4012568
2007-12-20 14:42:00,5.6570,5.6660,5.6450,5.6540,1753808
2007-12-20 14:41:00,5.6550,5.6640,5.6410,5.6550,2538984
2007-12-20 14:40:00,5.6630,5.6690,5.6440,5.6530,2504068
2007-12-20 14:39:00,5.6660,5.6720,5.6510,5.6610,1838200
2007-12-20 14:38:00,5.6670,5.6740,5.6520,5.6640,2078272
2007-12-20 14:37:00,5.6660,5.6740,5.6460,5.6650,3878784
2007-12-20 14:36:00,5.6630,5.6720,5.6520,5.6630,1519924
2007-12-20 14:35:00,5.6650,5.6740,5.6510,5.6620,2289700
2007-12-20 14:34:00,5.6700,5.6750,5.6510,5.6630,2368128
2007-12-20 14:33:00,5.6640,5.6770,5.6480,5.6680,5364996
2007-12-20 14:32:00,5.6600,5.6700,5.6470,5.6610,3405920
2007-12-20 14:31:00,5.6650,5.6720,5.6490,5.6580,1869084
2007-12-20 14:30:00,5.6680,5.6750,5.6530,5.6630,2566172
2007-12-20 14:29:00,5.6670,5.6760,5.6530,5.6650,3189676
2007-12-20 14:28:00,5.6620,5.6750,5.6510,5.6660,3200624
2007-12-20 14:27:00,5.6650,5.6710,5.6500,5.6600,2124864
2007-12-20 14:26:00,5.6620,5.6720,5.6500,5.6630,2354996
2007-12-20 14:25:00,5.6600,5.6700,5.6490,5.6600,1457736
2007-12-20 14:24:00,5.6570,5.6720,5.6460,5.6580,4154080
2007-12-20 14:23:00,5.6540,5.6630,5.6410,5.6540,1773156
2007-12-20 14:22:00,5.6510,5.6610,5.6400,5.6520,2175208
2007-12-20 14:21:00,5.6520,5.6590,5.6380,5.6480,1675828
2007-12-20 14:20:00,5.6480,5.6590,5.6340,5.6500,2562588
2007-12-20 14:19:00,5.6460,5.6560,5.6330,5.6460,2476964
2007-12-20 14:18:00,5.6430,5.6580,5.6310,5.6440,4467120
2007-12-20 14:17:00,5.6370,5.6510,5.6230,5.6410,3815728
2007-12-20 14:16:00,5.6380,5.6440,5.6250,5.6350,1945160
2007-12-20 14:15:00,5.6360,5.6440,5.6230,5.6360,2053604
2007-12-20 14:14:00,5.6370,5.6460,5.6240,5.6340,5005560
2007-12-20 14:13:00,5.6300,5.6440,5.6200,5.6350,3676820
2007-12-20 14:12:00,5.6260,5.6400,5.6140,5.6290,2855300
2007-12-20 14:11:00,5.6130,5.6320,5.6020,5.6230,2224040
2007-12-20 14:10:00,5.6200,5.6270,5.6020,5.6110,2116352
2007-12-20 14:09:00,5.6240,5.6300,5.6080,5.6190,988680
2007-12-20 14:08:00,5.6260,5.6320,5.6110,5.6230,1284556
2007-12-20 14:07:00,5.6250,5.6320,5.6100,5.6230,1438248
2007-12-20 14:06:00,5.6230,5.6320,5.6120,5.6220,2293172
2007-12-20 14:05:00,5.6150,5.6290,5.6040,5.6210,2183468
2007-12-20 14:04:00,5.6190,5.6250,5.6030,5.6130,2717736
2007-12-20 14:03:00,5.6230,5.6300,5.6080,5.6170,1115436
2007-12-20 14:02:00,5.6270,5.6320,5.6090,5.6210,1193164
2007-12-20 14:01:00,5.6250,5.6320,5.6130,5.6240,1010744
2007-12-20 14:00:00,5.6270,5.6340,5.6120,5.6230,1403248
2007-12-20 13:59:00,5.6280,5.6340,5.6160,5.6260,1118096
2007-12-20 13:58:00,5.6300,5.6360,5.6170,5.6260,1030232
2007-12-20 13:57:00,5.6250,5.6360,5.6140,5.6290,4030488
2007-12-20 13:56:00,5.6310,5.6390,5.6140,5.6230,1680896
2007-12-20 13:55:00,5.6290,5.6370,5.6170,5.6290,1021104
2007-12-20 13:54:00,5.6310,5.6380,5.6170,5.6270,2059036
2007-12-20 13:53:00,5.6320,5.6390,5.6190,5.6290,2476684
2007-12-20 13:52:00,5.6260,5.6380,5.6140,5.6300,2830044
2007-12-20 13:51:00,5.6200,5.6330,5.6090,5.6240,2061948
2007-12-20 13:50:00,5.6180,5.6270,5.6070,5.6180,2251144
2007-12-20 13:49:00,5.6190,5.6240,5.6070,5.6170,808472
2007-12-20 13:48:00,5.6200,5.6270,5.6070,5.6170,1654856
2007-12-20 13:47:00,5.6140,5.6250,5.6040,5.6170,1025276
2007-12-20 13:46:00,5.6160,5.6230,5.6030,5.6120,2347884
2007-12-20 13:45:00,5.6190,5.6240,5.6050,5.6140,1537704
2007-12-20 13:44:00,5.6180,5.6250,5.6050,5.6160,1591968
2007-12-20 13:43:00,5.6160,5.6240,5.6050,5.6160,803880
2007-12-20 13:42:00,5.6160,5.6250,5.6040,5.6140,1006488
2007-12-20 13:41:00,5.6190,5.6250,5.6020,5.6140,2267160
2007-12-20 13:40:00,5.6230,5.6300,5.6070,5.6170,2843344
2007-12-20 13:39:00,5.6220,5.6300,5.6090,5.6210,2049908
2007-12-20 13:38:00,5.6200,5.6300,5.6090,5.6200,2979620
2007-12-20 13:37:00,5.6180,5.6270,5.6070,5.6180,1851892
2007-12-20 13:36:00,5.6180,5.6270,5.6070,5.6160,1998472
2007-12-20 13:35:00,5.6150,5.6240,5.6030,5.6150,2600864
2007-12-20 13:34:00,5.6130,5.6220,5.6020,5.6130,1545152
2007-12-20 13:33:00,5.6110,5.6200,5.5990,5.6100,1248716
2007-12-20 13:32:00,5.6050,5.6180,5.5940,5.6090,1753836
2007-12-20 13:31:00,5.6050,5.6120,5.5930,5.6030,450828
2007-12-20 13:30:00,5.6040,5.6140,5.5920,5.6030,1704556
2007-12-20 13:29:00,5.6050,5.6130,5.5910,5.6020,1150800
2007-12-20 13:28:00,5.6070,5.6130,5.5920,5.6030,1129184
2007-12-20 13:27:00,5.6060,5.6130,5.5940,5.6050,746816
2007-12-20 13:26:00,5.6080,5.6160,5.5940,5.6040,1774696
2007-12-20 13:25:00,5.6100,5.6170,5.5960,5.6070,1320900
2007-12-20 13:24:00,5.6110,5.6200,5.5960,5.6080,2997428
2007-12-20 13:23:00,5.6090,5.6180,5.5960,5.6090,4143776
2007-12-20 13:22:00,5.6080,5.6150,5.5960,5.6070,1622404
2007-12-20 13:21:00,5.6060,5.6170,5.5940,5.6060,2819572
2007-12-20 13:20:00,5.6010,5.6140,5.5900,5.6040,3847648
2007-12-20 13:19:00,5.5990,5.6090,5.5860,5.5990,2507428
2007-12-20 13:18:00,5.5930,5.6050,5.5820,5.5960,1715448
2007-12-20 13:17:00,5.5940,5.6010,5.5810,5.5910,751968
2007-12-20 13:16:00,5.5950,5.6030,5.5830,5.5920,560000
2007-12-20 13:15:00,5.5960,5.6020,5.5840,5.5940,494760
2007-12-20 13:14:00,5.5940,5.6020,5.5830,5.5940,1011360
2007-12-20 13:13:00,5.5910,5.6000,5.5800,5.5920,1097208
2007-12-20 13:12:00,5.5880,5.6000,5.5760,5.5900,1770608
2007-12-20 13:11:00,5.5840,5.5950,5.5730,5.5860,822920
2007-12-20 13:10:00,5.5860,5.5920,5.5730,5.5820,354340
2007-12-20 13:09:00,5.5860,5.5930,5.5740,5.5830,306292
2007-12-20 13:08:00,5.5870,5.5950,5.5740,5.5840,890148
2007-12-20 13:07:00,5.5860,5.5940,5.5730,5.5860,1205680
2007-12-20 13:06:00,5.5820,5.5920,5.5700,5.5830,537600
2007-12-20 13:05:00,5.5840,5.5900,5.5690,5.5800,472528
2007-12-20 13:04:00,5.5820,5.5920,5.5710,5.5830,692132
2007-12-20 13:03:00,5.5820,5.5900,5.5690,5.5800,390600
2007-12-20 13:02:00,5.5840,5.5910,5.5710,5.5800,648760
2007-12-20 13:01:00,5.5830,5.5910,5.5710,5.5830,709800
2007-12-20 13:00:00,5.5810,5.5890,5.5690,5.5810,481572
2007-12-20 12:59:00,5.5790,5.5880,5.5660,5.5790,744296
2007-12-20 12:58:00,5.5800,5.5860,5.5680,5.5780,319984
2007-12-20 12:57:00,5.5790,5.5860,5.5660,5.5780,702044
2007-12-20 12:56:00,5.5800,5.5870,5.5650,5.5760,740208
2007-12-20 12:55:00,5.5810,5.5870,5.5680,5.5790,499772
2007-12-20 12:54:00,5.5790,5.5860,5.5660,5.5780,949340
2007-12-20 12:53:00,5.5800,5.5880,5.5660,5.5770,936964
2007-12-20 12:52:00,5.5820,5.5880,5.5680,5.5780,645260
2007-12-20 12:51:00,5.5790,5.5880,5.5680,5.5800,624400
2007-12-20 12:50:00,5.5800,5.5870,5.5660,5.5780,675220
2007-12-20 12:49:00,5.5800,5.5890,5.5680,5.5780,710668
2007-12-20 12:48:00,5.5790,5.5870,5.5680,5.5770,871220
2007-12-20 12:47:00,5.5760,5.5850,5.5660,5.5770,674100
2007-12-20 12:46:00,5.5780,5.5850,5.5650,5.5750,913416
2007-12-20 12:45:00,5.5770,5.5860,5.5660,5.5760,802620
2007-12-20 12:44:00,5.5800,5.5870,5.5660,5.5740,442680
2007-12-20 12:43:00,5.5810,5.5880,5.5680,5.5790,405468
2007-12-20 12:42:00,5.5800,5.5880,5.5680,5.5800,794080
2007-12-20 12:41:00,5.5790,5.5870,5.5680,5.5780,430864
2007-12-20 12:40:00,5.5840,5.5900,5.5660,5.5770,1459976
2007-12-20 12:39:00,5.5860,5.5910,5.5720,5.5820,315000
2007-12-20 12:38:00,5.5860,5.5920,5.5740,5.5840,329980
2007-12-20 12:37:00,5.5880,5.5940,5.5750,5.5840,460768
2007-12-20 12:36:00,5.5860,5.5940,5.5750,5.5850,682136
2007-12-20 12:35:00,5.5840,5.5930,5.5730,5.5840,1062432
2007-12-20 12:34:00,5.5830,5.5910,5.5720,5.5820,872116
2007-12-20 12:33:00,5.5800,5.5900,5.5690,5.5810,595000
2007-12-20 12:32:00,5.5840,5.5910,5.5680,5.5790,961044
2007-12-20 12:31:00,5.5820,5.5910,5.5700,5.5830,729008
2007-12-20 12:30:00,5.5860,5.5920,5.5720,5.5800,734188
2007-12-20 12:29:00,5.5840,5.5920,5.5710,5.5840,485156
2007-12-20 12:28:00,5.5810,5.5910,5.5700,5.5820,651448
2007-12-20 12:27:00,5.5830,5.5890,5.5690,5.5790,1090880
2007-12-20 12:26:00,5.5860,5.5930,5.5710,5.5800,811104
2007-12-20 12:25:00,5.5820,5.5930,5.5680,5.5840,2112348
2007-12-20 12:24:00,5.5770,5.5880,5.5650,5.5800,960820
2007-12-20 12:23:00,5.5760,5.5840,5.5650,5.5750,760536
2007-12-20 12:22:00,5.5730,5.5840,5.5620,5.5740,1360576
2007-12-20 12:21:00,5.5720,5.5810,5.5610,5.5710,781984
2007-12-20 12:20:00,5.5750,5.5810,5.5600,5.5690,1029532
2007-12-20 12:19:00,5.5750,5.5830,5.5630,5.5720,537712
2007-12-20 12:18:00,5.5760,5.5850,5.5630,5.5720,894320
2007-12-20 12:17:00,5.5780,5.5840,5.5640,5.5740,1055796
2007-12-20 12:16:00,5.5760,5.5850,5.5650,5.5760,999152
2007-12-20 12:15:00,5.5730,5.5840,5.5610,5.5740,1117368
2007-12-20 12:14:00,5.5770,5.5830,5.5610,5.5710,775124
2007-12-20 12:13:00,5.5730,5.5820,5.5620,5.5730,922992
2007-12-20 12:12:00,5.5730,5.5820,5.5600,5.5700,1047172
2007-12-20 12:11:00,5.5750,5.5830,5.5600,5.5710,1593648
2007-12-20 12:10:00,5.5670,5.5830,5.5560,5.5720,1969548
2007-12-20 12:09:00,5.5680,5.5740,5.5540,5.5650,651532
2007-12-20 12:08:00,5.5690,5.5760,5.5540,5.5660,581280
2007-12-20 12:07:00,5.5650,5.5770,5.5540,5.5680,1387316
2007-12-20 12:06:00,5.5650,5.5730,5.5510,5.5630,1285032
2007-12-20 12:05:00,5.5640,5.5740,5.5520,5.5630,2050020
2007-12-20 12:04:00,5.5680,5.5770,5.5530,5.5630,1554728
2007-12-20 12:03:00,5.5680,5.5750,5.5540,5.5650,1307964
2007-12-20 12:02:00,5.5740,5.5800,5.5560,5.5660,1475208
2007-12-20 12:01:00,5.5700,5.5810,5.5580,5.5720,1636964
2007-12-20 12:00:00,5.5760,5.5820,5.5540,5.5680,2535120
2007-12-20 11:59:00,5.5770,5.5840,5.5650,5.5740,456260
2007-12-20 11:58:00,5.5760,5.5850,5.5640,5.5750,694232
2007-12-20 11:57:00,5.5780,5.5850,5.5660,5.5740,701540
2007-12-20 11:56:00,5.5810,5.5870,5.5660,5.5760,937356
2007-12-20 11:55:00,5.5800,5.5890,5.5690,5.5790,763392
2007-12-20 11:54:00,5.5800,5.5880,5.5690,5.5770,470876
2007-12-20 11:53:00,5.5790,5.5880,5.5670,5.5770,535108
2007-12-20 11:52:00,5.5770,5.5850,5.5650,5.5770,1047172
2007-12-20 11:51:00,5.5770,5.5840,5.5640,5.5750,679952
2007-12-20 11:50:00,5.5750,5.5840,5.5640,5.5750,944188
2007-12-20 11:49:00,5.5800,5.5860,5.5640,5.5730,1396892
2007-12-20 11:48:00,5.5840,5.5910,5.5680,5.5780,883624
2007-12-20 11:47:00,5.5870,5.5930,5.5720,5.5800,578396
2007-12-20 11:46:00,5.5810,5.5930,5.5700,5.5850,1204700
2007-12-20 11:45:00,5.5810,5.5890,5.5680,5.5780,1058540
2007-12-20 11:44:00,5.5830,5.5890,5.5680,5.5780,918260
2007-12-20 11:43:00,5.5850,5.5910,5.5700,5.5810,590268
2007-12-20 11:42:00,5.5830,5.5910,5.5700,5.5830,690256
2007-12-20 11:41:00,5.5850,5.5920,5.5710,5.5810,1230572
2007-12-20 11:40:00,5.5840,5.5910,5.5710,5.5830,710976
2007-12-20 11:39:00,5.5870,5.5930,5.5730,5.5820,1038576
2007-12-20 11:38:00,5.5870,5.5940,5.5750,5.5860,547260
2007-12-20 11:37:00,5.5870,5.5940,5.5750,5.5860,340900
2007-12-20 11:36:00,5.5860,5.5920,5.5720,5.5840,661136
2007-12-20 11:35:00,5.5840,5.5920,5.5700,5.5820,976500
2007-12-20 11:34:00,5.5830,5.5910,5.5690,5.5820,1128820
2007-12-20 11:33:00,5.5850,5.5940,5.5720,5.5820,847896
2007-12-20 11:32:00,5.5880,5.5940,5.5740,5.5830,894936
2007-12-20 11:31:00,5.5860,5.5930,5.5720,5.5860,1474088
2007-12-20 11:30:00,5.5880,5.5950,5.5750,5.5850,479556
2007-12-20 11:29:00,5.5870,5.5960,5.5750,5.5850,1366260
2007-12-20 11:28:00,5.5840,5.5950,5.5720,5.5860,1617504
2007-12-20 11:27:00,5.5850,5.5920,5.5720,5.5820,883428
2007-12-20 11:26:00,5.5820,5.5910,5.5690,5.5830,1489488
2007-12-20 11:25:00,5.5760,5.5880,5.5640,5.5800,1305528
2007-12-20 11:24:00,5.5730,5.5840,5.5620,5.5740,1061844
2007-12-20 11:23:00,5.5690,5.5810,5.5570,5.5710,2065084
2007-12-20 11:22:00,5.5740,5.5800,5.5550,5.5660,2696120
2007-12-20 11:21:00,5.5740,5.5830,5.5610,5.5720,1833636
2007-12-20 11:20:00,5.5750,5.5830,5.5620,5.5730,976528
2007-12-20 11:19:00,5.5740,5.5820,5.5620,5.5720,878220
2007-12-20 11:18:00,5.5760,5.5860,5.5610,5.5730,1818012
2007-12-20 11:17:00,5.5770,5.5850,5.5610,5.5740,1171128
2007-12-20 11:16:00,5.5810,5.5880,5.5660,5.5740,516320
2007-12-20 11:15:00,5.5830,5.5920,5.5670,5.5790,1933092
2007-12-20 11:14:00,5.5810,5.5890,5.5680,5.5800,611884
2007-12-20 11:13:00,5.5780,5.5880,5.5670,5.5800,987420
2007-12-20 11:12:00,5.5780,5.5860,5.5660,5.5750,996240
2007-12-20 11:11:00,5.5770,5.5890,5.5650,5.5760,1532580
2007-12-20 11:10:00,5.5770,5.5850,5.5660,5.5760,778512
2007-12-20 11:09:00,5.5740,5.5830,5.5610,5.5740,939540
2007-12-20 11:08:00,5.5760,5.5810,5.5580,5.5720,2253440
2007-12-20 11:07:00,5.5760,5.5880,5.5620,5.5730,1716792
2007-12-20 11:06:00,5.5800,5.5890,5.5620,5.5740,2503676
2007-12-20 11:05:00,5.5820,5.5900,5.5680,5.5780,1593648
2007-12-20 11:04:00,5.5840,5.5930,5.5690,5.5810,1406048
2007-12-20 11:03:00,5.5850,5.5920,5.5690,5.5820,2343236
2007-12-20 11:02:00,5.5810,5.5900,5.5680,5.5820,1538600
2007-12-20 11:01:00,5.5800,5.5880,5.5660,5.5790,1397536
2007-12-20 11:00:00,5.5800,5.5880,5.5660,5.5770,1721748
2007-12-20 10:59:00,5.5800,5.5890,5.5680,5.5770,1654716
2007-12-20 10:58:00,5.5770,5.5870,5.5620,5.5770,2074884
2007-12-20 10:57:00,5.5700,5.5840,5.5590,5.5740,3084928
2007-12-20 10:56:00,5.5790,5.5870,5.5590,5.5680,2573900
2007-12-20 10:55:00,5.5830,5.5900,5.5660,5.5780,2721348
2007-12-20 10:54:00,5.5860,5.5920,5.5690,5.5810,2688588
2007-12-20 10:53:00,5.5900,5.5950,5.5740,5.5840,1597764
2007-12-20 10:52:00,5.5930,5.6000,5.5780,5.5880,1068368
2007-12-20 10:51:00,5.5880,5.6010,5.5770,5.5910,1715840
2007-12-20 10:50:00,5.5930,5.6000,5.5760,5.5870,1570688
2007-12-20 10:49:00,5.5950,5.6020,5.5800,5.5920,2850568
2007-12-20 10:48:00,5.5950,5.6030,5.5840,5.5930,856800
2007-12-20 10:47:00,5.5970,5.6040,5.5840,5.5930,878500
2007-12-20 10:46:00,5.6000,5.6050,5.5840,5.5960,1556940
2007-12-20 10:45:00,5.5980,5.6070,5.5830,5.5980,1984444
2007-12-20 10:44:00,5.6030,5.6090,5.5860,5.5950,985684
2007-12-20 10:43:00,5.6040,5.6110,5.5890,5.6000,1696548
2007-12-20 10:42:00,5.6000,5.6110,5.5880,5.6020,1445080
2007-12-20 10:41:00,5.6020,5.6080,5.5870,5.5990,1254484
2007-12-20 10:40:00,5.5960,5.6090,5.5840,5.6000,2545452
2007-12-20 10:39:00,5.6000,5.6080,5.5850,5.5940,4293856
2007-12-20 10:38:00,5.5940,5.6060,5.5830,5.5980,1820952
2007-12-20 10:37:00,5.5960,5.6030,5.5810,5.5930,2433032
2007-12-20 10:36:00,5.5880,5.6020,5.5770,5.5940,2177000
2007-12-20 10:35:00,5.5880,5.6000,5.5740,5.5860,2333212
2007-12-20 10:34:00,5.5870,5.5990,5.5740,5.5860,2570064
2007-12-20 10:33:00,5.5880,5.5980,5.5760,5.5850,1748348
2007-12-20 10:32:00,5.5830,5.5980,5.5720,5.5860,2469124
2007-12-20 10:31:00,5.5780,5.5940,5.5670,5.5820,2673132
2007-12-20 10:30:00,5.5790,5.5850,5.5630,5.5760,1674064
2007-12-20 10:29:00,5.5850,5.5910,5.5680,5.5770,1856120
2007-12-20 10:28:00,5.5830,5.5940,5.5720,5.5830,1785476
2007-12-20 10:27:00,5.5830,5.5910,5.5700,5.5800,1505000
2007-12-20 10:26:00,5.5810,5.5900,5.5700,5.5810,1452136
2007-12-20 10:25:00,5.5790,5.5870,5.5630,5.5790,1138452
2007-12-20 10:24:00,5.5840,5.5900,5.5680,5.5770,2120300
2007-12-20 10:23:00,5.5810,5.5890,5.5670,5.5820,1847944
2007-12-20 10:22:00,5.5780,5.5860,5.5650,5.5790,1938468
2007-12-20 10:21:00,5.5760,5.5890,5.5650,5.5760,3660356
2007-12-20 10:20:00,5.5650,5.5820,5.5540,5.5740,2587004
2007-12-20 10:19:00,5.5610,5.5720,5.5490,5.5640,2007180
2007-12-20 10:18:00,5.5660,5.5750,5.5510,5.5600,1647380
2007-12-20 10:17:00,5.5600,5.5720,5.5480,5.5640,1811880
2007-12-20 10:16:00,5.5720,5.5780,5.5490,5.5580,3096716
2007-12-20 10:15:00,5.5720,5.5800,5.5580,5.5690,1501136
2007-12-20 10:14:00,5.5750,5.5840,5.5590,5.5700,1464568
2007-12-20 10:13:00,5.5750,5.5850,5.5610,5.5730,2751224
2007-12-20 10:12:00,5.5670,5.5830,5.5540,5.5740,2926448
2007-12-20 10:11:00,5.5730,5.5810,5.5540,5.5650,3199532
2007-12-20 10:10:00,5.5820,5.5880,5.5620,5.5710,2256072
2007-12-20 10:09:00,5.5770,5.5890,5.5640,5.5800,1758092
2007-12-20 10:08:00,5.5820,5.5880,5.5630,5.5760,2496676
2007-12-20 10:07:00,5.5770,5.5880,5.5610,5.5800,2736412
2007-12-20 10:06:00,5.5750,5.5890,5.5630,5.5750,2863448
2007-12-20 10:05:00,5.5720,5.6350,5.5600,5.5730,2153452
2007-12-20 10:04:00,5.5790,5.5850,5.5590,5.5700,3446576
2007-12-20 10:03:00,5.5720,5.5880,5.5590,5.5770,3415384
2007-12-20 10:02:00,5.5790,5.5880,5.5610,5.5700,3174920
2007-12-20 10:01:00,5.5880,5.5940,5.5680,5.5770,3547908
2007-12-20 10:00:00,5.5820,5.6010,5.5700,5.5860,3088372
2007-12-20 09:59:00,5.5840,5.5910,5.5670,5.5800,2826208
2007-12-20 09:58:00,5.5860,5.5930,5.5650,5.5820,3175984
2007-12-20 09:57:00,5.5890,5.5980,5.5740,5.5850,1963192
2007-12-20 09:56:00,5.5850,5.5960,5.5740,5.5870,1228332
2007-12-20 09:55:00,5.5810,5.5950,5.5690,5.5830,1673140
2007-12-20 09:54:00,5.5830,5.5890,5.5680,5.5780,1475376
2007-12-20 09:53:00,5.5780,5.5920,5.5650,5.5800,1895852
2007-12-20 09:52:00,5.5790,5.5890,5.5620,5.5750,2134384
2007-12-20 09:51:00,5.5820,5.5880,5.5650,5.5770,2734116
2007-12-20 09:50:00,5.5850,5.5910,5.5680,5.5800,2336684
2007-12-20 09:49:00,5.5880,5.5950,5.5680,5.5810,2799636
2007-12-20 09:48:00,5.5880,5.6020,5.5770,5.5860,2673216
2007-12-20 09:47:00,5.5880,5.5990,5.5740,5.5870,1773436
2007-12-20 09:46:00,5.5830,5.5970,5.5730,5.5870,2689904
2007-12-20 09:45:00,5.5930,5.6000,5.5710,5.5820,3115728
2007-12-20 09:44:00,5.6000,5.6090,5.5820,5.5910,3554264
2007-12-20 09:43:00,5.6000,5.6080,5.5850,5.5960,2638692
2007-12-20 09:42:00,5.6030,5.6120,5.5880,5.5980,2532320
2007-12-20 09:41:00,5.6050,5.6140,5.5910,5.6010,1942724
2007-12-20 09:40:00,5.6050,5.6150,5.5910,5.6030,3568124
2007-12-20 09:39:00,5.6060,5.6140,5.5850,5.6020,2563540
2007-12-20 09:38:00,5.6010,5.6120,5.5840,5.6030,2357068
2007-12-20 09:37:00,5.5960,5.6070,5.5830,5.5980,2753828
2007-12-20 09:36:00,5.5890,5.6050,5.5750,5.5940,4381384
2007-12-20 09:35:00,5.5970,5.6030,5.5780,5.5870,3470880
2007-12-20 09:34:00,5.6040,5.6100,5.5810,5.5950,2792272
2007-12-20 09:33:00,5.6020,5.6120,5.5870,5.6020,2838892
2007-12-20 09:32:00,5.6040,5.6120,5.5840,5.6000,3667776
2007-12-20 09:31:00,5.6180,5.6250,5.5900,5.6020,5053524
2007-12-20 09:30:00,5.6200,5.6290,5.6010,5.6160,8544340
2007-12-20 09:29:00,5.6200,5.6290,5.6060,5.6180,193200
2007-12-20 09:28:00,5.6160,5.6300,5.6050,5.6200,344400
2007-12-20 09:27:00,5.6140,5.6220,5.6040,5.6140,16576
2007-12-20 09:26:00,5.6170,5.6230,5.6050,5.6150,49560
2007-12-20 09:25:00,5.6140,5.6210,5.6030,5.6110,89600
2007-12-20 09:24:00,5.6130,5.6200,5.6020,5.6120,95200
2007-12-20 09:23:00,5.6140,5.6200,5.6020,5.6100,37604
2007-12-20 09:22:00,5.6130,5.6200,5.6020,5.6100,25200
2007-12-20 09:21:00,5.6140,5.6200,5.6010,5.6100,63420
2007-12-20 09:20:00,5.6110,5.6210,5.6000,5.6130,138600
2007-12-20 09:19:00,5.6130,5.6180,5.5990,5.6100,120400
2007-12-20 09:18:00,5.6130,5.6180,5.5990,5.6070,54600
2007-12-20 09:17:00,5.6130,5.6180,5.6020,5.6100,21000
2007-12-20 09:16:00,5.6130,5.6190,5.6020,5.6100,11200
2007-12-20 09:15:00,5.6140,5.6190,5.6030,5.6120,2800
2007-12-20 09:14:00,5.6080,5.6180,5.5960,5.6100,209384
2007-12-20 09:12:00,5.6100,5.6150,5.5980,5.6070,71596
2007-12-20 09:11:00,5.6080,5.6170,5.5970,5.6070,93968
2007-12-20 09:10:00,5.6060,5.6150,5.5960,5.6070,40600
2007-12-20 09:09:00,5.6090,5.6150,5.5980,5.6070,110012
2007-12-20 09:08:00,5.6060,5.6140,5.5960,5.6060,62020
2007-12-20 09:07:00,5.6060,5.6120,5.5950,5.6040,18200
2007-12-20 09:06:00,5.6080,5.6150,5.5950,5.6040,245000
2007-12-20 09:05:00,5.6020,5.6140,5.5870,5.6040,95256
2007-12-20 09:04:00,5.6000,5.6110,5.5900,5.6030,26600
2007-12-20 09:03:00,5.5990,5.6060,5.5880,5.5980,59332
2007-12-20 09:00:00,5.5960,5.6050,5.5850,5.5970,48580
2007-12-20 08:59:00,5.5990,5.6050,5.5850,5.5940,19600
2007-12-20 08:58:00,5.5990,5.6050,5.5880,5.5970,30800
2007-12-20 08:57:00,5.6020,5.6080,5.5880,5.5980,22400
2007-12-20 08:56:00,5.6000,5.6140,5.5900,5.6060,130900
2007-12-20 08:55:00,5.5960,5.6060,5.5850,5.5980,8400
2007-12-20 08:54:00,5.5990,5.6050,5.5860,5.5940,8540
2007-12-20 08:53:00,5.5990,5.6050,5.5870,5.5950,45780
2007-12-20 08:50:00,5.6000,5.6060,5.5880,5.5970,35000
2007-12-20 08:49:00,5.6000,5.6060,5.5900,5.5980,5600
2007-12-20 08:48:00,5.6000,5.6060,5.5880,5.5970,8400
2007-12-20 08:47:00,5.5970,5.6060,5.5870,5.5980,31500
2007-12-20 08:46:00,5.6030,5.6090,5.5870,5.5960,28812
2007-12-20 08:45:00,5.6020,5.6090,5.5880,5.5970,33600
2007-12-20 08:44:00,5.6030,5.6090,5.5900,5.6010,127652
2007-12-20 08:43:00,5.6030,5.6090,5.5920,5.6010,76552
2007-12-20 08:42:00,5.6010,5.6090,5.5900,5.6010,46676
2007-12-20 08:41:00,5.6000,5.6070,5.5900,5.5990,36260
2007-12-20 08:40:00,5.5960,5.6060,5.5860,5.5980,72800
2007-12-20 08:39:00,5.5960,5.6020,5.5840,5.5920,11200
2007-12-20 08:38:00,5.5930,5.6050,5.5820,5.5910,84504
2007-12-20 08:37:00,5.5920,5.6000,5.5810,5.5910,21868
2007-12-20 08:36:00,5.5910,5.5990,5.5810,5.5910,55300
2007-12-20 08:35:00,5.5960,5.6020,5.5840,5.5920,24360
2007-12-20 08:34:00,5.5920,5.6000,5.5780,5.5890,211820
2007-12-20 08:33:00,5.5960,5.6020,5.5810,5.5900,138600
2007-12-20 08:32:00,5.5960,5.6020,5.5840,5.5940,11200
2007-12-20 08:31:00,5.5980,5.6040,5.5850,5.5940,52220
2007-12-20 08:30:00,5.6020,5.6090,5.5870,5.6010,70700
2007-12-20 08:29:00,5.6060,5.6120,5.5910,5.6000,84000
2007-12-20 08:28:00,5.6080,5.6140,5.5970,5.6060,16800
2007-12-20 08:27:00,5.6050,5.6120,5.5910,5.6000,136052
2007-12-20 08:26:00,5.6040,5.6090,5.5930,5.6020,2800
2007-12-20 08:25:00,5.6080,5.6140,5.5960,5.6040,35000
2007-12-20 08:24:00,5.6060,5.6150,5.5950,5.6060,381220
2007-12-20 08:23:00,5.6060,5.6120,5.5930,5.6040,40600
2007-12-20 08:22:00,5.6030,5.6100,5.5930,5.6020,42532
2007-12-20 08:21:00,5.6030,5.6090,5.5930,5.6010,5600
2007-12-20 08:20:00,5.6030,5.6090,5.5920,5.6010,43400
2007-12-20 08:19:00,5.6030,5.6090,5.5920,5.6010,36400
2007-12-20 08:18:00,5.6030,5.6090,5.5910,5.6010,42000
2007-12-20 08:17:00,5.5990,5.6080,5.5870,5.6000,74200
2007-12-20 08:16:00,5.5970,5.6030,5.5870,5.5950,33040
2007-12-20 08:15:00,5.5970,5.6030,5.5840,5.5920,106400
2007-12-20 08:14:00,5.5970,5.6030,5.5780,5.5950,85400
2007-12-20 08:13:00,5.5860,5.6030,5.5760,5.5950,120400
2007-12-20 08:12:00,5.5890,5.5960,5.5680,5.5800,99540
2007-12-20 08:11:00,5.5960,5.6020,5.5780,5.5860,124460
2007-12-20 08:10:00,5.5950,5.6010,5.5820,5.5910,45920
2007-12-20 08:09:00,5.5940,5.6000,5.5840,5.5920,5600
2007-12-20 08:08:00,5.5960,5.6020,5.5860,5.5940,16156
2007-12-20 08:07:00,5.5960,5.6030,5.5860,5.5940,26600
2007-12-20 08:06:00,5.5940,5.6010,5.5840,5.5930,33320
2007-12-20 08:05:00,5.5960,5.6020,5.5850,5.5940,16800
2007-12-20 08:04:00,5.5940,5.6000,5.5840,5.5920,12600
2007-12-20 08:03:00,5.5900,5.6020,5.5790,5.5950,72800
2007-12-20 08:02:00,5.5910,5.5970,5.5760,5.5850,70000
2007-12-20 08:01:00,5.5910,5.6000,5.5760,5.5890,46508
2007-12-20 08:00:00,5.5880,5.6000,5.5770,5.5890,151872
2007-12-20 07:56:00,5.5930,5.5990,5.5830,5.5910,2800
2007-12-20 07:54:00,5.5840,5.5890,5.5730,5.5820,2800
2007-12-20 07:48:00,5.5880,5.5940,5.5780,5.5860,8400
2007-12-20 07:46:00,5.5880,5.5940,5.5780,5.5860,5600
2007-12-20 07:43:00,5.5880,5.5940,5.5780,5.5860,11200
2007-12-20 07:42:00,5.6010,5.6080,5.5780,5.5860,44800
2007-12-20 07:41:00,5.5890,5.5950,5.5780,5.5870,2800
2007-12-20 07:37:00,5.5890,5.5950,5.5780,5.5870,2800
2007-12-20 07:32:00,5.6080,5.6140,5.5970,5.6060,2800
2007-12-20 07:30:00,5.6080,5.6140,5.5970,5.6060,28000
2007-12-20 07:03:00,5.6090,5.6150,5.5980,5.6070,7756
2007-12-20 04:15:00,5.5870,5.5930,5.5760,5.5850,2800
2007-12-19 19:59:00,5.5940,5.6000,5.5840,5.5920,2800
2007-12-19 19:58:00,5.5940,5.6000,5.5830,5.5920,30660
2007-12-19 19:57:00,5.5940,5.6000,5.5830,5.5920,30800
2007-12-19 19:54:00,5.5940,5.6000,5.5830,5.5920,11200
2007-12-19 19:53:00,5.5940,5.6000,5.5830,5.5920,2800
2007-12-19 19:52:00,5.5930,5.6000,5.5830,5.5920,27300
2007-12-19 19:48:00,5.5900,5.5950,5.5790,5.5880,3164
2007-12-19 19:42:00,5.5920,5.5980,5.5790,5.5880,19600
2007-12-19 19:39:00,5.5890,5.5940,5.5780,5.5870,5880
2007-12-19 19:37:00,5.5880,5.5940,5.5780,5.5860,12964
2007-12-19 19:36:00,5.5900,5.5950,5.5790,5.5880,4508
2007-12-19 19:29:00,5.5930,5.6000,5.5820,5.5920,30800
2007-12-19 19:28:00,5.5940,5.6050,5.5840,5.5920,288400
2007-12-19 19:27:00,5.5930,5.6000,5.5830,5.5920,30016
2007-12-19 19:26:00,5.5910,5.5970,5.5810,5.5890,7000
2007-12-19 19:25:00,5.5910,5.5970,5.5810,5.5890,18844
2007-12-19 19:20:00,5.5880,5.5940,5.5770,5.5860,14000
2007-12-19 19:18:00,5.5880,5.5940,5.5760,5.5850,35140
2007-12-19 19:17:00,5.5880,5.5970,5.5780,5.5890,20160
2007-12-19 19:15:00,5.5910,5.5970,5.5800,5.5890,2800
2007-12-19 19:13:00,5.5910,5.5970,5.5800,5.5890,25620
2007-12-19 19:09:00,5.5910,5.5980,5.5810,5.5910,28000
2007-12-19 19:08:00,5.5910,5.5970,5.5810,5.5890,2940
2007-12-19 19:07:00,5.5930,5.5990,5.5830,5.5910,12012
2007-12-19 19:05:00,5.5930,5.5990,5.5820,5.5910,42000
2007-12-19 19:04:00,5.5880,5.5970,5.5780,5.5890,151060
2007-12-19 19:02:00,5.5880,5.5940,5.5780,5.5860,2800
2007-12-19 19:01:00,5.5880,5.5940,5.5780,5.5860,4200
2007-12-19 19:00:00,5.5860,5.5970,5.5750,5.5890,168140
2007-12-19 18:56:00,5.5850,5.5910,5.5730,5.5820,28392
2007-12-19 18:55:00,5.5850,5.5910,5.5740,5.5830,2800
2007-12-19 18:52:00,5.5840,5.5900,5.5730,5.5820,16408
2007-12-19 18:51:00,5.5880,5.5930,5.5760,5.5850,11200
2007-12-19 18:50:00,5.5880,5.5940,5.5780,5.5860,2800
2007-12-19 18:46:00,5.5850,5.5910,5.5740,5.5830,2800
2007-12-19 18:44:00,5.5850,5.5910,5.5740,5.5830,20132
2007-12-19 18:43:00,5.5880,5.5940,5.5740,5.5830,14000
2007-12-19 18:41:00,5.5860,5.5920,5.5750,5.5840,8400
2007-12-19 18:31:00,5.5860,5.5920,5.5750,5.5840,2800
2007-12-19 18:27:00,5.5850,5.5920,5.5740,5.5850,33600
2007-12-19 18:26:00,5.5870,5.5920,5.5760,5.5850,2800
2007-12-19 18:24:00,5.5850,5.5910,5.5740,5.5830,28000
2007-12-19 18:18:00,5.5860,5.5920,5.5750,5.5850,25200
2007-12-19 18:16:00,5.5860,5.5920,5.5750,5.5850,13860
2007-12-19 18:15:00,5.5860,5.5910,5.5750,5.5830,26768
2007-12-19 18:14:00,5.5530,5.5910,5.5420,5.5830,133140
2007-12-19 18:13:00,5.5850,5.5950,5.5740,5.5830,304500
2007-12-19 18:12:00,5.5860,5.5920,5.5760,5.5840,10080
2007-12-19 18:09:00,5.5840,5.5900,5.5720,5.5820,49280
2007-12-19 18:08:00,5.5870,5.5920,5.5760,5.5850,2800
2007-12-19 18:05:00,5.5870,5.5920,5.5760,5.5850,5740
2007-12-19 18:04:00,5.5870,5.5920,5.5760,5.5850,4760
2007-12-19 18:03:00,5.5860,5.5920,5.5760,5.5850,16800
2007-12-19 18:02:00,5.5860,5.5920,5.5760,5.5840,8400
2007-12-19 18:01:00,5.5820,5.5880,5.5710,5.5800,2800
2007-12-19 18:00:00,5.5840,5.5890,5.5730,5.5820,2800
2007-12-19 17:59:00,5.5800,5.5860,5.5690,5.5780,10416
2007-12-19 17:57:00,5.5820,5.5880,5.5710,5.5800,14000
2007-12-19 17:56:00,5.5830,5.5890,5.5720,5.5810,47600
2007-12-19 17:55:00,5.5880,5.5940,5.5740,5.5830,14000
2007-12-19 17:53:00,5.5890,5.5950,5.5760,5.5840,17360
2007-12-19 17:52:00,5.5860,5.5920,5.5750,5.5840,4200
2007-12-19 17:50:00,5.5900,5.5950,5.5790,5.5880,5600
2007-12-19 17:49:00,5.5890,5.5950,5.5790,5.5870,8400
2007-12-19 17:47:00,5.5890,5.5990,5.5780,5.5910,14000
2007-12-19 17:46:00,5.5940,5.6010,5.5780,5.5920,98000
2007-12-19 17:45:00,5.5900,5.5960,5.5790,5.5880,14000
2007-12-19 17:43:00,5.5940,5.6020,5.5790,5.5880,39200
2007-12-19 17:41:00,5.5890,5.6000,5.5780,5.5920,14700
2007-12-19 17:40:00,5.5970,5.6030,5.5870,5.5950,19600
2007-12-19 17:39:00,5.5970,5.6060,5.5840,5.5970,33600
2007-12-19 17:38:00,5.5940,5.6060,5.5840,5.5950,78400
2007-12-19 17:37:00,5.5970,5.6030,5.5840,5.5930,28000
2007-12-19 17:36:00,5.5940,5.6000,5.5840,5.5920,11200
2007-12-19 17:35:00,5.5980,5.6060,5.5870,5.5950,205240
2007-12-19 17:34:00,5.6010,5.6080,5.5900,5.5990,131460
2007-12-19 17:33:00,5.5970,5.6050,5.5860,5.5970,55020
2007-12-19 17:32:00,5.5960,5.6030,5.5850,5.5940,14000
2007-12-19 17:30:00,5.5940,5.6000,5.5840,5.5920,8400
2007-12-19 17:29:00,5.5930,5.6000,5.5740,5.5920,173740
2007-12-19 17:28:00,5.5850,5.5980,5.5740,5.5900,42000
2007-12-19 17:27:00,5.5810,5.5880,5.5710,5.5800,47600
2007-12-19 17:26:00,5.5780,5.5850,5.5670,5.5770,90720
2007-12-19 17:25:00,5.5760,5.5830,5.5650,5.5760,36400
2007-12-19 17:24:00,5.5730,5.5810,5.5620,5.5740,134400
2007-12-19 17:23:00,5.5700,5.5770,5.5590,5.5700,49000
2007-12-19 17:22:00,5.5690,5.5750,5.5580,5.5680,39284
2007-12-19 17:21:00,5.5690,5.5750,5.5580,5.5660,39200
2007-12-19 17:20:00,5.5700,5.5750,5.5590,5.5680,14000
2007-12-19 17:19:00,5.5710,5.5760,5.5580,5.5670,154000
2007-12-19 17:18:00,5.5700,5.5760,5.5520,5.5680,141400
2007-12-19 17:17:00,5.5690,5.5740,5.5580,5.5670,4200
2007-12-19 17:16:00,5.5690,5.5740,5.5580,5.5670,2800
2007-12-19 17:13:00,5.5690,5.5750,5.5580,5.5670,17500
2007-12-19 17:12:00,5.5640,5.5700,5.5530,5.5620,26964
2007-12-19 17:11:00,5.5670,5.5730,5.5530,5.5620,34720
2007-12-19 17:10:00,5.5670,5.5760,5.5560,5.5670,18200
2007-12-19 17:09:00,5.5660,5.5720,5.5550,5.5650,129836
2007-12-19 17:08:00,5.5660,5.5710,5.5530,5.5620,14000
2007-12-19 17:07:00,5.5650,5.5700,5.5540,5.5630,28000
2007-12-19 17:05:00,5.5640,5.5710,5.5530,5.5640,159404
2007-12-19 17:04:00,5.5640,5.5700,5.5530,5.5620,140000
2007-12-19 17:03:00,5.5530,5.5690,5.5420,5.5610,136976
2007-12-19 17:02:00,5.5610,5.5680,5.5510,5.5600,14000
2007-12-19 17:01:00,5.5610,5.5670,5.5500,5.5590,8400
2007-12-19 16:56:00,5.5610,5.5660,5.5500,5.5590,2800
2007-12-19 16:55:00,5.5610,5.5660,5.5500,5.5590,2800
2007-12-19 16:54:00,5.5600,5.5660,5.5490,5.5590,14280
2007-12-19 16:53:00,5.5600,5.5660,5.5490,5.5580,4200
2007-12-19 16:49:00,5.5580,5.5640,5.5470,5.5560,28000
2007-12-19 16:47:00,5.5590,5.5670,5.5490,5.5590,12880
2007-12-19 16:42:00,5.5560,5.5620,5.5460,5.5540,8400
2007-12-19 16:41:00,5.5590,5.5650,5.5480,5.5570,5600
2007-12-19 16:40:00,5.5370,5.5430,5.5260,5.5350,9128
2007-12-19 16:38:00,5.5530,5.5580,5.5420,5.5500,187600
2007-12-19 16:37:00,5.5530,5.5620,5.5420,5.5540,103880
2007-12-19 16:36:00,5.5590,5.5640,5.5480,5.5570,16800
2007-12-19 16:34:00,5.5610,5.5670,5.5500,5.5590,2800
2007-12-19 16:33:00,5.5580,5.5640,5.5420,5.5500,47040
2007-12-19 16:32:00,5.5580,5.5640,5.5480,5.5560,2800
2007-12-19 16:31:00,5.5530,5.5580,5.5420,5.5500,26544
2007-12-19 16:25:00,5.5580,5.5680,5.5480,5.5600,95900
2007-12-19 16:23:00,5.5630,5.5680,5.5460,5.5540,12600
2007-12-19 16:22:00,5.5600,5.5720,5.5500,5.5640,47600
2007-12-19 16:21:00,5.5530,5.5640,5.5420,5.5560,277452
2007-12-19 16:20:00,5.5590,5.5650,5.5350,5.5500,50064
2007-12-19 16:18:00,5.5600,5.5660,5.5500,5.5590,5600
2007-12-19 16:17:00,5.5570,5.5630,5.5450,5.5530,27720
2007-12-19 16:16:00,5.5620,5.5670,5.5420,5.5560,277200
2007-12-19 16:15:00,5.5640,5.5730,5.5420,5.5500,88228
2007-12-19 16:14:00,5.5660,5.5710,5.5350,5.5430,85344
2007-12-19 16:13:00,5.5460,5.5740,5.5350,5.5660,82880
2007-12-19 16:12:00,5.5670,5.5730,5.5350,5.5430,78400
2007-12-19 16:11:00,5.5450,5.5710,5.5350,5.5630,11200
2007-12-19 16:09:00,5.5530,5.5740,5.5420,5.5660,337988
2007-12-19 16:08:00,5.5640,5.5730,5.5540,5.5650,56000
2007-12-19 16:07:00,5.5630,5.5710,5.5350,5.5620,271488
2007-12-19 16:06:00,5.5650,5.5730,5.5500,5.5590,65800
2007-12-19 16:05:00,5.5580,5.5670,5.5470,5.5590,67732
2007-12-19 16:04:00,5.5560,5.5620,5.5420,5.5550,618856
2007-12-19 16:03:00,5.5560,5.5620,5.5420,5.5540,158200
2007-12-19 16:02:00,5.5520,5.5600,5.5400,5.5530,22400
2007-12-19 16:01:00,5.5540,5.5700,5.5390,5.5630,126616
2007-12-19 16:00:00,5.5490,5.5600,5.5380,5.5500,11711056
2007-12-19 15:59:00,5.5540,5.5610,5.5380,5.5480,6122172
2007-12-19 15:58:00,5.5550,5.5610,5.5390,5.5520,3132668
2007-12-19 15:57:00,5.5550,5.5620,5.5410,5.5530,1727936
2007-12-19 15:56:00,5.5540,5.5630,5.5420,5.5530,1463364
2007-12-19 15:55:00,5.5520,5.5640,5.5410,5.5520,1641500
2007-12-19 15:54:00,5.5540,5.5650,5.5380,5.5500,3072860
2007-12-19 15:53:00,5.5550,5.5650,5.5410,5.5520,1974112
2007-12-19 15:52:00,5.5560,5.5650,5.5440,5.5530,2220008
2007-12-19 15:51:00,5.5550,5.5670,5.5430,5.5540,2692312
2007-12-19 15:50:00,5.5500,5.5660,5.5390,5.5530,2900800
2007-12-19 15:49:00,5.5630,5.5680,5.5380,5.5470,3986192
2007-12-19 15:48:00,5.5590,5.5690,5.5460,5.5600,1520988
2007-12-19 15:47:00,5.5630,5.5700,5.5480,5.5570,1984724
2007-12-19 15:46:00,5.5650,5.5710,5.5510,5.5600,1208060
2007-12-19 15:45:00,5.5670,5.5730,5.5530,5.5640,1224916
2007-12-19 15:44:00,5.5660,5.5760,5.5550,5.5650,1162812
2007-12-19 15:43:00,5.5700,5.5780,5.5550,5.5650,1455244
2007-12-19 15:42:00,5.5690,5.5790,5.5580,5.5680,1509788
2007-12-19 15:41:00,5.5720,5.5780,5.5570,5.5670,1224384
2007-12-19 15:40:00,5.5750,5.5810,5.5580,5.5690,1609608
2007-12-19 15:39:00,5.5730,5.5830,5.5590,5.5730,2518544
2007-12-19 15:38:00,5.5730,5.5800,5.5590,5.5700,1163680
2007-12-19 15:37:00,5.5720,5.5790,5.5580,5.5710,1193892
2007-12-19 15:36:00,5.5720,5.5810,5.5600,5.5700,2067576
2007-12-19 15:35:00,5.5710,5.5830,5.5590,5.5700,4608716
2007-12-19 15:34:00,5.5660,5.5780,5.5550,5.5690,1787408
2007-12-19 15:33:00,5.5630,5.5730,5.5520,5.5650,1486800
2007-12-19 15:32:00,5.5620,5.5740,5.5500,5.5620,1752156
2007-12-19 15:31:00,5.5560,5.5690,5.5450,5.5590,819224
2007-12-19 15:30:00,5.5610,5.5700,5.5430,5.5530,1212092
2007-12-19 15:29:00,5.5630,5.5710,5.5470,5.5590,2149924
2007-12-19 15:28:00,5.5560,5.5700,5.5440,5.5600,2251732
2007-12-19 15:27:00,5.5540,5.5650,5.5410,5.5540,2319492
2007-12-19 15:26:00,5.5620,5.5680,5.5430,5.5520,1532244
2007-12-19 15:25:00,5.5660,5.5750,5.5490,5.5590,1371804
2007-12-19 15:24:00,5.5560,5.5720,5.5450,5.5630,2194976
2007-12-19 15:23:00,5.5660,5.5730,5.5430,5.5540,4048604
2007-12-19 15:22:00,5.5730,5.5790,5.5550,5.5640,1704444
2007-12-19 15:21:00,5.5760,5.5850,5.5610,5.5700,1980496
2007-12-19 15:20:00,5.5740,5.5820,5.5610,5.5740,1033116
2007-12-19 15:19:00,5.5740,5.5840,5.5620,5.5720,907900
2007-12-19 15:18:00,5.5680,5.5840,5.5570,5.5720,2164120
2007-12-19 15:17:00,5.5710,5.5780,5.5570,5.5670,731640
2007-12-19 15:16:00,5.5660,5.5770,5.5530,5.5690,866600
2007-12-19 15:15:00,5.5710,5.5770,5.5540,5.5640,813764
2007-12-19 15:14:00,5.5660,5.5770,5.5550,5.5680,1033200
2007-12-19 15:13:00,5.5650,5.5790,5.5510,5.5640,2625756
2007-12-19 15:12:00,5.5620,5.5750,5.5500,5.5630,2245572
2007-12-19 15:11:00,5.5620,5.5700,5.5500,5.5600,759500
2007-12-19 15:10:00,5.5630,5.5710,5.5490,5.5600,2394616
2007-12-19 15:09:00,5.5620,5.5720,5.5490,5.5610,1830864
2007-12-19 15:08:00,5.5650,5.5720,5.5490,5.5600,2455292
2007-12-19 15:07:00,5.5690,5.5790,5.5530,5.5630,2209676
2007-12-19 15:06:00,5.5730,5.5790,5.5560,5.5670,1579004
2007-12-19 15:05:00,5.5770,5.5820,5.5580,5.5700,1609468
2007-12-19 15:04:00,5.5740,5.5840,5.5630,5.5740,1277584
2007-12-19 15:03:00,5.5770,5.5860,5.5620,5.5710,2174564
2007-12-19 15:02:00,5.5720,5.5860,5.5600,5.5750,2697632
2007-12-19 15:01:00,5.5740,5.5820,5.5610,5.5700,1454824
2007-12-19 15:00:00,5.5720,5.5840,5.5610,5.5720,1431192
2007-12-19 14:59:00,5.5680,5.5800,5.5570,5.5710,1229788
2007-12-19 14:58:00,5.5790,5.5850,5.5570,5.5670,3831940
2007-12-19 14:57:00,5.5830,5.5890,5.5660,5.5770,3084816
2007-12-19 14:56:00,5.5870,5.5950,5.5720,5.5810,1976492
2007-12-19 14:55:00,5.5800,5.5940,5.5690,5.5850,2663948
2007-12-19 14:54:00,5.5830,5.5900,5.5680,5.5780,1134112
2007-12-19 14:53:00,5.5740,5.5940,5.5630,5.5810,2880528
2007-12-19 14:52:00,5.5760,5.5860,5.5610,5.5710,1834336
2007-12-19 14:51:00,5.5760,5.5850,5.5520,5.5750,1706852
2007-12-19 14:50:00,5.5740,5.5820,5.5610,5.5730,1620892
2007-12-19 14:49:00,5.5730,5.5810,5.5590,5.5720,1997352
2007-12-19 14:48:00,5.5760,5.5830,5.5620,5.5710,1679328
2007-12-19 14:47:00,5.5760,5.5820,5.5630,5.5730,4447240
2007-12-19 14:46:00,5.5770,5.5840,5.5610,5.5740,1934884
2007-12-19 14:45:00,5.5790,5.5870,5.5640,5.5750,3664752
2007-12-19 14:44:00,5.5800,5.5870,5.5670,5.5770,2800224
2007-12-19 14:43:00,5.5760,5.5880,5.5640,5.5780,5157712
2007-12-19 14:42:00,5.5750,5.5830,5.5630,5.5760,1563856
2007-12-19 14:41:00,5.5720,5.5810,5.5610,5.5730,1891232
2007-12-19 14:40:00,5.5720,5.5790,5.5570,5.5700,1422456
2007-12-19 14:39:00,5.5760,5.5820,5.5560,5.5700,1856652
2007-12-19 14:38:00,5.5770,5.5830,5.5640,5.5740,1251600
2007-12-19 14:37:00,5.5760,5.5840,5.5640,5.5750,2023560
2007-12-19 14:36:00,5.5740,5.5840,5.5620,5.5740,2546236
2007-12-19 14:35:00,5.5690,5.5810,5.5570,5.5720,1873760
2007-12-19 14:34:00,5.5710,5.5780,5.5560,5.5670,2892960
2007-12-19 14:33:00,5.5690,5.5800,5.5580,5.5690,2076340
2007-12-19 14:32:00,5.5670,5.5790,5.5560,5.5670,2544164
2007-12-19 14:31:00,5.5720,5.5780,5.5550,5.5640,1634024
2007-12-19 14:30:00,5.5680,5.5780,5.5550,5.5690,2326464
2007-12-19 14:29:00,5.5680,5.5770,5.5560,5.5660,2596244
2007-12-19 14:28:00,5.5730,5.5800,5.5560,5.5660,2734620
2007-12-19 14:27:00,5.5600,5.5810,5.5490,5.5720,3435348
2007-12-19 14:26:00,5.5620,5.5710,5.5490,5.5580,1289932
2007-12-19 14:25:00,5.5680,5.5750,5.5510,5.5600,2522744
2007-12-19 14:24:00,5.5610,5.5760,5.5500,5.5660,2082556
2007-12-19 14:23:00,5.5670,5.5750,5.5500,5.5600,2962344
2007-12-19 14:22:00,5.5560,5.5730,5.5450,5.5640,2860116
2007-12-19 14:21:00,5.5530,5.5710,5.5400,5.5540,2055788
2007-12-19 14:20:00,5.5530,5.5640,5.5410,5.5520,2123604
2007-12-19 14:19:00,5.5490,5.5610,5.5380,5.5520,3164980
2007-12-19 14:18:00,5.5520,5.5610,5.5380,5.5480,2324252
2007-12-19 14:17:00,5.5520,5.5620,5.5330,5.5510,2953580
2007-12-19 14:16:00,5.5500,5.5590,5.5380,5.5500,1745660
2007-12-19 14:15:00,5.5460,5.5640,5.5350,5.5490,3707788
2007-12-19 14:14:00,5.5510,5.5590,5.5330,5.5430,1855980
2007-12-19 14:13:00,5.5430,5.5610,5.5250,5.5490,5342008
2007-12-19 14:12:00,5.5280,5.5490,5.5170,5.5410,4014248
2007-12-19 14:11:00,5.5220,5.5340,5.5100,5.5260,1866312
2007-12-19 14:10:00,5.5260,5.5320,5.5090,5.5200,1093596
2007-12-19 14:09:00,5.5240,5.5330,5.5120,5.5230,683984
2007-12-19 14:08:00,5.5250,5.5330,5.5110,5.5220,1419040
2007-12-19 14:07:00,5.5250,5.5330,5.5090,5.5230,1144164
2007-12-19 14:06:00,5.5170,5.5320,5.5070,5.5230,1770776
2007-12-19 14:05:00,5.5180,5.5270,5.5050,5.5150,1080324
2007-12-19 14:04:00,5.5220,5.5300,5.5050,5.5160,1500072
2007-12-19 14:03:00,5.5200,5.5300,5.5070,5.5190,1947932
2007-12-19 14:02:00,5.5090,5.5260,5.4980,5.5180,1830304
2007-12-19 14:01:00,5.5080,5.5160,5.4960,5.5070,1194760
2007-12-19 14:00:00,5.5010,5.5140,5.4890,5.5050,1318996
2007-12-19 13:59:00,5.5060,5.5130,5.4890,5.4990,939344
2007-12-19 13:58:00,5.5080,5.5170,5.4940,5.5040,1073688
2007-12-19 13:57:00,5.5080,5.5170,5.4940,5.5060,1060836
2007-12-19 13:56:00,5.5070,5.5160,5.4940,5.5060,991144
2007-12-19 13:55:00,5.5060,5.5130,5.4940,5.5050,2001720
2007-12-19 13:54:00,5.5060,5.5140,5.4920,5.5040,857780
2007-12-19 13:53:00,5.5040,5.5120,5.4890,5.5040,874860
2007-12-19 13:52:00,5.4960,5.5100,5.4850,5.5010,734972
2007-12-19 13:51:00,5.5000,5.5080,5.4840,5.4920,881020
2007-12-19 13:50:00,5.5050,5.5110,5.4860,5.4980,1071644
2007-12-19 13:49:00,5.5050,5.5130,5.4930,5.5030,983500
2007-12-19 13:48:00,5.5010,5.5100,5.4890,5.5030,1319220
2007-12-19 13:47:00,5.4990,5.5090,5.4830,5.4980,1899324
2007-12-19 13:46:00,5.5150,5.5240,5.4860,5.4960,3290056
2007-12-19 13:45:00,5.5260,5.5320,5.5000,5.5120,1662668
2007-12-19 13:44:00,5.5250,5.5320,5.5120,5.5240,400120
2007-12-19 13:43:00,5.5220,5.5320,5.5120,5.5230,820316
2007-12-19 13:42:00,5.5220,5.5300,5.5110,5.5210,828044
2007-12-19 13:41:00,5.5220,5.5290,5.5090,5.5210,547148
2007-12-19 13:40:00,5.5230,5.5320,5.5100,5.5210,995092
2007-12-19 13:39:00,5.5180,5.5290,5.5050,5.5190,864472
2007-12-19 13:38:00,5.5130,5.5270,5.5020,5.5150,1469692
2007-12-19 13:37:00,5.5080,5.5210,5.4970,5.5120,947072
2007-12-19 13:36:00,5.5100,5.5160,5.4940,5.5060,712712
2007-12-19 13:35:00,5.5090,5.5170,5.4950,5.5080,579600
2007-12-19 13:34:00,5.5080,5.5170,5.4950,5.5070,889504
2007-12-19 13:33:00,5.5130,5.5180,5.4950,5.5050,1024380
2007-12-19 13:32:00,5.5130,5.5210,5.5000,5.5110,492856
2007-12-19 13:31:00,5.5100,5.5200,5.4970,5.5120,661192
2007-12-19 13:30:00,5.5160,5.5220,5.4970,5.5080,846720
2007-12-19 13:29:00,5.5130,5.5220,5.4980,5.5120,1335152
2007-12-19 13:28:00,5.5170,5.5240,5.5020,5.5110,744016
2007-12-19 13:27:00,5.5250,5.5300,5.5050,5.5160,1102024
2007-12-19 13:26:00,5.5230,5.5300,5.5120,5.5230,244300
2007-12-19 13:25:00,5.5220,5.5290,5.5080,5.5210,366744
2007-12-19 13:24:00,5.5230,5.5280,5.5050,5.5200,1479044
2007-12-19 13:23:00,5.5220,5.5300,5.5110,5.5200,496132
2007-12-19 13:22:00,5.5270,5.5330,5.5110,5.5200,925932
2007-12-19 13:21:00,5.5290,5.5370,5.5160,5.5260,383320
2007-12-19 13:20:00,5.5280,5.5350,5.5150,5.5260,510356
2007-12-19 13:19:00,5.5280,5.5360,5.5150,5.5260,383600
2007-12-19 13:18:00,5.5310,5.5370,5.5120,5.5250,816172
2007-12-19 13:17:00,5.5330,5.5410,5.5200,5.5290,686392
2007-12-19 13:16:00,5.5340,5.5390,5.5170,5.5320,791280
2007-12-19 13:15:00,5.5300,5.5390,5.5170,5.5310,767424
2007-12-19 13:14:00,5.5290,5.5380,5.5180,5.5270,1114876
2007-12-19 13:13:00,5.5230,5.5360,5.5130,5.5250,1205232
2007-12-19 13:12:00,5.5220,5.5290,5.5110,5.5200,287896
2007-12-19 13:11:00,5.5230,5.5290,5.5100,5.5200,582064
2007-12-19 13:10:00,5.5260,5.5340,5.5100,5.5210,817432
2007-12-19 13:09:00,5.5260,5.5340,5.5110,5.5230,1657880
2007-12-19 13:08:00,5.5230,5.5310,5.5110,5.5230,243600
2007-12-19 13:07:00,5.5210,5.5310,5.5100,5.5200,500864
2007-12-19 13:06:00,5.5210,5.5300,5.5090,5.5180,560000
2007-12-19 13:05:00,5.5230,5.5310,5.5090,5.5190,516600
2007-12-19 13:04:00,5.5240,5.5300,5.5070,5.5200,923216
2007-12-19 13:03:00,5.5250,5.5310,5.5090,5.5220,879788
2007-12-19 13:02:00,5.5160,5.5310,5.5040,5.5220,1607340
2007-12-19 13:01:00,5.5220,5.5280,5.5040,5.5160,2053072
2007-12-19 13:00:00,5.5270,5.5340,5.5080,5.5200,2018100
2007-12-19 12:59:00,5.5280,5.5340,5.5130,5.5260,748664
2007-12-19 12:58:00,5.5290,5.5360,5.5150,5.5240,799428
2007-12-19 12:57:00,5.5300,5.5370,5.5170,5.5260,677376
2007-12-19 12:56:00,5.5330,5.5390,5.5170,5.5270,1276884
2007-12-19 12:55:00,5.5340,5.5410,5.5200,5.5310,1572592
2007-12-19 12:54:00,5.5350,5.5410,5.5200,5.5320,1317120
2007-12-19 12:53:00,5.5310,5.5420,5.5200,5.5330,2069368
2007-12-19 12:52:00,5.5260,5.5370,5.5160,5.5290,814072
2007-12-19 12:51:00,5.5300,5.5370,5.5150,5.5250,808920
2007-12-19 12:50:00,5.5270,5.5370,5.5120,5.5290,1665104
2007-12-19 12:49:00,5.5220,5.5340,5.5090,5.5260,1550108
2007-12-19 12:48:00,5.5210,5.5290,5.5090,5.5210,1381660
2007-12-19 12:47:00,5.5190,5.5270,5.5050,5.5190,665840
2007-12-19 12:46:00,5.5190,5.5260,5.5040,5.5150,862652
2007-12-19 12:45:00,5.5140,5.5280,5.5030,5.5180,1079848
2007-12-19 12:44:00,5.5160,5.5220,5.5020,5.5120,526540
2007-12-19 12:43:00,5.5140,5.5230,5.4990,5.5140,1270332
2007-12-19 12:42:00,5.5060,5.5220,5.4940,5.5120,1490076
2007-12-19 12:41:00,5.5110,5.5200,5.4940,5.5040,1446508
2007-12-19 12:40:00,5.5170,5.5240,5.4940,5.5090,1351448
2007-12-19 12:39:00,5.5270,5.5330,5.5050,5.5140,1408820
2007-12-19 12:38:00,5.5240,5.5340,5.5130,5.5260,1564724
2007-12-19 12:37:00,5.5190,5.5290,5.5080,5.5220,936768
2007-12-19 12:36:00,5.5150,5.5270,5.5040,5.5180,1678180
2007-12-19 12:35:00,5.5160,5.5230,5.5020,5.5120,678216
2007-12-19 12:34:00,5.5150,5.5230,5.5000,5.5150,997416
2007-12-19 12:33:00,5.5180,5.5240,5.4990,5.5130,2122316
2007-12-19 12:32:00,5.5200,5.5290,5.5050,5.5160,2116464
2007-12-19 12:31:00,5.5250,5.5310,5.5090,5.5180,904148
2007-12-19 12:30:00,5.5300,5.5360,5.5120,5.5230,1877708
2007-12-19 12:29:00,5.5330,5.5390,5.5190,5.5280,1100232
2007-12-19 12:28:00,5.5260,5.5390,5.5150,5.5310,1448832
2007-12-19 12:27:00,5.5310,5.5360,5.5150,5.5240,823200
2007-12-19 12:26:00,5.5300,5.5360,5.5120,5.5280,1982652
2007-12-19 12:25:00,5.5290,5.5370,5.5160,5.5280,1668352
2007-12-19 12:24:00,5.5280,5.5390,5.5150,5.5270,2433872
2007-12-19 12:23:00,5.5190,5.5360,5.5090,5.5260,3705772
2007-12-19 12:22:00,5.5160,5.5240,5.5050,5.5160,1580684
2007-12-19 12:21:00,5.5080,5.5230,5.4980,5.5130,1607004
2007-12-19 12:20:00,5.5050,5.5160,5.4950,5.5060,617400
2007-12-19 12:19:00,5.5100,5.5160,5.4940,5.5050,1351140
2007-12-19 12:18:00,5.5100,5.5170,5.4980,5.5080,683200
2007-12-19 12:17:00,5.5100,5.5180,5.4990,5.5070,1010296
2007-12-19 12:16:00,5.5120,5.5190,5.4980,5.5100,1296512
2007-12-19 12:15:00,5.5140,5.5220,5.4980,5.5090,1880648
2007-12-19 12:14:00,5.5110,5.5230,5.4980,5.5120,1361164
2007-12-19 12:13:00,5.5090,5.5170,5.4960,5.5090,1490524
2007-12-19 12:12:00,5.5080,5.5150,5.4930,5.5070,2066008
2007-12-19 12:11:00,5.5020,5.5130,5.4900,5.5060,1541456
2007-12-19 12:10:00,5.4980,5.5100,5.4860,5.4990,1257788
2007-12-19 12:09:00,5.4970,5.5040,5.4820,5.4960,1128316
2007-12-19 12:08:00,5.4990,5.5060,5.4850,5.4950,981988
2007-12-19 12:07:00,5.5000,5.5060,5.4860,5.4970,1308300
2007-12-19 12:06:00,5.5060,5.5120,5.4860,5.4980,1441048
2007-12-19 12:05:00,5.5100,5.5180,5.4930,5.5040,2597924
2007-12-19 12:04:00,5.5000,5.5170,5.4870,5.5070,2444372
2007-12-19 12:03:00,5.4990,5.5070,5.4860,5.4980,1772316
2007-12-19 12:02:00,5.4980,5.5060,5.4830,5.4970,2545172
2007-12-19 12:01:00,5.4960,5.5040,5.4810,5.4960,1876364
2007-12-19 12:00:00,5.4980,5.5030,5.4750,5.4940,3251416
2007-12-19 11:59:00,5.4970,5.5060,5.4830,5.4950,1389612
2007-12-19 11:58:00,5.4940,5.5070,5.4810,5.4960,2035180
2007-12-19 11:57:00,5.4910,5.5030,5.4780,5.4930,1902152
2007-12-19 11:56:00,5.4950,5.5040,5.4760,5.4880,2463160
2007-12-19 11:55:00,5.5030,5.5090,5.4830,5.4930,1734628
2007-12-19 11:54:00,5.5030,5.5090,5.4910,5.5010,1254260
2007-12-19 11:53:00,5.5000,5.5100,5.4900,5.5010,1490664
2007-12-19 11:52:00,5.5030,5.5090,5.4890,5.4980,1378272
2007-12-19 11:51:00,5.5040,5.5120,5.4910,5.5010,1948716
2007-12-19 11:50:00,5.5080,5.5200,5.4940,5.5030,1226428
2007-12-19 11:49:00,5.5170,5.5230,5.4960,5.5060,1416436
2007-12-19 11:48:00,5.5050,5.5230,5.4940,5.5150,1677648
2007-12-19 11:47:00,5.5040,5.5130,5.4930,5.5020,480564
2007-12-19 11:46:00,5.5080,5.5140,5.4930,5.5020,946232
2007-12-19 11:45:00,5.5100,5.5170,5.4950,5.5050,1271172
2007-12-19 11:44:00,5.5080,5.5160,5.4930,5.5080,1279124
2007-12-19 11:43:00,5.5100,5.5190,5.4930,5.5070,1993824
2007-12-19 11:42:00,5.5080,5.5210,5.4970,5.5080,1463924
2007-12-19 11:41:00,5.5120,5.5170,5.4960,5.5060,1662640
2007-12-19 11:40:00,5.5150,5.5220,5.4980,5.5090,2144912
2007-12-19 11:39:00,5.5080,5.5220,5.4950,5.5130,2091348
2007-12-19 11:38:00,5.5070,5.5170,5.4930,5.5060,2280376
2007-12-19 11:37:00,5.5040,5.5140,5.4910,5.5060,2690884
2007-12-19 11:36:00,5.4980,5.5100,5.4870,5.5010,2372944
2007-12-19 11:35:00,5.4870,5.5040,5.4760,5.4960,2453052
2007-12-19 11:34:00,5.4920,5.4990,5.4750,5.4860,4030292
2007-12-19 11:33:00,5.4970,5.5060,5.4800,5.4910,3202248
2007-12-19 11:32:00,5.4910,5.5020,5.4790,5.4950,2885036
2007-12-19 11:31:00,5.4990,5.5050,5.4780,5.4890,2836708
2007-12-19 11:30:00,5.4940,5.5060,5.4810,5.4980,1692572
2007-12-19 11:29:00,5.4990,5.5050,5.4810,5.4910,1841336
2007-12-19 11:28:00,5.5030,5.5100,5.4870,5.4970,2120860
2007-12-19 11:27:00,5.5090,5.5150,5.4870,5.5010,2261392
2007-12-19 11:26:00,5.5080,5.5160,5.4950,5.5070,1426040
2007-12-19 11:25:00,5.5140,5.5210,5.4960,5.5060,1879108
2007-12-19 11:24:00,5.5070,5.5210,5.4900,5.5130,3275244
2007-12-19 11:23:00,5.4950,5.5130,5.4820,5.5040,5108544
2007-12-19 11:22:00,5.5030,5.5110,5.4850,5.4940,4863544
2007-12-19 11:21:00,5.5120,5.5210,5.4930,5.5010,3981516
2007-12-19 11:20:00,5.5160,5.5250,5.5000,5.5130,3350508
2007-12-19 11:19:00,5.5280,5.5360,5.5050,5.5150,2749152
2007-12-19 11:18:00,5.5150,5.5340,5.5030,5.5250,3528868
2007-12-19 11:17:00,5.5260,5.5340,5.5030,5.5130,4343500
2007-12-19 11:16:00,5.5230,5.5330,5.5080,5.5240,2926952
2007-12-19 11:15:00,5.5220,5.5320,5.5100,5.5220,1591828
2007-12-19 11:14:00,5.5320,5.5380,5.5110,5.5200,2255120
2007-12-19 11:13:00,5.5330,5.5400,5.5170,5.5290,1199268
2007-12-19 11:12:00,5.5350,5.5410,5.5220,5.5300,956004
2007-12-19 11:11:00,5.5280,5.5410,5.5170,5.5330,2122764
2007-12-19 11:10:00,5.5220,5.5360,5.5100,5.5260,1435924
2007-12-19 11:09:00,5.5260,5.5320,5.5080,5.5200,3464496
2007-12-19 11:08:00,5.5340,5.5390,5.5150,5.5250,1602748
2007-12-19 11:07:00,5.5320,5.5400,5.5170,5.5320,1779008
2007-12-19 11:06:00,5.5330,5.5400,5.5190,5.5300,2278752
2007-12-19 11:05:00,5.5360,5.5420,5.5220,5.5300,2660056
2007-12-19 11:04:00,5.5390,5.5440,5.5250,5.5340,1017968
2007-12-19 11:03:00,5.5410,5.5470,5.5250,5.5370,1932224
2007-12-19 11:02:00,5.5390,5.5480,5.5270,5.5390,1919652
2007-12-19 11:01:00,5.5380,5.5470,5.5270,5.5370,1217692
2007-12-19 11:00:00,5.5420,5.5480,5.5270,5.5360,1790992
2007-12-19 10:59:00,5.5420,5.5480,5.5300,5.5400,487844
2007-12-19 10:58:00,5.5440,5.5500,5.5260,5.5400,1755124
2007-12-19 10:57:00,5.5350,5.5510,5.5230,5.5420,1640520
2007-12-19 10:56:00,5.5380,5.5470,5.5230,5.5320,1979124
2007-12-19 10:55:00,5.5440,5.5520,5.5260,5.5350,2151800
2007-12-19 10:54:00,5.5430,5.5530,5.5300,5.5420,2043468
2007-12-19 10:53:00,5.5400,5.5540,5.5280,5.5410,2494968
2007-12-19 10:52:00,5.5370,5.5470,5.5220,5.5380,2771076
2007-12-19 10:51:00,5.5470,5.5530,5.5230,5.5360,2862804
2007-12-19 10:50:00,5.5520,5.5640,5.5360,5.5450,2137912
2007-12-19 10:49:00,5.5590,5.5650,5.5390,5.5490,1895404
2007-12-19 10:48:00,5.5580,5.5670,5.5440,5.5560,2176692
2007-12-19 10:47:00,5.5580,5.5670,5.5460,5.5560,2476768
2007-12-19 10:46:00,5.5600,5.5710,5.5470,5.5570,2390864
2007-12-19 10:45:00,5.5550,5.5670,5.5410,5.5580,1757728
2007-12-19 10:44:00,5.5460,5.5690,5.5340,5.5530,4617956
2007-12-19 10:43:00,5.5440,5.5510,5.5310,5.5440,2491412
2007-12-19 10:42:00,5.5470,5.5540,5.5300,5.5410,4002124
2007-12-19 10:41:00,5.5430,5.5540,5.5320,5.5450,3345804
2007-12-19 10:40:00,5.5470,5.5540,5.5290,5.5410,3111388
2007-12-19 10:39:00,5.5570,5.5630,5.5350,5.5450,3272024
2007-12-19 10:38:00,5.5600,5.5670,5.5420,5.5550,3525480
2007-12-19 10:37:00,5.5640,5.5710,5.5490,5.5570,2224824
2007-12-19 10:36:00,5.5620,5.5700,5.5480,5.5610,2328284
2007-12-19 10:35:00,5.5690,5.5770,5.5470,5.5600,2819152
2007-12-19 10:34:00,5.5750,5.5810,5.5570,5.5670,1677144
2007-12-19 10:33:00,5.5760,5.5850,5.5620,5.5730,1944208
2007-12-19 10:32:00,5.5740,5.5830,5.5630,5.5730,796180
2007-12-19 10:31:00,5.5780,5.5840,5.5620,5.5720,908292
2007-12-19 10:30:00,5.5780,5.5850,5.5640,5.5750,1194032
2007-12-19 10:29:00,5.5700,5.5850,5.5580,5.5760,1741684
2007-12-19 10:28:00,5.5740,5.5810,5.5590,5.5680,2093392
2007-12-19 10:27:00,5.5760,5.5830,5.5610,5.5720,2432248
2007-12-19 10:26:00,5.5790,5.5880,5.5640,5.5740,3394776
2007-12-19 10:25:00,5.5790,5.5850,5.5670,5.5770,1720572
2007-12-19 10:24:00,5.5770,5.5860,5.5640,5.5770,3204908
2007-12-19 10:23:00,5.5650,5.5830,5.5530,5.5750,3677772
2007-12-19 10:22:00,5.5550,5.5710,5.5410,5.5640,1993376
2007-12-19 10:21:00,5.5630,5.5690,5.5410,5.5550,4105864
2007-12-19 10:20:00,5.5590,5.5700,5.5470,5.5600,2592156
2007-12-19 10:19:00,5.5620,5.5760,5.5480,5.5570,3206868
2007-12-19 10:18:00,5.5670,5.5730,5.5440,5.5600,3352860
2007-12-19 10:17:00,5.5700,5.5750,5.5550,5.5650,2282672
2007-12-19 10:16:00,5.5740,5.5810,5.5590,5.5680,1973860
2007-12-19 10:15:00,5.5670,5.5800,5.5570,5.5720,1833244
2007-12-19 10:14:00,5.5660,5.5780,5.5540,5.5660,2106160
2007-12-19 10:13:00,5.5670,5.5740,5.5500,5.5640,2405340
2007-12-19 10:12:00,5.5770,5.5840,5.5550,5.5650,4104436
2007-12-19 10:11:00,5.5780,5.5860,5.5630,5.5750,2378040
2007-12-19 10:10:00,5.5820,5.5890,5.5660,5.5760,3663716
2007-12-19 10:09:00,5.5930,5.6000,5.5700,5.5800,3496304
2007-12-19 10:08:00,5.5950,5.6040,5.5820,5.5910,4125716
2007-12-19 10:07:00,5.5900,5.6020,5.5800,5.5920,2765280
2007-12-19 10:06:00,5.5930,5.6020,5.5790,5.5890,3806516
2007-12-19 10:05:00,5.5820,5.5980,5.5690,5.5900,3353896
2007-12-19 10:04:00,5.5840,5.5920,5.5680,5.5790,2493148
2007-12-19 10:03:00,5.5780,5.5920,5.5660,5.5820,3644004
2007-12-19 10:02:00,5.5830,5.5930,5.5650,5.5750,4212012
2007-12-19 10:01:00,5.5770,5.5920,5.5610,5.5820,5695228
2007-12-19 10:00:00,5.5700,5.5840,5.5560,5.5750,5103168
2007-12-19 09:59:00,5.5600,5.5750,5.5470,5.5670,2296728
2007-12-19 09:58:00,5.5630,5.5690,5.5460,5.5570,2810276
2007-12-19 09:57:00,5.5650,5.5770,5.5500,5.5600,2328004
2007-12-19 09:56:00,5.5630,5.5770,5.5520,5.5630,2502416
2007-12-19 09:55:00,5.5600,5.5720,5.5470,5.5610,3326680
2007-12-19 09:54:00,5.5600,5.5690,5.5450,5.5560,2696400
2007-12-19 09:53:00,5.5670,5.5750,5.5450,5.5590,3950688
2007-12-19 09:52:00,5.5620,5.5730,5.5480,5.5630,2280712
2007-12-19 09:51:00,5.5710,5.5780,5.5490,5.5590,2966488
2007-12-19 09:50:00,5.5710,5.5790,5.5560,5.5680,2391928
2007-12-19 09:49:00,5.5770,5.5830,5.5570,5.5700,3257856
2007-12-19 09:48:00,5.5640,5.5880,5.5520,5.5750,6782076
2007-12-19 09:47:00,5.5480,5.5700,5.5370,5.5620,4426520
2007-12-19 09:46:00,5.5410,5.5580,5.5280,5.5460,4302004
2007-12-19 09:45:00,5.5490,5.5580,5.5290,5.5400,3199364
2007-12-19 09:44:00,5.5540,5.5590,5.5360,5.5480,2834748
2007-12-19 09:43:00,5.5460,5.5600,5.5230,5.5520,3159436
2007-12-19 09:42:00,5.5470,5.5580,5.5320,5.5430,3087196
2007-12-19 09:41:00,5.5550,5.5600,5.5350,5.5460,2970800
2007-12-19 09:40:00,5.5580,5.5690,5.5390,5.5530,3761044
2007-12-19 09:39:00,5.5430,5.5710,5.5210,5.5560,5684140
2007-12-19 09:38:00,5.5370,5.5510,5.5220,5.5410,4055800
2007-12-19 09:37:00,5.5220,5.5420,5.5080,5.5330,4882696
2007-12-19 09:36:00,5.5190,5.5370,5.5060,5.5200,4550252
2007-12-19 09:35:00,5.5360,5.5450,5.5050,5.5170,6255900
2007-12-19 09:34:00,5.5630,5.5740,5.5240,5.5340,6211856
2007-12-19 09:33:00,5.5700,5.5770,5.5510,5.5610,2953636
2007-12-19 09:32:00,5.5740,5.5830,5.5560,5.5680,4127900
2007-12-19 09:31:00,5.5670,5.5790,5.5500,5.5710,3891440
2007-12-19 09:30:00,5.5480,5.5730,5.5370,5.5650,6007232
2007-12-19 09:29:00,5.5470,5.5540,5.5330,5.5470,282800
2007-12-19 09:28:00,5.5430,5.5530,5.5320,5.5450,64400
2007-12-19 09:27:00,5.5420,5.5530,5.5320,5.5450,27328
2007-12-19 09:26:00,5.5470,5.5560,5.5360,5.5480,56868
2007-12-19 09:25:00,5.5440,5.5530,5.5330,5.5450,39200
2007-12-19 09:24:00,5.5410,5.5470,5.5310,5.5400,16800
2007-12-19 09:23:00,5.5450,5.5530,5.5330,5.5420,35700
2007-12-19 09:22:00,5.5460,5.5520,5.5350,5.5440,25200
2007-12-19 09:21:00,5.5490,5.5540,5.5370,5.5450,8400
2007-12-19 09:20:00,5.5490,5.5540,5.5380,5.5470,12600
2007-12-19 09:19:00,5.5520,5.5580,5.5400,5.5500,160272
2007-12-19 09:18:00,5.5540,5.5610,5.5400,5.5530,45528
2007-12-19 09:17:00,5.5540,5.5610,5.5430,5.5530,5600
2007-12-19 09:16:00,5.5520,5.5580,5.5400,5.5500,44856
2007-12-19 09:15:00,5.5520,5.5580,5.5410,5.5500,56700
2007-12-19 09:14:00,5.5540,5.5610,5.5430,5.5530,60256
2007-12-19 09:13:00,5.5540,5.5600,5.5430,5.5520,8400
2007-12-19 09:12:00,5.5540,5.5600,5.5430,5.5520,42000
2007-12-19 09:11:00,5.5510,5.5600,5.5400,5.5520,32816
2007-12-19 09:10:00,5.5510,5.5560,5.5400,5.5490,2800
2007-12-19 09:09:00,5.5560,5.5620,5.5400,5.5480,128800
2007-12-19 09:08:00,5.5590,5.5650,5.5480,5.5570,5600
2007-12-19 09:07:00,5.5560,5.5650,5.5450,5.5570,79380
2007-12-19 09:06:00,5.5530,5.5660,5.5420,5.5580,81732
2007-12-19 09:05:00,5.5450,5.5540,5.5340,5.5470,98000
2007-12-19 09:04:00,5.5440,5.5510,5.5280,5.5430,39200
2007-12-19 09:03:00,5.5440,5.5510,5.5330,5.5420,14000
2007-12-19 09:02:00,5.5360,5.5450,5.5250,5.5380,44800
2007-12-19 09:01:00,5.5400,5.5450,5.5280,5.5380,16240
2007-12-19 09:00:00,5.5400,5.5450,5.5290,5.5380,4200
2007-12-19 08:59:00,5.5360,5.5450,5.5250,5.5380,5600
2007-12-19 08:58:00,5.5400,5.5480,5.5290,5.5410,5600
2007-12-19 08:57:00,5.5400,5.5460,5.5280,5.5380,55300
2007-12-19 08:56:00,5.5400,5.5460,5.5300,5.5380,2800
2007-12-19 08:55:00,5.5430,5.5480,5.5310,5.5400,8400
2007-12-19 08:54:00,5.5450,5.5510,5.5340,5.5430,128856
2007-12-19 08:53:00,5.5420,5.5510,5.5310,5.5430,11200
2007-12-19 08:52:00,5.5460,5.5510,5.5310,5.5400,58800
2007-12-19 08:51:00,5.5460,5.5540,5.5360,5.5440,112280
2007-12-19 08:50:00,5.5460,5.5520,5.5360,5.5440,5600
2007-12-19 08:49:00,5.5460,5.5510,5.5350,5.5440,28000
2007-12-19 08:48:00,5.5460,5.5510,5.5350,5.5440,11200
2007-12-19 08:47:00,5.5460,5.5510,5.5350,5.5440,8400
2007-12-19 08:45:00,5.5460,5.5510,5.5350,5.5430,25200
2007-12-19 08:44:00,5.5420,5.5470,5.5310,5.5400,4200
2007-12-19 08:42:00,5.5460,5.5510,5.5350,5.5430,13580
2007-12-19 08:41:00,5.5410,5.5470,5.5310,5.5390,6160
2007-12-19 08:40:00,5.5430,5.5480,5.5320,5.5410,30800
2007-12-19 08:39:00,5.5460,5.5520,5.5320,5.5410,11200
2007-12-19 08:38:00,5.5460,5.5520,5.5360,5.5440,5600
2007-12-19 08:37:00,5.5490,5.5540,5.5350,5.5440,24640
2007-12-19 08:34:00,5.5520,5.5570,5.5410,5.5500,8400
2007-12-19 08:33:00,5.5510,5.5570,5.5400,5.5500,19600
2007-12-19 08:32:00,5.5490,5.5540,5.5380,5.5470,5600
2007-12-19 08:31:00,5.5510,5.5590,5.5380,5.5470,98000
2007-12-19 08:30:00,5.5520,5.5590,5.5410,5.5510,39200
2007-12-19 08:29:00,5.5530,5.5590,5.5410,5.5510,25200
2007-12-19 08:28:00,5.5550,5.5620,5.5420,5.5510,88900
2007-12-19 08:27:00,5.5530,5.5600,5.5410,5.5520,47600
2007-12-19 08:26:00,5.5530,5.5620,5.5410,5.5540,47600
2007-12-19 08:25:00,5.5500,5.5620,5.5390,5.5480,16800
2007-12-19 08:24:00,5.5520,5.5570,5.5410,5.5500,2800
2007-12-19 08:23:00,5.5480,5.5540,5.5350,5.5470,310800
2007-12-19 08:22:00,5.5460,5.5540,5.5340,5.5440,92400
2007-12-19 08:21:00,5.5430,5.5500,5.5320,5.5420,30800
2007-12-19 08:20:00,5.5430,5.5510,5.5310,5.5430,63000
2007-12-19 08:19:00,5.5410,5.5480,5.5290,5.5410,102256
2007-12-19 08:17:00,5.5410,5.5470,5.5310,5.5390,2800
2007-12-19 08:16:00,5.5400,5.5470,5.5290,5.5390,73052
2007-12-19 08:15:00,5.5400,5.5470,5.5290,5.5390,22400
2007-12-19 08:12:00,5.5450,5.5510,5.5280,5.5360,11200
2007-12-19 08:11:00,5.5410,5.5470,5.5300,5.5400,11200
2007-12-19 08:09:00,5.5400,5.5450,5.5290,5.5380,2800
2007-12-19 08:08:00,5.5400,5.5450,5.5290,5.5380,4200
2007-12-19 08:07:00,5.5380,5.5440,5.5280,5.5360,2800
2007-12-19 08:06:00,5.5430,5.5480,5.5250,5.5350,140420
2007-12-19 08:04:00,5.5360,5.5480,5.5250,5.5410,14000
2007-12-19 08:03:00,5.5410,5.5480,5.5310,5.5410,5600
2007-12-19 08:02:00,5.5460,5.5530,5.5310,5.5410,19600
2007-12-19 08:01:00,5.5420,5.5470,5.5310,5.5400,5600
2007-12-19 08:00:00,5.5460,5.5530,5.5310,5.5430,71008
2007-12-19 07:59:00,5.5460,5.5520,5.5350,5.5440,2800
2007-12-19 07:56:00,5.5340,5.5390,5.5230,5.5320,4956
2007-12-19 07:54:00,5.5340,5.5390,5.5230,5.5320,5600
2007-12-19 07:50:00,5.5430,5.5480,5.5320,5.5410,2800
2007-12-19 07:44:00,5.5420,5.5480,5.5300,5.5390,14000
2007-12-19 07:42:00,5.5420,5.5470,5.5240,5.5320,14000
2007-12-19 07:37:00,5.5410,5.5470,5.5300,5.5390,2800
2007-12-19 07:34:00,5.5280,5.5330,5.5170,5.5260,11200
2007-12-19 07:21:00,5.5340,5.5390,5.5230,5.5320,2800
2007-12-19 06:36:00,5.5430,5.5480,5.5320,5.5410,14000
2007-12-19 06:21:00,5.5390,5.5440,5.5280,5.5360,2800
2007-12-19 06:19:00,5.5410,5.5470,5.5300,5.5390,2800
2007-12-19 06:18:00,5.5400,5.5450,5.5290,5.5380,2800
2007-12-19 06:17:00,5.5410,5.5470,5.5300,5.5390,2800
2007-12-19 06:16:00,5.5400,5.5470,5.5300,5.5390,8400
2007-12-19 06:15:00,5.5400,5.5460,5.5290,5.5380,2800
2007-12-19 06:07:00,5.5190,5.5240,5.5080,5.5160,2800
2007-12-19 06:04:00,5.5190,5.5240,5.5080,5.5160,2800
2007-12-19 06:03:00,5.5250,5.5310,5.5150,5.5230,2800
2007-12-19 06:02:00,5.5340,5.5390,5.5230,5.5320,2800
2007-12-19 05:44:00,5.5420,5.5470,5.5310,5.5400,2800
2007-12-19 05:41:00,5.5420,5.5470,5.5310,5.5400,8400
2007-12-19 05:40:00,5.5420,5.5470,5.5310,5.5400,11200
2007-12-19 05:39:00,5.5430,5.5480,5.5320,5.5410,8400
2007-12-18 19:59:00,5.5670,5.5730,5.5530,5.5620,8400
2007-12-18 19:58:00,5.5670,5.5730,5.5560,5.5650,5600
2007-12-18 19:54:00,5.5660,5.5730,5.5550,5.5650,31080
2007-12-18 19:53:00,5.5660,5.5720,5.5550,5.5640,14700
2007-12-18 19:49:00,5.5610,5.5670,5.5500,5.5590,2800
2007-12-18 19:47:00,5.5590,5.5650,5.5480,5.5570,6300
2007-12-18 19:42:00,5.5610,5.5660,5.5500,5.5590,4200
2007-12-18 19:39:00,5.5650,5.5720,5.5540,5.5640,27440
2007-12-18 19:35:00,5.5570,5.5630,5.5470,5.5550,28000
2007-12-18 19:34:00,5.5610,5.5670,5.5490,5.5570,25200
2007-12-18 19:32:00,5.5610,5.5670,5.5500,5.5590,11200
2007-12-18 19:24:00,5.5660,5.5710,5.5530,5.5620,25760
2007-12-18 19:22:00,5.5610,5.5670,5.5500,5.5590,16380
2007-12-18 19:21:00,5.5630,5.5680,5.5520,5.5600,8400
2007-12-18 19:18:00,5.5640,5.5700,5.5530,5.5620,2800
2007-12-18 19:17:00,5.5630,5.5700,5.5530,5.5620,25900
2007-12-18 19:12:00,5.5620,5.5680,5.5510,5.5600,8400
2007-12-18 19:11:00,5.5640,5.5690,5.5530,5.5620,2800
2007-12-18 19:09:00,5.5640,5.5700,5.5530,5.5620,7000
2007-12-18 19:08:00,5.5640,5.5700,5.5530,5.5620,2800
2007-12-18 19:05:00,5.5640,5.5700,5.5530,5.5620,3220
2007-12-18 19:02:00,5.5640,5.5700,5.5530,5.5620,7420
2007-12-18 18:58:00,5.5610,5.5670,5.5510,5.5590,4200
2007-12-18 18:57:00,5.5640,5.5700,5.5530,5.5620,86800
2007-12-18 18:56:00,5.5640,5.5700,5.5530,5.5620,2800
2007-12-18 18:46:00,5.5630,5.5700,5.5520,5.5620,27580
2007-12-18 18:45:00,5.5610,5.5670,5.5500,5.5590,2800
2007-12-18 18:42:00,5.5630,5.5690,5.5520,5.5610,11480
2007-12-18 18:40:00,5.5630,5.5690,5.5520,5.5610,2800
2007-12-18 18:38:00,5.5610,5.5670,5.5500,5.5590,4200
2007-12-18 18:37:00,5.5610,5.5670,5.5500,5.5590,7000
2007-12-18 18:30:00,5.5620,5.5680,5.5510,5.5600,4620
2007-12-18 18:28:00,5.5610,5.5670,5.5500,5.5600,11900
2007-12-18 18:26:00,5.5610,5.5670,5.5500,5.5590,11200
2007-12-18 18:25:00,5.5610,5.5670,5.5500,5.5590,5600
2007-12-18 18:24:00,5.5610,5.5670,5.5500,5.5590,2800
2007-12-18 18:22:00,5.5610,5.5670,5.5500,5.5590,2800
2007-12-18 18:20:00,5.5580,5.5640,5.5470,5.5560,28000
2007-12-18 18:18:00,5.5580,5.5640,5.5480,5.5560,5600
2007-12-18 18:17:00,5.5610,5.5670,5.5500,5.5590,15400
2007-12-18 18:16:00,5.5610,5.5670,5.5500,5.5600,19600
2007-12-18 18:14:00,5.5580,5.5640,5.5470,5.5560,16380
2007-12-18 18:13:00,5.5590,5.5640,5.5480,5.5560,20300
2007-12-18 18:08:00,5.5610,5.5670,5.5500,5.5590,51520
2007-12-18 18:07:00,5.5610,5.5670,5.5500,5.5590,3500
2007-12-18 18:06:00,5.5590,5.5640,5.5480,5.5570,4900
2007-12-18 18:03:00,5.5610,5.5670,5.5500,5.5590,8400
2007-12-18 18:02:00,5.5600,5.5660,5.5500,5.5580,25900
2007-12-18 18:01:00,5.5600,5.5660,5.5500,5.5580,14000
2007-12-18 18:00:00,5.5590,5.5650,5.5490,5.5570,14000
2007-12-18 17:59:00,5.5580,5.5640,5.5470,5.5560,2940
2007-12-18 17:57:00,5.5590,5.5650,5.5490,5.5570,2800
2007-12-18 17:56:00,5.5590,5.5650,5.5490,5.5570,11200
2007-12-18 17:55:00,5.5590,5.5640,5.5480,5.5570,2800
2007-12-18 17:54:00,5.5600,5.5660,5.5500,5.5580,5600
2007-12-18 17:53:00,5.5600,5.5660,5.5470,5.5560,89320
2007-12-18 17:52:00,5.5580,5.5650,5.5470,5.5580,11200
2007-12-18 17:51:00,5.5580,5.5640,5.5470,5.5560,11200
2007-12-18 17:50:00,5.5590,5.5650,5.5470,5.5560,18620
2007-12-18 17:49:00,5.5590,5.5650,5.5490,5.5570,15400
2007-12-18 17:48:00,5.5590,5.5650,5.5480,5.5570,3780
2007-12-18 17:47:00,5.5600,5.5660,5.5500,5.5580,2800
2007-12-18 17:41:00,5.5580,5.5640,5.5470,5.5560,3780
2007-12-18 17:40:00,5.5610,5.5670,5.5500,5.5590,3500
2007-12-18 17:39:00,5.5610,5.5670,5.5500,5.5590,5600
2007-12-18 17:38:00,5.5610,5.5680,5.5500,5.5610,57792
2007-12-18 17:37:00,5.5610,5.5670,5.5510,5.5590,2800
2007-12-18 17:36:00,5.5630,5.5690,5.5530,5.5610,5600
2007-12-18 17:33:00,5.5610,5.5670,5.5500,5.5590,6440
2007-12-18 17:32:00,5.5610,5.5670,5.5500,5.5590,22400
2007-12-18 17:31:00,5.5610,5.5670,5.5510,5.5590,8400
2007-12-18 17:30:00,5.6280,5.6340,5.5500,5.5590,564200
2007-12-18 17:28:00,5.5610,5.5660,5.5500,5.5590,5600
2007-12-18 17:27:00,5.5610,5.5660,5.5500,5.5590,11200
2007-12-18 17:25:00,5.5610,5.5670,5.5500,5.5590,11200
2007-12-18 17:24:00,5.5600,5.5670,5.5500,5.5590,10780
2007-12-18 17:22:00,5.5600,5.5660,5.5490,5.5580,2800
2007-12-18 17:21:00,5.5590,5.5660,5.5490,5.5580,5600
2007-12-18 17:20:00,5.5590,5.5660,5.5480,5.5580,87752
2007-12-18 17:18:00,5.5590,5.5650,5.5490,5.5570,5600
2007-12-18 17:15:00,5.5580,5.5650,5.5470,5.5570,9800
2007-12-18 17:12:00,5.5590,5.5640,5.5480,5.5570,2800
2007-12-18 17:11:00,5.5580,5.5640,5.5480,5.5570,6608
2007-12-18 17:09:00,5.5590,5.5650,5.5480,5.5570,2800
2007-12-18 17:08:00,5.5580,5.5650,5.5470,5.5570,19600
2007-12-18 17:07:00,5.5580,5.5650,5.5460,5.5570,14000
2007-12-18 17:06:00,5.5580,5.5640,5.5380,5.5460,6496
2007-12-18 17:04:00,5.5580,5.5630,5.5470,5.5560,14000
2007-12-18 17:02:00,5.5580,5.5640,5.5470,5.5560,8400
2007-12-18 17:01:00,5.5560,5.5620,5.5460,5.5540,28000
2007-12-18 17:00:00,5.5600,5.5650,5.5490,5.5580,2800
2007-12-18 16:57:00,5.5600,5.5670,5.5380,5.5460,72744
2007-12-18 16:54:00,5.5550,5.5610,5.5440,5.5540,44800
2007-12-18 16:52:00,5.5480,5.5540,5.5380,5.5460,277424
2007-12-18 16:51:00,5.5540,5.5600,5.5440,5.5520,28000
2007-12-18 16:50:00,5.5540,5.5600,5.5430,5.5520,9800
2007-12-18 16:49:00,5.5540,5.5590,5.5430,5.5520,2800
2007-12-18 16:48:00,5.5520,5.5580,5.5380,5.5460,99876
2007-12-18 16:47:00,5.5530,5.5590,5.5430,5.5510,2800
2007-12-18 16:45:00,5.5530,5.5590,5.5410,5.5500,50400
2007-12-18 16:44:00,5.5530,5.5580,5.5420,5.5510,4200
2007-12-18 16:41:00,5.5520,5.5580,5.5410,5.5500,2800
2007-12-18 16:40:00,5.5520,5.5580,5.5410,5.5500,14000
2007-12-18 16:39:00,5.5510,5.5580,5.5380,5.5460,268604
2007-12-18 16:38:00,5.5510,5.5580,5.5390,5.5490,53200
2007-12-18 16:37:00,5.5490,5.5580,5.5350,5.5440,77000
2007-12-18 16:36:00,5.5480,5.5540,5.5380,5.5460,188216
2007-12-18 16:33:00,5.5470,5.5540,5.5370,5.5470,73080
2007-12-18 16:32:00,5.5910,5.5970,5.5810,5.5890,191632
2007-12-18 16:31:00,5.5480,5.5530,5.5370,5.5460,5600
2007-12-18 16:30:00,5.5470,5.5530,5.5370,5.5450,20272
2007-12-18 16:29:00,5.5470,5.5540,5.5370,5.5460,243852
2007-12-18 16:28:00,5.5460,5.5540,5.5350,5.5460,34076
2007-12-18 16:27:00,5.5480,5.5540,5.5350,5.5460,1453620
2007-12-18 16:25:00,5.5440,5.5500,5.5340,5.5420,12796
2007-12-18 16:22:00,5.5410,5.5460,5.5300,5.5390,5600
2007-12-18 16:20:00,5.5540,5.5600,5.5430,5.5520,45920
2007-12-18 16:18:00,5.5480,5.5540,5.5340,5.5420,103236
2007-12-18 16:17:00,5.5440,5.5500,5.5340,5.5420,5600
2007-12-18 16:16:00,5.5470,5.5530,5.4850,5.5440,72604
2007-12-18 16:15:00,5.5460,5.5540,5.5350,5.5460,103404
2007-12-18 16:14:00,5.5460,5.5530,5.5330,5.5420,72800
2007-12-18 16:13:00,5.5540,5.5600,5.5280,5.5420,226996
2007-12-18 16:12:00,5.5400,5.5460,5.5290,5.5380,20692
2007-12-18 16:11:00,5.5480,5.5540,5.5310,5.5400,39816
2007-12-18 16:10:00,5.5490,5.5600,5.5320,5.5520,630280
2007-12-18 16:09:00,5.5440,5.5500,5.5320,5.5410,28000
2007-12-18 16:07:00,5.5540,5.5600,5.5340,5.5420,57176
2007-12-18 16:06:00,5.5460,5.5510,5.5350,5.5440,22400
2007-12-18 16:05:00,5.5440,5.5500,5.5340,5.5430,32900
2007-12-18 16:04:00,5.5480,5.5530,5.5310,5.5440,72100
2007-12-18 16:03:00,5.5470,5.5600,5.5340,5.5440,126504
2007-12-18 16:02:00,5.5470,5.5530,5.5350,5.5440,224560
2007-12-18 16:01:00,5.5470,5.5540,5.5350,5.5440,76076
2007-12-18 16:00:00,5.5480,5.5540,5.5360,5.5450,8703940
2007-12-18 15:59:00,5.5430,5.5540,5.5320,5.5460,5718888
2007-12-18 15:58:00,5.5380,5.5520,5.5270,5.5400,3313156
2007-12-18 15:57:00,5.5460,5.5550,5.5260,5.5360,3171616
2007-12-18 15:56:00,5.5480,5.5580,5.5340,5.5440,3027444
2007-12-18 15:55:00,5.5340,5.5560,5.5220,5.5450,4375196
2007-12-18 15:54:00,5.5280,5.5420,5.5170,5.5320,4879980
2007-12-18 15:53:00,5.5480,5.5560,5.5160,5.5260,5096532
2007-12-18 15:52:00,5.5460,5.5590,5.5330,5.5470,3342976
2007-12-18 15:51:00,5.5430,5.5580,5.5300,5.5450,3593940
2007-12-18 15:50:00,5.5390,5.5560,5.5270,5.5400,5666892
2007-12-18 15:49:00,5.5610,5.5670,5.5280,5.5370,7516460
2007-12-18 15:48:00,5.5690,5.5760,5.5440,5.5590,3604776
2007-12-18 15:47:00,5.5730,5.5820,5.5550,5.5670,3918488
2007-12-18 15:46:00,5.5830,5.5890,5.5610,5.5710,2931376
2007-12-18 15:45:00,5.5880,5.5940,5.5700,5.5800,1855056
2007-12-18 15:44:00,5.5840,5.5950,5.5730,5.5860,2145612
2007-12-18 15:43:00,5.5910,5.5980,5.5730,5.5820,3130232
2007-12-18 15:42:00,5.5940,5.6030,5.5790,5.5890,2352532
2007-12-18 15:41:00,5.5970,5.6030,5.5820,5.5930,1565172
2007-12-18 15:40:00,5.5940,5.6070,5.5820,5.5960,2684248
2007-12-18 15:39:00,5.5970,5.6060,5.5820,5.5920,3097080
2007-12-18 15:38:00,5.6010,5.6100,5.5850,5.5960,3684156
2007-12-18 15:37:00,5.5880,5.6060,5.5740,5.5970,4914980
2007-12-18 15:36:00,5.5810,5.5940,5.5630,5.5860,2413684
2007-12-18 15:35:00,5.5770,5.5890,5.5660,5.5800,1790684
2007-12-18 15:34:00,5.5750,5.5860,5.5610,5.5750,1745576
2007-12-18 15:33:00,5.5720,5.5860,5.5600,5.5730,3309012
2007-12-18 15:32:00,5.5760,5.5830,5.5610,5.5710,1358532
2007-12-18 15:31:00,5.5740,5.5870,5.5640,5.5740,1963192
2007-12-18 15:30:00,5.5790,5.5890,5.5610,5.5720,3047380
2007-12-18 15:29:00,5.5840,5.5920,5.5670,5.5770,1210692
2007-12-18 15:28:00,5.5840,5.5920,5.5680,5.5820,2102128
2007-12-18 15:27:00,5.5900,5.5980,5.5700,5.5820,2855216
2007-12-18 15:26:00,5.5860,5.5970,5.5680,5.5880,3278268
2007-12-18 15:25:00,5.5790,5.5920,5.5660,5.5840,2800532
2007-12-18 15:24:00,5.5760,5.5880,5.5650,5.5770,2336012
2007-12-18 15:23:00,5.5730,5.5850,5.5620,5.5740,1629152
2007-12-18 15:22:00,5.5810,5.5860,5.5610,5.5720,3334464
2007-12-18 15:21:00,5.5870,5.5920,5.5640,5.5780,2542344
2007-12-18 15:20:00,5.5860,5.5970,5.5730,5.5850,2851884
2007-12-18 15:19:00,5.5820,5.5920,5.5690,5.5830,2664732
2007-12-18 15:18:00,5.5790,5.5980,5.5680,5.5810,5780572
2007-12-18 15:17:00,5.5730,5.5880,5.5580,5.5800,2410492
2007-12-18 15:16:00,5.5710,5.5780,5.5570,5.5700,1800512
2007-12-18 15:15:00,5.5650,5.5810,5.5530,5.5690,3676848
2007-12-18 15:14:00,5.5680,5.5760,5.5500,5.5620,3218376
2007-12-18 15:13:00,5.5660,5.5760,5.5390,5.5670,5351332
2007-12-18 15:12:00,5.5750,5.5820,5.5530,5.5640,1959440
2007-12-18 15:11:00,5.5750,5.5850,5.5590,5.5730,1977724
2007-12-18 15:10:00,5.5680,5.5830,5.5560,5.5740,2451400
2007-12-18 15:09:00,5.5760,5.5820,5.5560,5.5650,2474556
2007-12-18 15:08:00,5.5830,5.5920,5.5640,5.5740,2843176
2007-12-18 15:07:00,5.5790,5.5930,5.5580,5.5820,2962092
2007-12-18 15:06:00,5.5850,5.5960,5.5660,5.5770,2858856
2007-12-18 15:05:00,5.5810,5.5960,5.5680,5.5840,3088008
2007-12-18 15:04:00,5.5770,5.5860,5.5570,5.5790,3169152
2007-12-18 15:03:00,5.5850,5.5920,5.5650,5.5750,1674736
2007-12-18 15:02:00,5.5880,5.5950,5.5710,5.5830,2276456
2007-12-18 15:01:00,5.5750,5.5960,5.5640,5.5860,3197404
2007-12-18 15:00:00,5.5860,5.5920,5.5630,5.5720,2252320
2007-12-18 14:59:00,5.5820,5.5950,5.5690,5.5840,2960692
2007-12-18 14:58:00,5.5750,5.5890,5.5610,5.5800,2875824
2007-12-18 14:57:00,5.5790,5.5860,5.5570,5.5720,2524200
2007-12-18 14:56:00,5.5700,5.5880,5.5570,5.5760,2809716
2007-12-18 14:55:00,5.5680,5.5770,5.5550,5.5670,1661044
2007-12-18 14:54:00,5.5660,5.5800,5.5550,5.5660,3450272
2007-12-18 14:53:00,5.5670,5.5790,5.5510,5.5650,3064264
2007-12-18 14:52:00,5.5760,5.5820,5.5560,5.5670,2552340
2007-12-18 14:51:00,5.5780,5.5850,5.5600,5.5730,2001300
2007-12-18 14:50:00,5.5770,5.5870,5.5640,5.5750,3891132
2007-12-18 14:49:00,5.5660,5.5820,5.5540,5.5750,2647344
2007-12-18 14:48:00,5.5640,5.5770,5.5490,5.5630,3184020
2007-12-18 14:47:00,5.5610,5.5720,5.5450,5.5610,3656912
2007-12-18 14:46:00,5.5700,5.5750,5.5500,5.5590,2918664
2007-12-18 14:45:00,5.5740,5.5800,5.5550,5.5670,1389360
2007-12-18 14:44:00,5.5750,5.5810,5.5560,5.5710,1716232
2007-12-18 14:43:00,5.5660,5.5810,5.5540,5.5730,3756144
2007-12-18 14:42:00,5.5810,5.5890,5.5550,5.5650,3281992
2007-12-18 14:41:00,5.5830,5.5940,5.5650,5.5790,4363352
2007-12-18 14:40:00,5.5890,5.5980,5.5720,5.5810,3052448
2007-12-18 14:39:00,5.5930,5.6020,5.5780,5.5870,2083424
2007-12-18 14:38:00,5.5940,5.6020,5.5770,5.5900,3208660
2007-12-18 14:37:00,5.6040,5.6100,5.5830,5.5920,2784208
2007-12-18 14:36:00,5.6010,5.6110,5.5850,5.6030,3861284
2007-12-18 14:35:00,5.6130,5.6200,5.5890,5.5980,2312408
2007-12-18 14:34:00,5.6100,5.6220,5.5990,5.6100,1443904
2007-12-18 14:33:00,5.6160,5.6240,5.5980,5.6070,1750868
2007-12-18 14:32:00,5.6170,5.6260,5.6010,5.6150,4066188
2007-12-18 14:31:00,5.6110,5.6240,5.5950,5.6150,2596608
2007-12-18 14:30:00,5.6110,5.6260,5.5970,5.6100,3401328
2007-12-18 14:29:00,5.6100,5.6180,5.5940,5.6090,1771728
2007-12-18 14:28:00,5.6090,5.6210,5.5930,5.6090,2474724
2007-12-18 14:27:00,5.6050,5.6140,5.5930,5.6060,1181936
2007-12-18 14:26:00,5.6060,5.6170,5.5910,5.6030,2883972
2007-12-18 14:25:00,5.6180,5.6250,5.5960,5.6050,2887780
2007-12-18 14:24:00,5.6240,5.6300,5.6010,5.6160,3442264
2007-12-18 14:23:00,5.6220,5.6330,5.6090,5.6210,3610068
2007-12-18 14:22:00,5.6140,5.6280,5.6030,5.6200,2143820
2007-12-18 14:21:00,5.6140,5.6270,5.6000,5.6120,1956584
2007-12-18 14:20:00,5.6190,5.6280,5.6010,5.6120,3201240
2007-12-18 14:19:00,5.6250,5.6350,5.6080,5.6170,4709992
2007-12-18 14:18:00,5.6120,5.6300,5.6010,5.6230,5134388
2007-12-18 14:17:00,5.6000,5.6200,5.5900,5.6110,2665656
2007-12-18 14:16:00,5.6090,5.6150,5.5830,5.5990,1891484
2007-12-18 14:15:00,5.6060,5.6190,5.5940,5.6070,2650956
2007-12-18 14:14:00,5.5960,5.6160,5.5850,5.6040,2287740
2007-12-18 14:13:00,5.6040,5.6100,5.5820,5.5940,2906988
2007-12-18 14:12:00,5.6010,5.6130,5.5900,5.6030,3277540
2007-12-18 14:11:00,5.6160,5.6220,5.5900,5.5990,2867844
2007-12-18 14:10:00,5.6140,5.6270,5.6010,5.6140,3980172
2007-12-18 14:09:00,5.6050,5.6260,5.5900,5.6120,7295204
2007-12-18 14:08:00,5.5940,5.6140,5.5810,5.6030,2880528
2007-12-18 14:07:00,5.5930,5.6030,5.5800,5.5930,2380812
2007-12-18 14:06:00,5.5860,5.6040,5.5750,5.5910,2346092
2007-12-18 14:05:00,5.6000,5.6060,5.5740,5.5840,2736160
2007-12-18 14:04:00,5.6000,5.6120,5.5860,5.5990,1928948
2007-12-18 14:03:00,5.6000,5.6080,5.5810,5.5980,1912932
2007-12-18 14:02:00,5.6030,5.6110,5.5870,5.5990,2522436
2007-12-18 14:01:00,5.6050,5.6150,5.5910,5.6000,4476948
2007-12-18 14:00:00,5.5880,5.6120,5.5760,5.6030,3466456
2007-12-18 13:59:00,5.5800,5.5960,5.5680,5.5860,2501380
2007-12-18 13:58:00,5.5770,5.5910,5.5640,5.5780,2141216
2007-12-18 13:57:00,5.5760,5.5840,5.5570,5.5750,2648156
2007-12-18 13:56:00,5.5790,5.5850,5.5600,5.5730,2691724
2007-12-18 13:55:00,5.5830,5.5910,5.5670,5.5770,2200296
2007-12-18 13:54:00,5.5850,5.5910,5.5650,5.5820,2846200
2007-12-18 13:53:00,5.5910,5.5980,5.5720,5.5810,2002868
2007-12-18 13:52:00,5.5860,5.6000,5.5730,5.5890,2929836
2007-12-18 13:51:00,5.5920,5.6030,5.5750,5.5840,3134628
2007-12-18 13:50:00,5.6020,5.6080,5.5810,5.5900,2558248
2007-12-18 13:49:00,5.6000,5.6100,5.5860,5.6000,3338860
2007-12-18 13:48:00,5.6050,5.6130,5.5880,5.5980,4789904
2007-12-18 13:47:00,5.5990,5.6130,5.5840,5.6040,5137076
2007-12-18 13:46:00,5.5890,5.6050,5.5710,5.5980,5886608
2007-12-18 13:45:00,5.5810,5.5980,5.5680,5.5870,4005792
2007-12-18 13:44:00,5.5910,5.5980,5.5700,5.5790,4257792
2007-12-18 13:43:00,5.5800,5.5980,5.5650,5.5890,6071660
2007-12-18 13:42:00,5.5800,5.5970,5.5640,5.5770,5251288
2007-12-18 13:41:00,5.5730,5.5880,5.5610,5.5780,3853304
2007-12-18 13:40:00,5.5780,5.5850,5.5590,5.5710,3415020
2007-12-18 13:39:00,5.5820,5.5900,5.5640,5.5760,3023132
2007-12-18 13:38:00,5.5750,5.5920,5.5640,5.5810,4797240
2007-12-18 13:37:00,5.5730,5.5820,5.5580,5.5730,2670500
2007-12-18 13:36:00,5.5740,5.5840,5.5570,5.5700,3090780
2007-12-18 13:35:00,5.5680,5.5860,5.5540,5.5720,5649504
2007-12-18 13:34:00,5.5550,5.5780,5.5420,5.5670,4231332
2007-12-18 13:33:00,5.5500,5.5630,5.5370,5.5530,2941792
2007-12-18 13:32:00,5.5480,5.5570,5.5330,5.5480,3326960
2007-12-18 13:31:00,5.5590,5.5670,5.5370,5.5460,3711820
2007-12-18 13:30:00,5.5590,5.5700,5.5470,5.5570,2613688
2007-12-18 13:29:00,5.5630,5.5710,5.5480,5.5570,3538304
2007-12-18 13:28:00,5.5650,5.5750,5.5520,5.5610,3711512
2007-12-18 13:27:00,5.5630,5.5750,5.5480,5.5620,4014360
2007-12-18 13:26:00,5.5610,5.5710,5.5480,5.5610,4129888
2007-12-18 13:25:00,5.5560,5.5670,5.5390,5.5590,3844092
2007-12-18 13:24:00,5.5400,5.5620,5.5280,5.5540,4048800
2007-12-18 13:23:00,5.5370,5.5470,5.5240,5.5380,1799504
2007-12-18 13:22:00,5.5420,5.5490,5.5230,5.5340,4445504
2007-12-18 13:21:00,5.5390,5.5490,5.5250,5.5400,4017664
2007-12-18 13:20:00,5.5400,5.5520,5.5250,5.5370,4515140
2007-12-18 13:19:00,5.5280,5.5460,5.5160,5.5380,5125512
2007-12-18 13:18:00,5.5220,5.5360,5.5080,5.5260,2704660
2007-12-18 13:17:00,5.5090,5.5320,5.4980,5.5200,3550792
2007-12-18 13:16:00,5.5110,5.5170,5.4950,5.5070,625548
2007-12-18 13:15:00,5.5060,5.5170,5.4930,5.5100,814800
2007-12-18 13:14:00,5.5110,5.5160,5.4930,5.5040,1124396
2007-12-18 13:13:00,5.5120,5.5190,5.4980,5.5080,994896
2007-12-18 13:12:00,5.5140,5.5210,5.4990,5.5100,1896104
2007-12-18 13:11:00,5.5000,5.5210,5.4890,5.5120,1826776
2007-12-18 13:10:00,5.5000,5.5080,5.4860,5.4990,2190244
2007-12-18 13:09:00,5.5020,5.5080,5.4830,5.4980,2408616
2007-12-18 13:08:00,5.5030,5.5120,5.4870,5.5000,945840
2007-12-18 13:07:00,5.5090,5.5150,5.4930,5.5020,1494584
2007-12-18 13:06:00,5.5080,5.5160,5.4930,5.5060,2186352
2007-12-18 13:05:00,5.4870,5.5130,5.4760,5.5060,2030504
2007-12-18 13:04:00,5.4870,5.4960,5.4730,5.4850,866600
2007-12-18 13:03:00,5.4910,5.4960,5.4750,5.4850,656684
2007-12-18 13:02:00,5.4880,5.4960,5.4720,5.4870,1039864
2007-12-18 13:01:00,5.4890,5.4950,5.4720,5.4860,1926288
2007-12-18 13:00:00,5.4960,5.5050,5.4790,5.4870,1480920
2007-12-18 12:59:00,5.4890,5.5030,5.4780,5.4940,1383704
2007-12-18 12:58:00,5.4920,5.5000,5.4780,5.4870,1115380
2007-12-18 12:57:00,5.4840,5.4980,5.4730,5.4910,1294188
2007-12-18 12:56:00,5.4870,5.4930,5.4720,5.4820,2024820
2007-12-18 12:55:00,5.4810,5.4940,5.4700,5.4840,936628
2007-12-18 12:54:00,5.4850,5.4950,5.4690,5.4790,1721916
2007-12-18 12:53:00,5.4770,5.4950,5.4630,5.4820,2244956
2007-12-18 12:52:00,5.4840,5.4910,5.4650,5.4760,1831284
2007-12-18 12:51:00,5.4940,5.4990,5.4730,5.4830,1992704
2007-12-18 12:50:00,5.4910,5.5040,5.4800,5.4920,1629012
2007-12-18 12:49:00,5.4990,5.5060,5.4790,5.4900,3076640
2007-12-18 12:48:00,5.4940,5.5060,5.4790,5.4970,3573080
2007-12-18 12:47:00,5.4920,5.4990,5.4780,5.4910,2363368
2007-12-18 12:46:00,5.4880,5.5030,5.4760,5.4900,4057088
2007-12-18 12:45:00,5.4750,5.4940,5.4630,5.4860,2842028
2007-12-18 12:44:00,5.4690,5.4820,5.4570,5.4730,1768620
2007-12-18 12:43:00,5.4710,5.4820,5.4550,5.4660,1995924
2007-12-18 12:42:00,5.4740,5.4800,5.4550,5.4680,1847216
2007-12-18 12:41:00,5.4670,5.4820,5.4570,5.4720,1997996
2007-12-18 12:40:00,5.4570,5.4740,5.4450,5.4660,2396380
2007-12-18 12:39:00,5.4470,5.4620,5.4360,5.4550,1046948
2007-12-18 12:38:00,5.4480,5.4600,5.4340,5.4450,1907444
2007-12-18 12:37:00,5.4560,5.4640,5.4350,5.4460,1893332
2007-12-18 12:36:00,5.4530,5.4620,5.4360,5.4530,1400084
2007-12-18 12:35:00,5.4610,5.4690,5.4390,5.4510,2247364
2007-12-18 12:34:00,5.4550,5.4690,5.4410,5.4600,1374408
2007-12-18 12:33:00,5.4650,5.4710,5.4410,5.4530,2608648
2007-12-18 12:32:00,5.4700,5.4760,5.4480,5.4610,1914248
2007-12-18 12:31:00,5.4770,5.4840,5.4530,5.4680,3077676
2007-12-18 12:30:00,5.4760,5.4910,5.4650,5.4750,2530808
2007-12-18 12:29:00,5.4760,5.4870,5.4620,5.4750,2584148
2007-12-18 12:28:00,5.4720,5.4870,5.4600,5.4740,3036404
2007-12-18 12:27:00,5.4710,5.4800,5.4570,5.4700,1796312
2007-12-18 12:26:00,5.4750,5.4850,5.4600,5.4690,4081140
2007-12-18 12:25:00,5.4650,5.4810,5.4490,5.4720,3081680
2007-12-18 12:24:00,5.4540,5.4710,5.4430,5.4640,2353764
2007-12-18 12:23:00,5.4570,5.4630,5.4370,5.4510,2858492
2007-12-18 12:22:00,5.4520,5.4660,5.4390,5.4540,3043656
2007-12-18 12:21:00,5.4480,5.4590,5.4320,5.4510,2163672
2007-12-18 12:20:00,5.4530,5.4630,5.4310,5.4460,2643340
2007-12-18 12:19:00,5.4500,5.4610,5.4370,5.4510,1948044
2007-12-18 12:18:00,5.4510,5.4630,5.4370,5.4480,3129840
2007-12-18 12:17:00,5.4400,5.4570,5.4290,5.4490,4785312
2007-12-18 12:16:00,5.4360,5.4490,5.4230,5.4390,2999808
2007-12-18 12:15:00,5.4340,5.4470,5.4170,5.4330,4308836
2007-12-18 12:14:00,5.4530,5.4600,5.4190,5.4310,3736012
2007-12-18 12:13:00,5.4570,5.4640,5.4370,5.4510,1785868
2007-12-18 12:12:00,5.4500,5.4630,5.4370,5.4550,2143764
2007-12-18 12:11:00,5.4430,5.4590,5.4320,5.4480,2125648
2007-12-18 12:10:00,5.4570,5.4630,5.4320,5.4410,2766792
2007-12-18 12:09:00,5.4620,5.4710,5.4420,5.4560,3143308
2007-12-18 12:08:00,5.4640,5.4730,5.4470,5.4590,3325336
2007-12-18 12:07:00,5.4590,5.4700,5.4470,5.4620,3695272
2007-12-18 12:06:00,5.4500,5.4710,5.4340,5.4570,5213068
2007-12-18 12:05:00,5.4490,5.4560,5.4310,5.4480,2690072
2007-12-18 12:04:00,5.4440,5.4560,5.4320,5.4470,3876404
2007-12-18 12:03:00,5.4220,5.4490,5.4050,5.4410,7001260
2007-12-18 12:02:00,5.4410,5.4520,5.4110,5.4200,5323556
2007-12-18 12:01:00,5.4350,5.4490,5.4230,5.4390,5344276
2007-12-18 12:00:00,5.4560,5.4630,5.4210,5.4340,5652780
2007-12-18 11:59:00,5.4520,5.4670,5.4380,5.4530,5864208
2007-12-18 11:58:00,5.4500,5.4620,5.4330,5.4490,4966948
2007-12-18 11:57:00,5.4590,5.4760,5.4380,5.4490,7026684
2007-12-18 11:56:00,5.4720,5.4780,5.4470,5.4570,6016472
2007-12-18 11:55:00,5.4750,5.4840,5.4530,5.4700,4991868
2007-12-18 11:54:00,5.4900,5.5010,5.4630,5.4730,3499524
2007-12-18 11:53:00,5.4920,5.5000,5.4740,5.4880,2521176
2007-12-18 11:52:00,5.4850,5.5010,5.4710,5.4900,2851380
2007-12-18 11:51:00,5.4960,5.5060,5.4710,5.4830,2465820
2007-12-18 11:50:00,5.4950,5.5100,5.4800,5.4930,3180800
2007-12-18 11:49:00,5.4960,5.5070,5.4740,5.4940,4557140
2007-12-18 11:48:00,5.5100,5.5170,5.4850,5.4940,2324448
2007-12-18 11:47:00,5.5090,5.5170,5.4920,5.5090,2165996
2007-12-18 11:46:00,5.5050,5.5180,5.4920,5.5070,1888124
2007-12-18 11:45:00,5.5170,5.5230,5.4940,5.5030,1662360
2007-12-18 11:44:00,5.5160,5.5270,5.5040,5.5160,922824
2007-12-18 11:43:00,5.5220,5.5280,5.5010,5.5130,1819608
2007-12-18 11:42:00,5.5290,5.5350,5.5080,5.5200,1589168
2007-12-18 11:41:00,5.5240,5.5350,5.5110,5.5270,1448720
2007-12-18 11:40:00,5.5260,5.5390,5.5110,5.5220,1997464
2007-12-18 11:39:00,5.5210,5.5320,5.5090,5.5240,1645588
2007-12-18 11:38:00,5.5220,5.5310,5.5090,5.5200,1313816
2007-12-18 11:37:00,5.5240,5.5320,5.5060,5.5210,1277472
2007-12-18 11:36:00,5.5120,5.5330,5.4990,5.5210,2859444
2007-12-18 11:35:00,5.5050,5.5190,5.4920,5.5090,1786456
2007-12-18 11:34:00,5.5130,5.5210,5.4950,5.5040,2179352
2007-12-18 11:33:00,5.5000,5.5190,5.4880,5.5100,3389344
2007-12-18 11:32:00,5.4950,5.5070,5.4790,5.4980,2919700
2007-12-18 11:31:00,5.5050,5.5110,5.4830,5.4940,3406032
2007-12-18 11:30:00,5.5100,5.5160,5.4870,5.5040,2645552
2007-12-18 11:29:00,5.5120,5.5190,5.4990,5.5080,1662388
2007-12-18 11:28:00,5.5070,5.5190,5.4910,5.5090,3270204
2007-12-18 11:27:00,5.5240,5.5300,5.4960,5.5050,2214548
2007-12-18 11:26:00,5.5190,5.5310,5.5040,5.5220,1873452
2007-12-18 11:25:00,5.5190,5.5330,5.5080,5.5170,1797824
2007-12-18 11:24:00,5.5280,5.5390,5.5060,5.5170,2096192
2007-12-18 11:23:00,5.5300,5.5420,5.5160,5.5270,1824312
2007-12-18 11:22:00,5.5460,5.5520,5.5130,5.5270,2730392
2007-12-18 11:21:00,5.5450,5.5570,5.5320,5.5440,1523452
2007-12-18 11:20:00,5.5460,5.5520,5.5310,5.5440,1236200
2007-12-18 11:19:00,5.5380,5.5510,5.5280,5.5430,1204392
2007-12-18 11:18:00,5.5340,5.5450,5.5190,5.5360,1389500
2007-12-18 11:17:00,5.5320,5.5480,5.5190,5.5330,2310112
2007-12-18 11:16:00,5.5320,5.5390,5.5140,5.5290,2649024
2007-12-18 11:15:00,5.5420,5.5510,5.5160,5.5280,2647092
2007-12-18 11:14:00,5.5460,5.5520,5.5270,5.5380,1589056
2007-12-18 11:13:00,5.5460,5.5540,5.5330,5.5440,1157576
2007-12-18 11:12:00,5.5460,5.5550,5.5340,5.5440,921228
2007-12-18 11:11:00,5.5430,5.5550,5.5320,5.5440,1580264
2007-12-18 11:10:00,5.5530,5.5590,5.5280,5.5420,2726920
2007-12-18 11:09:00,5.5600,5.5680,5.5410,5.5510,2066848
2007-12-18 11:08:00,5.5710,5.5770,5.5480,5.5590,2367036
2007-12-18 11:07:00,5.5690,5.5820,5.5550,5.5690,3208436
2007-12-18 11:06:00,5.5580,5.5750,5.5460,5.5680,2181564
2007-12-18 11:05:00,5.5630,5.5690,5.5420,5.5560,2203740
2007-12-18 11:04:00,5.5650,5.5710,5.5470,5.5600,1852396
2007-12-18 11:03:00,5.5610,5.5730,5.5460,5.5630,2434796
2007-12-18 11:02:00,5.5580,5.5680,5.5430,5.5590,2235548
2007-12-18 11:01:00,5.5610,5.5670,5.5430,5.5560,2319940
2007-12-18 11:00:00,5.5520,5.5680,5.5350,5.5600,4670484
2007-12-18 10:59:00,5.5380,5.5570,5.5260,5.5500,3529428
2007-12-18 10:58:00,5.5290,5.5450,5.5170,5.5360,2176888
2007-12-18 10:57:00,5.5310,5.5380,5.5090,5.5270,1921976
2007-12-18 10:56:00,5.5290,5.5390,5.5150,5.5300,1855700
2007-12-18 10:55:00,5.5280,5.5410,5.5180,5.5280,1887004
2007-12-18 10:54:00,5.5220,5.5350,5.5080,5.5260,3239376
2007-12-18 10:53:00,5.5180,5.5280,5.5030,5.5200,1760332
2007-12-18 10:52:00,5.5240,5.5330,5.5030,5.5160,2637488
2007-12-18 10:51:00,5.5180,5.5320,5.5070,5.5210,2227176
2007-12-18 10:50:00,5.5210,5.5320,5.5050,5.5160,2960132
2007-12-18 10:49:00,5.5110,5.5260,5.4990,5.5180,2513476
2007-12-18 10:48:00,5.5090,5.5200,5.4960,5.5100,2650424
2007-12-18 10:47:00,5.5000,5.5180,5.4890,5.5060,4023796
2007-12-18 10:46:00,5.5220,5.5280,5.4810,5.4970,8353968
2007-12-18 10:45:00,5.5360,5.5440,5.5080,5.5200,2848300
2007-12-18 10:44:00,5.5400,5.5460,5.5160,5.5340,1719844
2007-12-18 10:43:00,5.5360,5.5450,5.5210,5.5380,2227624
2007-12-18 10:42:00,5.5460,5.5540,5.5240,5.5330,2606324
2007-12-18 10:41:00,5.5390,5.5540,5.5290,5.5450,2163504
2007-12-18 10:40:00,5.5290,5.5470,5.5160,5.5380,3374952
2007-12-18 10:39:00,5.5210,5.5390,5.5100,5.5270,3016552
2007-12-18 10:38:00,5.5410,5.5490,5.5100,5.5190,3251808
2007-12-18 10:37:00,5.5450,5.5520,5.5270,5.5380,2140124
2007-12-18 10:36:00,5.5530,5.5590,5.5310,5.5440,3568880
2007-12-18 10:35:00,5.5610,5.5690,5.5410,5.5510,3232768
2007-12-18 10:34:00,5.5640,5.5700,5.5510,5.5600,1723624
2007-12-18 10:33:00,5.5710,5.5770,5.5500,5.5610,2133432
2007-12-18 10:32:00,5.5780,5.5860,5.5540,5.5690,3135748
2007-12-18 10:31:00,5.5880,5.5950,5.5670,5.5770,1503936
2007-12-18 10:30:00,5.5770,5.5950,5.5670,5.5860,2973684
2007-12-18 10:29:00,5.5820,5.5910,5.5650,5.5750,2647064
2007-12-18 10:28:00,5.5810,5.5960,5.5660,5.5800,3472672
2007-12-18 10:27:00,5.5840,5.5900,5.5680,5.5800,2524256
2007-12-18 10:26:00,5.5660,5.5890,5.5550,5.5810,2523668
2007-12-18 10:25:00,5.5690,5.5830,5.5550,5.5640,10427144
2007-12-18 10:24:00,5.5690,5.5790,5.5500,5.5680,3201296
2007-12-18 10:23:00,5.5590,5.5750,5.5430,5.5670,3680124
2007-12-18 10:22:00,5.5530,5.5640,5.5380,5.5540,2765168
2007-12-18 10:21:00,5.5480,5.5600,5.5330,5.5510,2871400
2007-12-18 10:20:00,5.5490,5.5590,5.5340,5.5450,4728304
2007-12-18 10:19:00,5.5440,5.5540,5.5210,5.5460,2945264
2007-12-18 10:18:00,5.5370,5.5500,5.5180,5.5420,4349044
2007-12-18 10:17:00,5.5490,5.5590,5.5180,5.5350,5530028
2007-12-18 10:16:00,5.5530,5.5660,5.5300,5.5470,3590328
2007-12-18 10:15:00,5.5470,5.5640,5.5350,5.5530,3107832
2007-12-18 10:14:00,5.5570,5.5630,5.5310,5.5450,4906244
2007-12-18 10:13:00,5.5710,5.5840,5.5460,5.5540,6226416
2007-12-18 10:12:00,5.5580,5.5770,5.5440,5.5690,5151188
2007-12-18 10:11:00,5.5720,5.5790,5.5310,5.5560,8933288
2007-12-18 10:10:00,5.5870,5.5940,5.5570,5.5700,3921848
2007-12-18 10:09:00,5.5830,5.5980,5.5680,5.5860,5304432
2007-12-18 10:08:00,5.6060,5.6150,5.5720,5.5800,4013884
2007-12-18 10:07:00,5.5860,5.6120,5.5720,5.6030,4015480
2007-12-18 10:06:00,5.5850,5.5950,5.5640,5.5830,4345656
2007-12-18 10:05:00,5.5890,5.5960,5.5680,5.5820,5894728
2007-12-18 10:04:00,5.6150,5.6220,5.5780,5.5870,4479468
2007-12-18 10:03:00,5.6050,5.6230,5.5860,5.6120,5286708
2007-12-18 10:02:00,5.6220,5.6280,5.5940,5.6030,4625852
2007-12-18 10:01:00,5.6230,5.6320,5.6080,5.6210,1603980
2007-12-18 10:00:00,5.6190,5.6300,5.6070,5.6210,2128448
2007-12-18 09:59:00,5.6270,5.6380,5.6070,5.6170,3849748
2007-12-18 09:58:00,5.6270,5.6360,5.6140,5.6250,3663884
2007-12-18 09:57:00,5.6180,5.6360,5.6070,5.6250,3755248
2007-12-18 09:56:00,5.6110,5.6260,5.5990,5.6160,2354548
2007-12-18 09:55:00,5.6230,5.6300,5.5980,5.6090,3498992
2007-12-18 09:54:00,5.6200,5.6340,5.6070,5.6200,3097948
2007-12-18 09:53:00,5.6100,5.6320,5.5970,5.6180,4274788
2007-12-18 09:52:00,5.6070,5.6150,5.5870,5.6070,2367260
2007-12-18 09:51:00,5.5930,5.6220,5.5810,5.6060,4816056
2007-12-18 09:50:00,5.5900,5.6050,5.5780,5.5910,3080476
2007-12-18 09:49:00,5.6060,5.6150,5.5740,5.5870,3735032
2007-12-18 09:48:00,5.5990,5.6140,5.5840,5.6040,3807244
2007-12-18 09:47:00,5.6150,5.6210,5.5880,5.5970,3402504
2007-12-18 09:46:00,5.6080,5.6210,5.5940,5.6130,3550792
2007-12-18 09:45:00,5.6030,5.6230,5.5870,5.6060,4209800
2007-12-18 09:44:00,5.6190,5.6250,5.5840,5.6000,7020076
2007-12-18 09:43:00,5.6170,5.6360,5.6050,5.6160,3361064
2007-12-18 09:42:00,5.6200,5.6270,5.6020,5.6160,4364836
2007-12-18 09:41:00,5.6280,5.6360,5.6050,5.6180,4743312
2007-12-18 09:40:00,5.6310,5.6430,5.6150,5.6260,3760260
2007-12-18 09:39:00,5.6470,5.6530,5.6170,5.6290,5017740
2007-12-18 09:38:00,5.6420,5.6580,5.6210,5.6450,3243940
2007-12-18 09:37:00,5.6430,5.6660,5.6190,5.6410,6440112
2007-12-18 09:36:00,5.6540,5.6640,5.6320,5.6420,4928784
2007-12-18 09:35:00,5.6690,5.6760,5.6430,5.6520,4720268
2007-12-18 09:34:00,5.6690,5.6800,5.6550,5.6660,3311728
2007-12-18 09:33:00,5.6740,5.6860,5.6540,5.6670,5841192
2007-12-18 09:32:00,5.6500,5.6800,5.6380,5.6710,5056184
2007-12-18 09:31:00,5.6590,5.6680,5.6350,5.6470,3358152
2007-12-18 09:30:00,5.6560,5.6700,5.6370,5.6560,9522436
2007-12-18 09:29:00,5.6600,5.6650,5.6440,5.6570,153300
2007-12-18 09:28:00,5.6560,5.6700,5.6440,5.6570,218120
2007-12-18 09:27:00,5.6590,5.6650,5.6440,5.6530,75068
2007-12-18 09:26:00,5.6580,5.6650,5.6470,5.6560,50120
2007-12-18 09:25:00,5.6540,5.6650,5.6430,5.6550,16800
2007-12-18 09:24:00,5.6600,5.6660,5.6440,5.6530,113960
2007-12-18 09:23:00,5.6630,5.6700,5.6490,5.6610,73080
2007-12-18 09:22:00,5.6630,5.6690,5.6520,5.6600,67200
2007-12-18 09:21:00,5.6640,5.6700,5.6510,5.6600,49000
2007-12-18 09:20:00,5.6670,5.6730,5.6530,5.6620,92820
2007-12-18 09:19:00,5.6700,5.6750,5.6570,5.6660,45780
2007-12-18 09:18:00,5.6680,5.6740,5.6570,5.6660,41580
2007-12-18 09:17:00,5.6680,5.6740,5.6550,5.6660,25144
2007-12-18 09:16:00,5.6680,5.6740,5.6570,5.6660,22036
2007-12-18 09:15:00,5.6690,5.6740,5.6580,5.6670,24500
2007-12-18 09:14:00,5.6690,5.6740,5.6560,5.6650,35000
2007-12-18 09:13:00,5.6640,5.6740,5.6530,5.6670,12376
2007-12-18 09:12:00,5.6640,5.6700,5.6520,5.6610,46368
2007-12-18 09:11:00,5.6640,5.6740,5.6520,5.6620,74956
2007-12-18 09:10:00,5.6650,5.6710,5.6520,5.6620,37772
2007-12-18 09:09:00,5.6660,5.6720,5.6530,5.6620,63700
2007-12-18 09:08:00,5.6610,5.6730,5.6500,5.6650,82320
2007-12-18 09:07:00,5.6580,5.6660,5.6470,5.6580,56000
2007-12-18 09:06:00,5.6570,5.6620,5.6440,5.6540,14000
2007-12-18 09:05:00,5.6580,5.6640,5.6470,5.6560,11200
2007-12-18 09:04:00,5.6550,5.6650,5.6440,5.6560,43400
2007-12-18 09:03:00,5.6570,5.6650,5.6460,5.6550,23912
2007-12-18 09:02:00,5.6550,5.6610,5.6440,5.6530,28700
2007-12-18 09:01:00,5.6560,5.6620,5.6440,5.6530,71400
2007-12-18 09:00:00,5.6600,5.6670,5.6460,5.6540,35420
2007-12-18 08:59:00,5.6630,5.6690,5.6510,5.6600,17556
2007-12-18 08:58:00,5.6660,5.6710,5.6530,5.6620,45024
2007-12-18 08:57:00,5.6640,5.6700,5.6530,5.6620,15400
2007-12-18 08:56:00,5.6610,5.6680,5.6490,5.6600,68600
2007-12-18 08:55:00,5.6610,5.6670,5.6490,5.6570,21560
2007-12-18 08:54:00,5.6600,5.6680,5.6460,5.6570,112448
2007-12-18 08:53:00,5.6550,5.6660,5.6440,5.6580,70700
2007-12-18 08:52:00,5.6610,5.6670,5.6440,5.6540,103460
2007-12-18 08:50:00,5.6600,5.6670,5.6470,5.6560,33600
2007-12-18 08:49:00,5.6640,5.6700,5.6520,5.6600,25116
2007-12-18 08:48:00,5.6650,5.6710,5.6530,5.6630,29708
2007-12-18 08:47:00,5.6630,5.6720,5.6520,5.6630,16800
2007-12-18 08:46:00,5.6630,5.6710,5.6520,5.6600,15400
2007-12-18 08:45:00,5.6660,5.6720,5.6520,5.6630,64624
2007-12-18 08:44:00,5.6670,5.6750,5.6560,5.6640,33628
2007-12-18 08:43:00,5.6670,5.6730,5.6560,5.6650,6132
2007-12-18 08:42:00,5.6700,5.6750,5.6560,5.6650,62552
2007-12-18 08:41:00,5.6670,5.6750,5.6560,5.6670,78400
2007-12-18 08:40:00,5.6670,5.6730,5.6560,5.6650,11200
2007-12-18 08:39:00,5.6730,5.6790,5.6560,5.6650,154168
2007-12-18 08:38:00,5.6770,5.6830,5.6630,5.6720,184520
2007-12-18 08:37:00,5.6770,5.6830,5.6650,5.6760,58016
2007-12-18 08:36:00,5.6780,5.6840,5.6640,5.6750,123900
2007-12-18 08:35:00,5.6730,5.6830,5.6620,5.6760,74900
2007-12-18 08:34:00,5.6770,5.6830,5.6640,5.6760,71540
2007-12-18 08:33:00,5.6750,5.6830,5.6620,5.6760,142800
2007-12-18 08:32:00,5.6730,5.6790,5.6610,5.6700,48440
2007-12-18 08:31:00,5.6680,5.6770,5.6570,5.6700,77056
2007-12-18 08:30:00,5.6710,5.6770,5.6590,5.6690,97216
2007-12-18 08:29:00,5.6700,5.6770,5.6590,5.6690,53900
2007-12-18 08:28:00,5.6770,5.6840,5.6590,5.6680,26040
2007-12-18 08:27:00,5.6730,5.6850,5.6620,5.6710,28000
2007-12-18 08:26:00,5.6760,5.6860,5.6650,5.6770,69580
2007-12-18 08:25:00,5.6670,5.6790,5.6550,5.6710,24920
2007-12-18 08:24:00,5.6770,5.6840,5.6610,5.6700,238000
2007-12-18 08:23:00,5.6640,5.6760,5.6530,5.6680,99260
2007-12-18 08:22:00,5.6600,5.6680,5.6490,5.6600,139020
2007-12-18 08:21:00,5.6580,5.6660,5.6470,5.6580,35448
2007-12-18 08:20:00,5.6550,5.6640,5.6410,5.6560,143780
2007-12-18 08:19:00,5.6640,5.6700,5.6430,5.6560,96208
2007-12-18 08:18:00,5.6580,5.6650,5.6420,5.6570,190288
2007-12-18 08:17:00,5.6760,5.6820,5.6470,5.6560,206164
2007-12-18 08:16:00,5.6770,5.6850,5.6650,5.6740,93520
2007-12-18 08:15:00,5.6790,5.6850,5.6660,5.6760,49000
2007-12-18 08:14:00,5.6800,5.6870,5.6680,5.6770,264992
2007-12-18 08:13:00,5.6780,5.6870,5.6650,5.6780,118972
2007-12-18 08:12:00,5.6730,5.6860,5.6620,5.6770,104300
2007-12-18 08:11:00,5.6760,5.7890,5.6620,5.6710,308560
2007-12-18 08:10:00,5.6730,5.6810,5.6620,5.6730,71960
2007-12-18 08:09:00,5.6720,5.6810,5.6610,5.6730,53200
2007-12-18 08:08:00,5.6800,5.6850,5.6610,5.6700,128800
2007-12-18 08:07:00,5.6810,5.6870,5.6680,5.6770,165424
2007-12-18 08:06:00,5.6870,5.6930,5.6710,5.6800,308924
2007-12-18 08:05:00,5.6830,5.6910,5.6680,5.6830,434140
2007-12-18 08:04:00,5.6790,5.6910,5.6650,5.6800,380772
2007-12-18 08:03:00,5.6700,5.6830,5.6560,5.6760,292236
2007-12-18 08:02:00,5.6640,5.6760,5.6500,5.6680,362432
2007-12-18 08:01:00,5.6610,5.6730,5.6500,5.6620,179228
2007-12-18 08:00:00,5.6580,5.6760,5.6440,5.6600,426384
2007-12-18 07:56:00,5.6550,5.6610,5.6440,5.6530,33600
2007-12-18 07:55:00,5.6580,5.6640,5.6470,5.6560,2800
2007-12-18 07:53:00,5.6570,5.6630,5.6460,5.6560,14000
2007-12-18 07:52:00,5.6470,5.6530,5.6310,5.6400,8400
2007-12-18 07:51:00,5.6520,5.6580,5.6410,5.6500,28000
2007-12-18 07:50:00,5.6570,5.6630,5.6470,5.6550,2800
2007-12-18 07:47:00,5.6530,5.6590,5.6420,5.6510,5600
2007-12-18 07:43:00,5.6580,5.6670,5.6470,5.6590,5600
2007-12-18 07:42:00,5.6580,5.6640,5.6470,5.6560,35700
2007-12-18 07:41:00,5.6580,5.6640,5.6470,5.6560,2800
2007-12-18 07:40:00,5.6580,5.6640,5.6470,5.6560,10500
2007-12-18 07:37:00,5.6580,5.6640,5.6470,5.6560,5600
2007-12-18 07:36:00,5.6610,5.6670,5.6500,5.6590,28000
2007-12-18 07:35:00,5.6630,5.6690,5.6530,5.6610,2800
2007-12-18 07:33:00,5.6520,5.6620,5.6410,5.6540,25340
2007-12-18 07:30:00,5.6550,5.6620,5.6410,5.6500,37772
2007-12-18 07:29:00,5.6570,5.6630,5.6440,5.6540,32200
2007-12-18 07:28:00,5.6640,5.6700,5.6530,5.6620,14000
2007-12-18 07:27:00,5.6640,5.6700,5.6530,5.6620,42000
2007-12-18 07:24:00,5.6670,5.6730,5.6560,5.6650,2800
2007-12-18 07:22:00,5.6630,5.6700,5.6520,5.6620,16604
2007-12-18 07:18:00,5.6640,5.6700,5.6530,5.6620,2800
2007-12-18 07:16:00,5.6560,5.6620,5.6440,5.6530,30800
2007-12-18 07:14:00,5.6700,5.6760,5.6590,5.6680,8428
2007-12-18 07:12:00,5.6700,5.6760,5.6590,5.6680,2800
2007-12-18 07:09:00,5.6660,5.6710,5.6550,5.6630,5600
2007-12-18 07:07:00,5.6670,5.6730,5.6550,5.6630,37800
2007-12-18 07:00:00,5.6850,5.6910,5.6590,5.6680,62440
2007-12-18 06:56:00,5.6700,5.6770,5.6550,5.6630,44800
2007-12-18 06:55:00,5.6660,5.6710,5.6550,5.6630,28000
2007-12-18 06:54:00,5.6560,5.6760,5.6450,5.6680,33460
2007-12-18 06:53:00,5.6560,5.6620,5.6450,5.6540,8400
2007-12-18 06:43:00,5.6700,5.6760,5.6590,5.6680,14000
2007-12-18 05:59:00,5.6700,5.6760,5.6590,5.6680,5600
2007-12-18 05:54:00,5.6670,5.6730,5.6560,5.6650,2800
2007-12-18 05:48:00,5.6660,5.6720,5.6550,5.6640,8400
2007-12-18 04:15:00,5.6310,5.6360,5.6200,5.6290,2800
2007-12-17 19:59:00,5.5890,5.5960,5.5790,5.5880,17612
2007-12-17 19:58:00,5.5900,5.5950,5.5790,5.5880,4200
2007-12-17 19:56:00,5.5890,5.5950,5.5760,5.5850,8400
2007-12-17 19:55:00,5.5860,5.5970,5.5740,5.5890,146496
2007-12-17 19:54:00,5.5850,5.5910,5.5740,5.5830,9800
2007-12-17 19:51:00,5.5840,5.5890,5.5730,5.5820,5600
2007-12-17 19:45:00,5.5820,5.5880,5.5710,5.5800,8400
2007-12-17 19:42:00,5.5820,5.5880,5.5710,5.5800,14000
2007-12-17 19:41:00,5.5850,5.5910,5.5740,5.5830,2800
2007-12-17 19:40:00,5.5820,5.5880,5.5710,5.5800,6020
2007-12-17 19:39:00,5.5820,5.5880,5.5710,5.5800,5516
2007-12-17 19:37:00,5.5850,5.5910,5.5740,5.5830,2800
2007-12-17 19:36:00,5.5840,5.5890,5.5710,5.5800,11284
2007-12-17 19:34:00,5.5820,5.5880,5.5710,5.5800,2800
2007-12-17 19:33:00,5.5820,5.5880,5.5710,5.5800,8316
2007-12-17 19:25:00,5.5850,5.5910,5.5720,5.5810,11340
2007-12-17 19:24:00,5.5850,5.5910,5.5740,5.5830,2800
2007-12-17 19:21:00,5.5870,5.5920,5.5740,5.5830,13272
2007-12-17 19:20:00,5.5850,5.5910,5.5740,5.5830,2800
2007-12-17 19:19:00,5.5840,5.5900,5.5740,5.5820,5600
2007-12-17 19:17:00,5.5850,5.5910,5.5740,5.5830,7672
2007-12-17 19:14:00,5.5820,5.5910,5.5710,5.5830,14000
2007-12-17 19:13:00,5.5850,5.5910,5.5740,5.5830,8400
2007-12-17 19:12:00,5.5790,5.5850,5.5690,5.5770,8400
2007-12-17 19:11:00,5.5850,5.5910,5.5690,5.5770,5600
2007-12-17 19:07:00,5.5850,5.5910,5.5740,5.5830,28000
2007-12-17 19:06:00,5.5830,5.5910,5.5720,5.5820,61292
2007-12-17 19:03:00,5.5810,5.5860,5.5700,5.5790,2800
2007-12-17 19:02:00,5.5810,5.5860,5.5680,5.5770,37296
2007-12-17 18:57:00,5.5790,5.5860,5.5650,5.5760,38500
2007-12-17 18:55:00,5.5820,5.5890,5.5710,5.5820,8400
2007-12-17 18:53:00,5.5840,5.5890,5.5680,5.5770,13664
2007-12-17 18:52:00,5.5790,5.5900,5.5690,5.5820,8400
2007-12-17 18:50:00,5.5840,5.5910,5.5730,5.5830,10080
2007-12-17 18:47:00,5.5830,5.5890,5.5730,5.5820,19320
2007-12-17 18:46:00,5.5790,5.5850,5.5680,5.5770,3500
2007-12-17 18:45:00,5.5760,5.5820,5.5650,5.5740,5600
2007-12-17 18:42:00,5.5790,5.5850,5.5680,5.5770,9380
2007-12-17 18:41:00,5.5830,5.5890,5.5720,5.5810,2800
2007-12-17 18:40:00,5.5790,5.5850,5.5680,5.5770,7420
2007-12-17 18:39:00,5.5790,5.5850,5.5680,5.5770,2800
2007-12-17 18:32:00,5.5760,5.5850,5.5650,5.5770,53228
2007-12-17 18:29:00,5.5790,5.5850,5.5680,5.5770,28000
2007-12-17 18:28:00,5.5780,5.5850,5.5680,5.5770,46900
2007-12-17 18:27:00,5.5910,5.5970,5.5650,5.5740,267120
2007-12-17 18:25:00,5.5720,5.5780,5.5610,5.5700,7700
2007-12-17 18:23:00,5.5740,5.5800,5.5630,5.5720,2800
2007-12-17 18:22:00,5.5760,5.5820,5.5650,5.5740,2800
2007-12-17 18:21:00,5.5760,5.5820,5.5650,5.5740,14000
2007-12-17 18:20:00,5.5760,5.5820,5.5650,5.5740,2800
2007-12-17 18:18:00,5.5770,5.5830,5.5660,5.5750,2800
2007-12-17 18:15:00,5.5740,5.5800,5.5630,5.5720,2800
2007-12-17 18:14:00,5.5780,5.5830,5.5670,5.5760,5600
2007-12-17 18:10:00,5.5780,5.5830,5.5670,5.5760,2800
2007-12-17 18:09:00,5.5780,5.5850,5.5680,5.5770,15764
2007-12-17 18:07:00,5.5790,5.5850,5.5570,5.5660,32564
2007-12-17 18:06:00,5.5780,5.5890,5.5670,5.5820,14000
2007-12-17 18:05:00,5.5790,5.5880,5.5680,5.5770,11200
2007-12-17 18:04:00,5.5790,5.5850,5.5680,5.5770,37800
2007-12-17 18:03:00,5.5750,5.5840,5.5640,5.5760,28000
2007-12-17 18:02:00,5.5740,5.5800,5.5630,5.5720,22400
2007-12-17 18:01:00,5.5710,5.5780,5.5610,5.5710,29008
2007-12-17 18:00:00,5.5660,5.5760,5.5550,5.5680,50960
2007-12-17 17:59:00,5.5660,5.5720,5.5550,5.5640,42000
2007-12-17 17:56:00,5.5690,5.5750,5.5580,5.5670,32200
2007-12-17 17:55:00,5.5700,5.5790,5.5590,5.5710,103600
2007-12-17 17:54:00,5.5660,5.5770,5.5550,5.5700,61740
2007-12-17 17:53:00,5.5690,5.5740,5.5580,5.5670,5600
2007-12-17 17:52:00,5.5690,5.5770,5.5580,5.5700,11200
2007-12-17 17:51:00,5.6700,5.6760,5.6590,5.6680,28000
2007-12-17 17:50:00,5.5690,5.5750,5.5570,5.5650,38724
2007-12-17 17:49:00,5.5710,5.5760,5.5580,5.5670,42000
2007-12-17 17:48:00,5.5710,5.5760,5.5600,5.5690,2800
2007-12-17 17:47:00,5.5720,5.5770,5.5610,5.5700,2800
2007-12-17 17:45:00,5.5700,5.5760,5.5590,5.5680,14000
2007-12-17 17:44:00,5.5700,5.5760,5.5600,5.5680,16800
2007-12-17 17:42:00,5.6040,5.6090,5.5930,5.6020,25200
2007-12-17 17:41:00,5.5760,5.5820,5.5650,5.5740,7000
2007-12-17 17:39:00,5.5720,5.5820,5.5590,5.5740,90440
2007-12-17 17:36:00,5.5720,5.5770,5.5610,5.5700,14000
2007-12-17 17:35:00,5.5730,5.5790,5.5620,5.5710,11900
2007-12-17 17:34:00,5.5730,5.5790,5.5620,5.5710,14000
2007-12-17 17:33:00,5.5750,5.5810,5.5640,5.5730,6888
2007-12-17 17:32:00,5.5790,5.5850,5.5680,5.5770,7980
2007-12-17 17:30:00,5.5770,5.5830,5.5660,5.5760,53368
2007-12-17 17:29:00,5.5720,5.5770,5.5610,5.5700,16800
2007-12-17 17:28:00,5.5720,5.5770,5.5610,5.5700,11200
2007-12-17 17:24:00,5.5730,5.5790,5.5620,5.5710,8316
2007-12-17 17:22:00,5.5700,5.5780,5.5590,5.5710,24500
2007-12-17 17:21:00,5.5700,5.5760,5.5590,5.5680,8204
2007-12-17 17:20:00,5.5750,5.5800,5.5620,5.5710,13860
2007-12-17 17:18:00,5.5750,5.5800,5.5640,5.5730,4592
2007-12-17 17:15:00,5.5780,5.5830,5.5670,5.5760,4200
2007-12-17 17:14:00,5.5790,5.5850,5.5680,5.5770,14000
2007-12-17 17:12:00,5.5760,5.5810,5.5650,5.5740,2800
2007-12-17 17:11:00,5.5790,5.5850,5.5650,5.5740,108500
2007-12-17 17:10:00,5.5790,5.5850,5.5690,5.5770,28700
2007-12-17 17:09:00,5.5810,5.5860,5.5700,5.5790,7000
2007-12-17 17:08:00,5.5810,5.5860,5.5700,5.5790,2800
2007-12-17 17:07:00,5.5820,5.5890,5.5700,5.5820,11144
2007-12-17 17:04:00,5.5820,5.5880,5.5710,5.5800,2800
2007-12-17 17:03:00,5.5840,5.5890,5.5730,5.5820,2800
2007-12-17 17:00:00,5.5820,5.5880,5.5700,5.5790,19600
2007-12-17 16:58:00,5.5810,5.5860,5.5700,5.5790,2800
2007-12-17 16:56:00,5.5820,5.5880,5.5710,5.5800,2800
2007-12-17 16:55:00,5.5820,5.5880,5.5710,5.5800,4956
2007-12-17 16:54:00,5.5820,5.5880,5.5710,5.5800,7644
2007-12-17 16:51:00,5.5790,5.5850,5.5690,5.5770,2800
2007-12-17 16:50:00,5.5850,5.5900,5.5740,5.5830,2800
2007-12-17 16:49:00,5.5790,5.5910,5.5680,5.5800,117012
2007-12-17 16:48:00,5.5780,5.5850,5.5670,5.5770,16100
2007-12-17 16:46:00,5.5780,5.5970,5.5670,5.5890,13244
2007-12-17 16:44:00,5.5790,5.5850,5.5680,5.5770,5460
2007-12-17 16:43:00,5.5780,5.5830,5.5670,5.5760,6300
2007-12-17 16:42:00,5.5790,5.5850,5.5670,5.5760,30800
2007-12-17 16:41:00,5.5810,5.5860,5.5680,5.5770,52668
2007-12-17 16:39:00,5.5810,5.5860,5.5700,5.5790,11200
2007-12-17 16:37:00,5.5810,5.5860,5.5690,5.5770,5600
2007-12-17 16:36:00,5.5800,5.5850,5.5690,5.5770,16800
2007-12-17 16:35:00,5.5840,5.5900,5.5730,5.5820,19348
2007-12-17 16:34:00,5.5910,5.5970,5.5810,5.5890,12908
2007-12-17 16:31:00,5.5790,5.5900,5.5680,5.5820,73976
2007-12-17 16:30:00,5.5910,5.5970,5.5690,5.5780,35112
2007-12-17 16:28:00,5.5820,5.5880,5.5700,5.5780,11900
2007-12-17 16:27:00,5.6620,5.6680,5.5680,5.5770,56000
2007-12-17 16:26:00,5.5780,5.6790,5.5670,5.5770,1758008
2007-12-17 16:25:00,5.5800,5.6590,5.5670,5.6510,549808
2007-12-17 16:24:00,5.5800,5.5860,5.5700,5.5780,4116
2007-12-17 16:23:00,5.5910,5.5970,5.5810,5.5890,195524
2007-12-17 16:22:00,5.5830,5.5910,5.5730,5.5830,17248
2007-12-17 16:21:00,5.5840,5.5890,5.5680,5.5790,30800
2007-12-17 16:20:00,5.5850,5.6710,5.5730,5.6630,36904
2007-12-17 16:18:00,5.5850,5.5910,5.5730,5.5820,16100
2007-12-17 16:17:00,5.5840,5.5910,5.5730,5.5830,26600
2007-12-17 16:16:00,5.5840,5.5900,5.5730,5.5820,7000
2007-12-17 16:15:00,5.5850,5.5940,5.5730,5.5870,179200
2007-12-17 16:14:00,5.5850,5.5910,5.5740,5.5830,140000
2007-12-17 16:12:00,5.5910,5.6720,5.5710,5.6630,2708132
2007-12-17 16:11:00,5.6670,5.7790,5.5730,5.5820,2606548
2007-12-17 16:10:00,5.5840,5.5900,5.5730,5.5820,25200
2007-12-17 16:09:00,5.6660,5.6720,5.5760,5.5840,220808
2007-12-17 16:08:00,5.5860,5.5920,5.5760,5.5840,9520
2007-12-17 16:07:00,5.6550,5.6600,5.5760,5.5880,63000
2007-12-17 16:06:00,5.5910,5.6720,5.5800,5.6640,571172
2007-12-17 16:05:00,5.5840,5.5970,5.5730,5.5890,123256
2007-12-17 16:04:00,5.5910,5.5970,5.5740,5.5820,340956
2007-12-17 16:03:00,5.5850,5.6100,5.5740,5.5820,84952
2007-12-17 16:02:00,5.5870,5.5940,5.5760,5.5850,78400
2007-12-17 16:01:00,5.5890,5.5970,5.5740,5.5840,307720
2007-12-17 16:00:00,5.5920,5.6000,5.5780,5.5870,12629680
2007-12-17 15:59:00,5.5920,5.6040,5.5800,5.5920,5733896
2007-12-17 15:58:00,5.5860,5.6050,5.5750,5.5890,5194252
2007-12-17 15:57:00,5.5790,5.5930,5.5680,5.5830,4659536
2007-12-17 15:56:00,5.5820,5.5920,5.5690,5.5770,3371760
2007-12-17 15:55:00,5.5850,5.5940,5.5710,5.5800,2771580
2007-12-17 15:54:00,5.5890,5.5980,5.5690,5.5820,3044188
2007-12-17 15:53:00,5.5840,5.5980,5.5730,5.5870,4011000
2007-12-17 15:52:00,5.5700,5.5910,5.5590,5.5820,4137392
2007-12-17 15:51:00,5.5870,5.5930,5.5560,5.5670,5017096
2007-12-17 15:50:00,5.6010,5.6060,5.5710,5.5850,4868024
2007-12-17 15:49:00,5.6090,5.6150,5.5880,5.6000,2502248
2007-12-17 15:48:00,5.6060,5.6160,5.5920,5.6060,3893092
2007-12-17 15:47:00,5.6210,5.6270,5.5940,5.6040,3276140
2007-12-17 15:46:00,5.6160,5.6270,5.6010,5.6180,2640848
2007-12-17 15:45:00,5.6210,5.6300,5.6020,5.6150,3547152
2007-12-17 15:44:00,5.6300,5.6410,5.6090,5.6190,3835748
2007-12-17 15:43:00,5.6190,5.6380,5.6080,5.6280,2988160
2007-12-17 15:42:00,5.6220,5.6290,5.6060,5.6170,2918076
2007-12-17 15:41:00,5.6250,5.6410,5.6100,5.6200,2596272
2007-12-17 15:40:00,5.6300,5.6410,5.6110,5.6230,3233720
2007-12-17 15:39:00,5.6270,5.6420,5.6160,5.6280,2377564
2007-12-17 15:38:00,5.6340,5.6460,5.6150,5.6250,4442200
2007-12-17 15:37:00,5.6270,5.6400,5.6120,5.6320,3922716
2007-12-17 15:36:00,5.6210,5.6350,5.6090,5.6250,4283020
2007-12-17 15:35:00,5.6240,5.6360,5.6050,5.6190,3477264
2007-12-17 15:34:00,5.6200,5.6360,5.6070,5.6220,6035176
2007-12-17 15:33:00,5.6180,5.6250,5.6060,5.6180,3268496
2007-12-17 15:32:00,5.6200,5.6270,5.6030,5.6160,2593584
2007-12-17 15:31:00,5.6110,5.6270,5.5980,5.6180,4187008
2007-12-17 15:30:00,5.6050,5.6200,5.5940,5.6080,1937208
2007-12-17 15:29:00,5.6120,5.6190,5.5900,5.6030,2304596
2007-12-17 15:28:00,5.6100,5.6240,5.5990,5.6100,3471020
2007-12-17 15:27:00,5.6100,5.6190,5.5880,5.6070,2904216
2007-12-17 15:26:00,5.6070,5.6200,5.5870,5.6070,5045012
2007-12-17 15:25:00,5.6120,5.6230,5.5910,5.6040,2845192
2007-12-17 15:24:00,5.6140,5.6240,5.5980,5.6100,3173772
2007-12-17 15:23:00,5.6030,5.6260,5.5870,5.6120,6908216
2007-12-17 15:22:00,5.5890,5.6100,5.5750,5.6020,3309292
2007-12-17 15:21:00,5.5920,5.6060,5.5720,5.5860,2527588
2007-12-17 15:20:00,5.5880,5.6010,5.5750,5.5890,1631168
2007-12-17 15:19:00,5.5900,5.5960,5.5720,5.5860,1475124
2007-12-17 15:18:00,5.5840,5.5990,5.5680,5.5880,2082388
2007-12-17 15:17:00,5.5920,5.6010,5.5710,5.5820,3193960
2007-12-17 15:16:00,5.6020,5.6080,5.5810,5.5900,2472624
2007-12-17 15:15:00,5.6040,5.6150,5.5900,5.6000,1648080
2007-12-17 15:14:00,5.6030,5.6130,5.5900,5.6020,1886192
2007-12-17 15:13:00,5.6100,5.6160,5.5900,5.6010,2528260
2007-12-17 15:12:00,5.6040,5.6180,5.5920,5.6080,3308648
2007-12-17 15:11:00,5.5990,5.6110,5.5860,5.6020,2659916
2007-12-17 15:10:00,5.5850,5.6070,5.5740,5.5970,2924040
2007-12-17 15:09:00,5.5750,5.5950,5.5610,5.5830,2372132
2007-12-17 15:08:00,5.5830,5.5920,5.5620,5.5720,2689904
2007-12-17 15:07:00,5.5830,5.6000,5.5720,5.5800,2415112
2007-12-17 15:06:00,5.5800,5.5910,5.5620,5.5800,3042788
2007-12-17 15:05:00,5.5850,5.5930,5.5640,5.5790,3240692
2007-12-17 15:04:00,5.6020,5.6090,5.5730,5.5830,3650976
2007-12-17 15:03:00,5.6100,5.6190,5.5880,5.6000,3490284
2007-12-17 15:02:00,5.5960,5.6170,5.5840,5.6080,3785936
2007-12-17 15:01:00,5.5950,5.6030,5.5810,5.5940,2418136
2007-12-17 15:00:00,5.5840,5.6030,5.5710,5.5940,2317952
2007-12-17 14:59:00,5.5860,5.5960,5.5700,5.5820,2122064
2007-12-17 14:58:00,5.5760,5.5920,5.5620,5.5840,2582636
2007-12-17 14:57:00,5.5830,5.5900,5.5650,5.5740,2380504
2007-12-17 14:56:00,5.5780,5.5910,5.5670,5.5810,2070908
2007-12-17 14:55:00,5.5720,5.5850,5.5580,5.5760,3314556
2007-12-17 14:54:00,5.5850,5.5910,5.5610,5.5710,1706460
2007-12-17 14:53:00,5.5820,5.5930,5.5640,5.5830,2378180
2007-12-17 14:52:00,5.5880,5.5960,5.5710,5.5800,1391880
2007-12-17 14:51:00,5.5840,5.5980,5.5680,5.5860,2238684
2007-12-17 14:50:00,5.5960,5.6020,5.5660,5.5820,3296104
2007-12-17 14:49:00,5.5960,5.6080,5.5840,5.5940,1322608
2007-12-17 14:48:00,5.6040,5.6110,5.5760,5.5940,2386664
2007-12-17 14:47:00,5.6010,5.6140,5.5890,5.6020,1428504
2007-12-17 14:46:00,5.6010,5.6110,5.5870,5.5990,1640268
2007-12-17 14:45:00,5.5950,5.6090,5.5820,5.5990,1754368
2007-12-17 14:44:00,5.6060,5.6120,5.5800,5.5930,3160612
2007-12-17 14:43:00,5.6100,5.6160,5.5910,5.6050,2370284
2007-12-17 14:42:00,5.6140,5.6200,5.5960,5.6080,1868356
2007-12-17 14:41:00,5.6260,5.6310,5.6030,5.6130,2070992
2007-12-17 14:40:00,5.6200,5.6360,5.6070,5.6230,4151700
2007-12-17 14:39:00,5.6030,5.6250,5.5910,5.6160,4101888
2007-12-17 14:38:00,5.5990,5.6180,5.5870,5.6000,2884588
2007-12-17 14:37:00,5.6030,5.6080,5.5840,5.5960,2961560
2007-12-17 14:36:00,5.6020,5.6120,5.5910,5.6010,2345280
2007-12-17 14:35:00,5.6060,5.6150,5.5910,5.6000,1608768
2007-12-17 14:34:00,5.6110,5.6190,5.5910,5.6050,2134916
2007-12-17 14:33:00,5.6100,5.6180,5.5910,5.6090,2497880
2007-12-17 14:32:00,5.6030,5.6240,5.5910,5.6070,4120564
2007-12-17 14:31:00,5.5990,5.6150,5.5850,5.6000,4461044
2007-12-17 14:30:00,5.5880,5.6060,5.5770,5.5970,2933224
2007-12-17 14:29:00,5.5730,5.5940,5.5630,5.5860,2165548
2007-12-17 14:28:00,5.5830,5.5920,5.5620,5.5710,1887592
2007-12-17 14:27:00,5.5830,5.5920,5.5650,5.5810,1660232
2007-12-17 14:26:00,5.5840,5.5930,5.5690,5.5810,1822688
2007-12-17 14:25:00,5.5800,5.5880,5.5610,5.5810,1749972
2007-12-17 14:24:00,5.5800,5.5920,5.5680,5.5770,3196564
2007-12-17 14:23:00,5.5830,5.5940,5.5690,5.5780,2138612
2007-12-17 14:22:00,5.5800,5.5900,5.5640,5.5800,2559452
2007-12-17 14:21:00,5.5800,5.5900,5.5640,5.5780,3317832
2007-12-17 14:20:00,5.5620,5.5860,5.5510,5.5770,2646140
2007-12-17 14:19:00,5.5710,5.5770,5.5490,5.5600,1460676
2007-12-17 14:18:00,5.5720,5.5840,5.5560,5.5680,2596580
2007-12-17 14:17:00,5.5670,5.5820,5.5560,5.5700,1478904
2007-12-17 14:16:00,5.5530,5.5770,5.5430,5.5650,2484216
2007-12-17 14:15:00,5.5650,5.5720,5.5380,5.5530,4776408
2007-12-17 14:14:00,5.5790,5.5880,5.5400,5.5620,3853500
2007-12-17 14:13:00,5.5890,5.5950,5.5680,5.5770,1864408
2007-12-17 14:12:00,5.5840,5.5990,5.5730,5.5870,1538068
2007-12-17 14:11:00,5.5830,5.5960,5.5710,5.5830,1170960
2007-12-17 14:10:00,5.5920,5.5970,5.5640,5.5810,2919672
2007-12-17 14:09:00,5.5950,5.6050,5.5780,5.5900,2497096
2007-12-17 14:08:00,5.5800,5.6040,5.5660,5.5920,4079208
2007-12-17 14:07:00,5.5700,5.5890,5.5590,5.5780,1731800
2007-12-17 14:06:00,5.5830,5.5900,5.5590,5.5680,2398872
2007-12-17 14:05:00,5.5830,5.5910,5.5680,5.5810,2450616
2007-12-17 14:04:00,5.5790,5.5930,5.5680,5.5810,2324812
2007-12-17 14:03:00,5.5790,5.5910,5.5640,5.5770,2654736
2007-12-17 14:02:00,5.5790,5.5880,5.5650,5.5770,3207400
2007-12-17 14:01:00,5.5600,5.5860,5.5490,5.5770,3624544
2007-12-17 14:00:00,5.5590,5.5680,5.5440,5.5580,3702188
2007-12-17 13:59:00,5.5560,5.5680,5.5380,5.5560,6407128
2007-12-17 13:58:00,5.5620,5.5730,5.5420,5.5540,3434788
2007-12-17 13:57:00,5.5770,5.5890,5.5480,5.5600,3095232
2007-12-17 13:56:00,5.5750,5.5920,5.5630,5.5740,4377716
2007-12-17 13:55:00,5.5630,5.5830,5.5500,5.5740,2976624
2007-12-17 13:54:00,5.5730,5.5800,5.5530,5.5620,3440780
2007-12-17 13:53:00,5.5830,5.5890,5.5520,5.5720,3441536
2007-12-17 13:52:00,5.5870,5.5950,5.5690,5.5810,2838696
2007-12-17 13:51:00,5.5760,5.5990,5.5650,5.5840,3472252
2007-12-17 13:50:00,5.5770,5.5850,5.5640,5.5730,2755340
2007-12-17 13:49:00,5.5660,5.5850,5.5550,5.5750,3549420
2007-12-17 13:48:00,5.5610,5.5720,5.5410,5.5630,5090400
2007-12-17 13:47:00,5.5890,5.5950,5.5480,5.5570,9385460
2007-12-17 13:46:00,5.5980,5.6050,5.5780,5.5870,2802072
2007-12-17 13:45:00,5.5980,5.6040,5.5810,5.5960,3225936
2007-12-17 13:44:00,5.5920,5.6050,5.5810,5.5960,2668708
2007-12-17 13:43:00,5.5940,5.6010,5.5780,5.5910,2935548
2007-12-17 13:42:00,5.5900,5.6030,5.5770,5.5930,3631068
2007-12-17 13:41:00,5.6030,5.6130,5.5760,5.5910,5724572
2007-12-17 13:40:00,5.6190,5.6250,5.5920,5.6020,8085952
2007-12-17 13:39:00,5.6280,5.6330,5.6080,5.6170,3208520
2007-12-17 13:38:00,5.6330,5.6410,5.6140,5.6260,2498496
2007-12-17 13:37:00,5.6350,5.6420,5.6190,5.6310,1167544
2007-12-17 13:36:00,5.6360,5.6460,5.6240,5.6330,1439228
2007-12-17 13:35:00,5.6400,5.6460,5.6210,5.6340,1351252
2007-12-17 13:34:00,5.6380,5.6490,5.6270,5.6380,1205484
2007-12-17 13:33:00,5.6330,5.6460,5.6190,5.6350,1275904
2007-12-17 13:32:00,5.6320,5.6410,5.6210,5.6310,1149764
2007-12-17 13:31:00,5.6360,5.6440,5.6190,5.6300,1923180
2007-12-17 13:30:00,5.6320,5.6470,5.6200,5.6340,1752324
2007-12-17 13:29:00,5.6330,5.6420,5.6150,5.6300,3077816
2007-12-17 13:28:00,5.6450,5.6500,5.6210,5.6310,2731288
2007-12-17 13:27:00,5.6440,5.6530,5.6330,5.6430,878612
2007-12-17 13:26:00,5.6450,5.6520,5.6310,5.6420,1150604
2007-12-17 13:25:00,5.6500,5.6560,5.6330,5.6430,856212
2007-12-17 13:24:00,5.6540,5.6610,5.6360,5.6480,781060
2007-12-17 13:23:00,5.6570,5.6630,5.6400,5.6520,1610756
2007-12-17 13:22:00,5.6500,5.6630,5.6380,5.6560,1838676
2007-12-17 13:21:00,5.6470,5.6550,5.6340,5.6470,829388
2007-12-17 13:20:00,5.6420,5.6590,5.6300,5.6440,2120776
2007-12-17 13:19:00,5.6440,5.6520,5.6260,5.6400,3067596
2007-12-17 13:18:00,5.6480,5.6540,5.6330,5.6420,1027068
2007-12-17 13:17:00,5.6450,5.6570,5.6320,5.6440,1262156
2007-12-17 13:16:00,5.6450,5.6540,5.6290,5.6430,2348248
2007-12-17 13:15:00,5.6490,5.6550,5.6290,5.6420,3797584
2007-12-17 13:14:00,5.6480,5.6550,5.6320,5.6470,1443484
2007-12-17 13:13:00,5.6610,5.6660,5.6350,5.6460,2085048
2007-12-17 13:12:00,5.6600,5.6670,5.6480,5.6590,513464
2007-12-17 13:11:00,5.6570,5.6670,5.6460,5.6570,546336
2007-12-17 13:10:00,5.6600,5.6680,5.6460,5.6550,833252
2007-12-17 13:09:00,5.6600,5.6670,5.6450,5.6580,645680
2007-12-17 13:08:00,5.6620,5.6680,5.6440,5.6580,2427600
2007-12-17 13:07:00,5.6670,5.6750,5.6510,5.6600,895132
2007-12-17 13:06:00,5.6750,5.6820,5.6520,5.6650,2410912
2007-12-17 13:05:00,5.6770,5.6830,5.6590,5.6730,1484392
2007-12-17 13:04:00,5.6780,5.6850,5.6660,5.6750,339584
2007-12-17 13:03:00,5.6790,5.6860,5.6660,5.6760,459060
2007-12-17 13:02:00,5.6770,5.6860,5.6640,5.6770,1077860
2007-12-17 13:01:00,5.6750,5.6830,5.6630,5.6740,1335600
2007-12-17 13:00:00,5.6830,5.6920,5.6640,5.6730,2311736
2007-12-17 12:59:00,5.6890,5.6960,5.6710,5.6810,2015916
2007-12-17 12:58:00,5.6810,5.6950,5.6700,5.6870,1978116
2007-12-17 12:57:00,5.6800,5.6870,5.6660,5.6790,522844
2007-12-17 12:56:00,5.6800,5.6890,5.6660,5.6780,745864
2007-12-17 12:55:00,5.6770,5.6900,5.6660,5.6780,1694028
2007-12-17 12:54:00,5.6790,5.6890,5.6600,5.6750,1278648
2007-12-17 12:53:00,5.6670,5.6860,5.6560,5.6770,1427664
2007-12-17 12:52:00,5.6650,5.6740,5.6540,5.6650,590632
2007-12-17 12:51:00,5.6630,5.6710,5.6520,5.6630,372624
2007-12-17 12:50:00,5.6640,5.6710,5.6510,5.6610,440888
2007-12-17 12:49:00,5.6650,5.6710,5.6500,5.6620,840168
2007-12-17 12:48:00,5.6640,5.6730,5.6530,5.6620,976444
2007-12-17 12:47:00,5.6610,5.6710,5.6470,5.6620,1224328
2007-12-17 12:46:00,5.6600,5.6690,5.6470,5.6590,1765372
2007-12-17 12:45:00,5.6590,5.6710,5.6480,5.6590,1276072
2007-12-17 12:44:00,5.6730,5.6790,5.6480,5.6580,1639960
2007-12-17 12:43:00,5.6740,5.6800,5.6590,5.6710,481628
2007-12-17 12:42:00,5.6730,5.6810,5.6590,5.6720,970032
2007-12-17 12:41:00,5.6710,5.6800,5.6600,5.6710,525700
2007-12-17 12:40:00,5.6760,5.6820,5.6590,5.6690,985796
2007-12-17 12:39:00,5.6750,5.6840,5.6640,5.6740,683788
2007-12-17 12:38:00,5.6790,5.6850,5.6630,5.6730,347900
2007-12-17 12:37:00,5.6750,5.6870,5.6630,5.6770,660324
2007-12-17 12:36:00,5.6760,5.6840,5.6630,5.6730,681184
2007-12-17 12:35:00,5.6800,5.6870,5.6630,5.6740,925848
2007-12-17 12:34:00,5.6830,5.6890,5.6660,5.6780,941780
2007-12-17 12:33:00,5.6840,5.6920,5.6710,5.6820,1014216
2007-12-17 12:32:00,5.6800,5.6930,5.6680,5.6820,1655248
2007-12-17 12:31:00,5.6820,5.6900,5.6670,5.6770,689220
2007-12-17 12:30:00,5.6850,5.6930,5.6690,5.6800,1422680
2007-12-17 12:29:00,5.6840,5.6940,5.6730,5.6830,1037288
2007-12-17 12:28:00,5.6820,5.6910,5.6710,5.6820,1158024
2007-12-17 12:27:00,5.6790,5.6890,5.6650,5.6800,1179360
2007-12-17 12:26:00,5.6800,5.6870,5.6650,5.6770,987812
2007-12-17 12:25:00,5.6780,5.6880,5.6670,5.6770,1213268
2007-12-17 12:24:00,5.6750,5.6900,5.6630,5.6770,1184988
2007-12-17 12:23:00,5.6750,5.6820,5.6630,5.6730,546504
2007-12-17 12:22:00,5.6710,5.6820,5.6560,5.6730,1264284
2007-12-17 12:21:00,5.6710,5.6790,5.6580,5.6690,542892
2007-12-17 12:20:00,5.6760,5.6820,5.6560,5.6680,1449448
2007-12-17 12:19:00,5.6750,5.6830,5.6610,5.6740,774368
2007-12-17 12:18:00,5.6750,5.6840,5.6630,5.6730,644924
2007-12-17 12:17:00,5.6800,5.6870,5.6610,5.6730,1891316
2007-12-17 12:16:00,5.6790,5.6870,5.6660,5.6790,1727908
2007-12-17 12:15:00,5.6850,5.6940,5.6670,5.6770,2316076
2007-12-17 12:14:00,5.6820,5.6910,5.6700,5.6820,1417052
2007-12-17 12:13:00,5.6790,5.6880,5.6660,5.6800,1269016
2007-12-17 12:12:00,5.6730,5.6870,5.6620,5.6780,1155028
2007-12-17 12:11:00,5.6730,5.6800,5.6560,5.6710,1494612
2007-12-17 12:10:00,5.6730,5.6820,5.6620,5.6700,697928
2007-12-17 12:09:00,5.6760,5.6830,5.6610,5.6710,1260140
2007-12-17 12:08:00,5.6740,5.6830,5.6620,5.6740,928704
2007-12-17 12:07:00,5.6730,5.6830,5.6600,5.6710,1696912
2007-12-17 12:06:00,5.6690,5.6800,5.6560,5.6700,1218644
2007-12-17 12:05:00,5.6630,5.6780,5.6510,5.6670,1374156
2007-12-17 12:04:00,5.6680,5.6760,5.6520,5.6610,1383928
2007-12-17 12:03:00,5.6700,5.6790,5.6530,5.6670,1581916
2007-12-17 12:02:00,5.6740,5.6830,5.6570,5.6680,2234036
2007-12-17 12:01:00,5.6640,5.6800,5.6520,5.6720,1721104
2007-12-17 12:00:00,5.6670,5.6750,5.6500,5.6620,1615376
2007-12-17 11:59:00,5.6600,5.6750,5.6480,5.6650,1596868
2007-12-17 11:58:00,5.6620,5.6680,5.6470,5.6570,1299592
2007-12-17 11:57:00,5.6600,5.6710,5.6460,5.6600,1588356
2007-12-17 11:56:00,5.6630,5.6720,5.6470,5.6580,1465100
2007-12-17 11:55:00,5.6630,5.6720,5.6500,5.6600,1974196
2007-12-17 11:54:00,5.6580,5.6690,5.6460,5.6610,1367632
2007-12-17 11:53:00,5.6600,5.6670,5.6440,5.6560,1668352
2007-12-17 11:52:00,5.6670,5.6730,5.6480,5.6580,1938384
2007-12-17 11:51:00,5.6550,5.6730,5.6430,5.6650,1528464
2007-12-17 11:50:00,5.6520,5.6650,5.6320,5.6560,2158772
2007-12-17 11:49:00,5.6580,5.6660,5.6370,5.6500,1780464
2007-12-17 11:48:00,5.6560,5.6660,5.6430,5.6550,1037904
2007-12-17 11:47:00,5.6530,5.6650,5.6320,5.6540,3803100
2007-12-17 11:46:00,5.6620,5.6690,5.6370,5.6520,2056516
2007-12-17 11:45:00,5.6450,5.6680,5.6330,5.6600,2668820
2007-12-17 11:44:00,5.6530,5.6650,5.6330,5.6430,3316964
2007-12-17 11:43:00,5.6560,5.6620,5.6370,5.6500,2333604
2007-12-17 11:42:00,5.6650,5.6710,5.6440,5.6540,1417388
2007-12-17 11:41:00,5.6680,5.6750,5.6540,5.6630,1572564
2007-12-17 11:40:00,5.6640,5.6760,5.6520,5.6660,1547532
2007-12-17 11:39:00,5.6560,5.6720,5.6430,5.6610,2418948
2007-12-17 11:38:00,5.6580,5.6640,5.6420,5.6530,1616132
2007-12-17 11:37:00,5.6550,5.6650,5.6390,5.6560,2154208
2007-12-17 11:36:00,5.6520,5.6640,5.6370,5.6520,3394944
2007-12-17 11:35:00,5.6660,5.6740,5.6410,5.6510,3552444
2007-12-17 11:34:00,5.6740,5.6830,5.6510,5.6630,2997736
2007-12-17 11:33:00,5.6690,5.6810,5.6570,5.6720,2827552
2007-12-17 11:32:00,5.6690,5.6770,5.6530,5.6670,3272836
2007-12-17 11:31:00,5.6660,5.6820,5.6550,5.6670,3437196
2007-12-17 11:30:00,5.6640,5.6740,5.6520,5.6640,2653112
2007-12-17 11:29:00,5.6610,5.6730,5.6460,5.6620,2339064
2007-12-17 11:28:00,5.6660,5.6760,5.6470,5.6590,4174548
2007-12-17 11:27:00,5.6670,5.6770,5.6530,5.6650,3289496
2007-12-17 11:26:00,5.6630,5.6720,5.6460,5.6640,6780676
2007-12-17 11:25:00,5.6760,5.6820,5.6520,5.6620,5879300
2007-12-17 11:24:00,5.6770,5.6880,5.6620,5.6740,3909080
2007-12-17 11:23:00,5.6830,5.6920,5.6660,5.6760,3496976
2007-12-17 11:22:00,5.6900,5.7000,5.6680,5.6810,3363472
2007-12-17 11:21:00,5.6970,5.7020,5.6790,5.6880,3041444
2007-12-17 11:20:00,5.7110,5.7170,5.6860,5.6950,4293716
2007-12-17 11:19:00,5.7130,5.7190,5.6970,5.7090,1280972
2007-12-17 11:18:00,5.7140,5.7200,5.7000,5.7110,1158472
2007-12-17 11:17:00,5.7190,5.7260,5.7010,5.7110,1475180
2007-12-17 11:16:00,5.7180,5.7260,5.7030,5.7170,2435328
2007-12-17 11:15:00,5.7140,5.7260,5.6990,5.7160,2336152
2007-12-17 11:14:00,5.7120,5.7200,5.6980,5.7110,2800672
2007-12-17 11:13:00,5.7060,5.7170,5.6930,5.7090,2116856
2007-12-17 11:12:00,5.7080,5.7180,5.6890,5.7040,4553556
2007-12-17 11:11:00,5.7230,5.7320,5.6930,5.7050,4074196
2007-12-17 11:10:00,5.7180,5.7300,5.7050,5.7210,1134392
2007-12-17 11:09:00,5.7270,5.7340,5.7050,5.7160,3079440
2007-12-17 11:08:00,5.7280,5.7370,5.7160,5.7260,675248
2007-12-17 11:07:00,5.7320,5.7380,5.7160,5.7260,1130556
2007-12-17 11:06:00,5.7330,5.7420,5.7200,5.7300,566776
2007-12-17 11:05:00,5.7390,5.7450,5.7220,5.7310,526148
2007-12-17 11:04:00,5.7370,5.7470,5.7250,5.7370,1133636
2007-12-17 11:03:00,5.7410,5.7490,5.7230,5.7350,1211112
2007-12-17 11:02:00,5.7370,5.7510,5.7250,5.7390,2402428
2007-12-17 11:01:00,5.7340,5.7440,5.7220,5.7350,1940064
2007-12-17 11:00:00,5.7300,5.7410,5.7150,5.7330,1876756
2007-12-17 10:59:00,5.7270,5.7380,5.7140,5.7280,2133852
2007-12-17 10:58:00,5.7300,5.7370,5.7140,5.7260,1011220
2007-12-17 10:57:00,5.7250,5.7370,5.7130,5.7280,1361080
2007-12-17 10:56:00,5.7280,5.7340,5.7110,5.7230,2160760
2007-12-17 10:55:00,5.7290,5.7370,5.7150,5.7260,904344
2007-12-17 10:54:00,5.7300,5.7390,5.7160,5.7260,1681148
2007-12-17 10:53:00,5.7350,5.7410,5.7120,5.7270,2919308
2007-12-17 10:52:00,5.7340,5.7430,5.7210,5.7320,634816
2007-12-17 10:51:00,5.7350,5.7440,5.7210,5.7310,1100792
2007-12-17 10:50:00,5.7340,5.7420,5.7200,5.7320,1759828
2007-12-17 10:49:00,5.7400,5.7460,5.7220,5.7320,948416
2007-12-17 10:48:00,5.7340,5.7470,5.7220,5.7380,1371216
2007-12-17 10:47:00,5.7490,5.7550,5.7200,5.7310,2103416
2007-12-17 10:46:00,5.7550,5.7610,5.7350,5.7460,2077096
2007-12-17 10:45:00,5.7410,5.7620,5.7300,5.7530,1893640
2007-12-17 10:44:00,5.7440,5.7510,5.7260,5.7380,1314208
2007-12-17 10:43:00,5.7440,5.7540,5.7290,5.7420,1233260
2007-12-17 10:42:00,5.7420,5.7540,5.7290,5.7420,1361528
2007-12-17 10:41:00,5.7410,5.7530,5.7280,5.7400,1748404
2007-12-17 10:40:00,5.7370,5.7500,5.7250,5.7400,1019368
2007-12-17 10:39:00,5.7440,5.7490,5.7230,5.7350,2067492
2007-12-17 10:38:00,5.7440,5.7530,5.7320,5.7410,1232532
2007-12-17 10:37:00,5.7520,5.7590,5.7330,5.7420,2960496
2007-12-17 10:36:00,5.7350,5.7890,5.7200,5.7500,3532284
2007-12-17 10:35:00,5.7380,5.7450,5.7210,5.7330,1468880
2007-12-17 10:34:00,5.7370,5.7460,5.7250,5.7360,2143708
2007-12-17 10:33:00,5.7290,5.7430,5.7160,5.7350,1310036
2007-12-17 10:32:00,5.7300,5.7380,5.7150,5.7260,1561672
2007-12-17 10:31:00,5.7200,5.7370,5.7070,5.7280,1877652
2007-12-17 10:30:00,5.7270,5.7350,5.7070,5.7180,2734816
2007-12-17 10:29:00,5.7290,5.7350,5.7100,5.7260,1802136
2007-12-17 10:28:00,5.7350,5.7420,5.7130,5.7270,2596748
2007-12-17 10:27:00,5.7400,5.7460,5.7180,5.7330,2608144
2007-12-17 10:26:00,5.7370,5.7490,5.7230,5.7380,1792056
2007-12-17 10:25:00,5.7350,5.7440,5.7190,5.7340,2344860
2007-12-17 10:24:00,5.7410,5.7490,5.7210,5.7330,2933476
2007-12-17 10:23:00,5.7390,5.7510,5.7260,5.7390,2097872
2007-12-17 10:22:00,5.7380,5.7500,5.7250,5.7380,4355064
2007-12-17 10:21:00,5.7310,5.7440,5.7170,5.7360,4865784
2007-12-17 10:20:00,5.7220,5.7420,5.7100,5.7290,3715964
2007-12-17 10:19:00,5.7260,5.7350,5.7100,5.7200,3320352
2007-12-17 10:18:00,5.7290,5.7370,5.7120,5.7240,2902620
2007-12-17 10:17:00,5.7260,5.7370,5.7090,5.7260,4840416
2007-12-17 10:16:00,5.7300,5.7370,5.7080,5.7240,3782716
2007-12-17 10:15:00,5.7170,5.7390,5.7020,5.7290,7750624
2007-12-17 10:14:00,5.7290,5.7350,5.7050,5.7140,4984728
2007-12-17 10:13:00,5.7460,5.7580,5.7120,5.7270,6895392
2007-12-17 10:12:00,5.7540,5.7610,5.7350,5.7460,3562720
2007-12-17 10:11:00,5.7540,5.7630,5.7360,5.7520,3907568
2007-12-17 10:10:00,5.7440,5.7590,5.7320,5.7510,2736748
2007-12-17 10:09:00,5.7500,5.7670,5.7260,5.7420,5030844
2007-12-17 10:08:00,5.7640,5.7740,5.7370,5.7480,4874072
2007-12-17 10:07:00,5.7620,5.7760,5.7480,5.7600,3049788
2007-12-17 10:06:00,5.7670,5.7800,5.7510,5.7600,4233936
2007-12-17 10:05:00,5.7770,5.7890,5.7460,5.7650,6315596
2007-12-17 10:04:00,5.7850,5.7960,5.7630,5.7760,4366404
2007-12-17 10:03:00,5.7870,5.7940,5.7710,5.7830,2274048
2007-12-17 10:02:00,5.7920,5.7980,5.7710,5.7850,4183872
2007-12-17 10:01:00,5.7920,5.8000,5.7780,5.7900,1656872
2007-12-17 10:00:00,5.7940,5.8010,5.7730,5.7890,3292884
2007-12-17 09:59:00,5.8040,5.8120,5.7800,5.7920,2336180
2007-12-17 09:58:00,5.8080,5.8180,5.7860,5.8010,2477804
2007-12-17 09:57:00,5.8020,5.8170,5.7910,5.8050,2808512
2007-12-17 09:56:00,5.8030,5.8120,5.7880,5.8000,2824696
2007-12-17 09:55:00,5.7950,5.8110,5.7790,5.8010,3805088
2007-12-17 09:54:00,5.7940,5.8040,5.7760,5.7920,2867088
2007-12-17 09:53:00,5.7950,5.8070,5.7790,5.7910,4629604
2007-12-17 09:52:00,5.8080,5.8150,5.7800,5.7930,4801832
2007-12-17 09:51:00,5.8120,5.8220,5.7960,5.8050,1827980
2007-12-17 09:50:00,5.8170,5.8230,5.7980,5.8100,1602972
2007-12-17 09:49:00,5.8090,5.8250,5.7950,5.8140,3840872
2007-12-17 09:48:00,5.8090,5.8160,5.7940,5.8070,3135944
2007-12-17 09:47:00,5.8010,5.8160,5.7890,5.8070,2804704
2007-12-17 09:46:00,5.8110,5.8230,5.7880,5.7980,4890480
2007-12-17 09:45:00,5.8080,5.8190,5.7950,5.8090,2768136
2007-12-17 09:44:00,5.8070,5.8200,5.7950,5.8060,2310980
2007-12-17 09:43:00,5.8150,5.8280,5.7890,5.8040,5190164
2007-12-17 09:42:00,5.8300,5.8370,5.8020,5.8120,4237324
2007-12-17 09:41:00,5.8230,5.8390,5.8080,5.8280,5048568
2007-12-17 09:40:00,5.8210,5.8340,5.8080,5.8210,2571800
2007-12-17 09:39:00,5.8370,5.8430,5.8040,5.8200,4755240
2007-12-17 09:38:00,5.8320,5.8450,5.8210,5.8350,3423364
2007-12-17 09:37:00,5.8320,5.8470,5.8180,5.8290,3896116
2007-12-17 09:36:00,5.8310,5.8460,5.8190,5.8300,6374060
2007-12-17 09:35:00,5.8240,5.8450,5.8120,5.8280,5169164
2007-12-17 09:34:00,5.8220,5.8360,5.8090,5.8210,4837952
2007-12-17 09:33:00,5.8130,5.8290,5.7950,5.8200,4739924
2007-12-17 09:32:00,5.8090,5.8200,5.7780,5.8120,3820768
2007-12-17 09:31:00,5.8160,5.8320,5.7950,5.8040,5007940
2007-12-17 09:30:00,5.7830,5.8320,5.7710,5.8140,8960000
2007-12-17 09:29:00,5.7920,5.8000,5.7710,5.7800,258440
2007-12-17 09:28:00,5.7950,5.8020,5.7680,5.7870,566132
2007-12-17 09:26:00,5.7950,5.8010,5.7840,5.7930,5600
2007-12-17 09:25:00,5.7970,5.8030,5.7830,5.7920,64400
2007-12-17 09:24:00,5.7980,5.8040,5.7860,5.7950,55720
2007-12-17 09:23:00,5.8000,5.8060,5.7870,5.7960,5600
2007-12-17 09:22:00,5.7980,5.8070,5.7860,5.7990,57680
2007-12-17 09:21:00,5.7950,5.8020,5.7840,5.7940,14056
2007-12-17 09:20:00,5.7950,5.8010,5.7840,5.7930,14000
2007-12-17 09:19:00,5.7980,5.8040,5.7830,5.7940,30800
2007-12-17 09:18:00,5.7980,5.8030,5.7860,5.7950,11200
2007-12-17 09:16:00,5.7960,5.8030,5.7850,5.7950,19600
2007-12-17 09:15:00,5.7940,5.8020,5.7830,5.7940,39200
2007-12-17 09:14:00,5.7930,5.7990,5.7820,5.7910,2800
2007-12-17 09:13:00,5.7950,5.8020,5.7810,5.7930,76412
2007-12-17 09:12:00,5.7990,5.8060,5.7880,5.7970,64148
2007-12-17 09:11:00,5.8000,5.8060,5.7890,5.7980,16800
2007-12-17 09:10:00,5.7990,5.8060,5.7880,5.7980,40264
2007-12-17 09:09:00,5.8010,5.8060,5.7860,5.7980,134400
2007-12-17 09:08:00,5.8010,5.8080,5.7890,5.8000,91028
2007-12-17 09:07:00,5.8010,5.8080,5.7890,5.8000,77000
2007-12-17 09:06:00,5.8020,5.8110,5.7890,5.7990,70000
2007-12-17 09:05:00,5.8040,5.8120,5.7870,5.8040,121240
2007-12-17 09:04:00,5.7910,5.8090,5.7800,5.8010,434560
2007-12-17 09:03:00,5.7840,5.8030,5.7730,5.7890,235816
2007-12-17 09:02:00,5.7840,5.7900,5.7700,5.7790,30772
2007-12-17 09:00:00,5.7840,5.7890,5.7720,5.7810,5600
2007-12-17 08:59:00,5.7810,5.7870,5.7700,5.7790,14000
2007-12-17 08:58:00,5.7790,5.7850,5.7680,5.7770,12040
2007-12-17 08:57:00,5.7810,5.7870,5.7670,5.7760,38080
2007-12-17 08:56:00,5.7790,5.7850,5.7680,5.7770,4480
2007-12-17 08:55:00,5.7780,5.7850,5.7670,5.7770,48580
2007-12-17 08:54:00,5.7780,5.7840,5.7670,5.7760,8960
2007-12-17 08:53:00,5.7780,5.7850,5.7670,5.7760,59920
2007-12-17 08:52:00,5.7790,5.7850,5.7670,5.7760,45360
2007-12-17 08:51:00,5.7790,5.7850,5.7680,5.7770,5600
2007-12-17 08:50:00,5.7790,5.7880,5.7680,5.7800,8400
2007-12-17 08:49:00,5.7790,5.7850,5.7670,5.7760,8400
2007-12-17 08:48:00,5.7810,5.7870,5.7680,5.7770,23212
2007-12-17 08:47:00,5.7820,5.7880,5.7710,5.7800,2800
2007-12-17 08:46:00,5.7840,5.7900,5.7730,5.7820,18200
2007-12-17 08:44:00,5.7840,5.7900,5.7730,5.7820,2800
2007-12-17 08:42:00,5.7850,5.7910,5.7740,5.7830,2800
2007-12-17 08:41:00,5.7860,5.7930,5.7730,5.7850,12348
2007-12-17 08:40:00,5.7860,5.7920,5.7750,5.7840,2800
2007-12-17 08:39:00,5.7860,5.7920,5.7750,5.7840,2800
2007-12-17 08:38:00,5.7850,5.7910,5.7740,5.7830,5600
2007-12-17 08:37:00,5.7850,5.7910,5.7740,5.7830,5880
2007-12-17 08:36:00,5.7870,5.7920,5.7750,5.7840,2800
2007-12-17 08:35:00,5.7850,5.7930,5.7740,5.7850,14000
2007-12-17 08:34:00,5.7820,5.7880,5.7710,5.7800,9016
2007-12-17 08:33:00,5.7820,5.7880,5.7710,5.7800,28000
2007-12-17 08:32:00,5.7840,5.7900,5.7620,5.7800,48720
2007-12-17 08:31:00,5.7890,5.7950,5.7780,5.7870,2800
2007-12-17 08:30:00,5.7840,5.7900,5.7730,5.7820,2800
2007-12-17 08:29:00,5.7820,5.7880,5.7710,5.7800,5600
2007-12-17 08:28:00,5.7870,5.7930,5.7660,5.7800,72548
2007-12-17 08:27:00,5.7910,5.7960,5.7770,5.7860,24500
2007-12-17 08:26:00,5.7880,5.7970,5.7770,5.7890,151200
2007-12-17 08:25:00,5.7920,5.7980,5.7810,5.7900,34580
2007-12-17 08:24:00,5.7910,5.7980,5.7760,5.7850,35000
2007-12-17 08:23:00,5.7890,5.7950,5.7780,5.7870,35000
2007-12-17 08:22:00,5.7860,5.7920,5.7750,5.7840,2800
2007-12-17 08:21:00,5.7880,5.7950,5.7770,5.7870,16800
2007-12-17 08:20:00,5.7940,5.7990,5.7750,5.7840,314216
2007-12-17 08:19:00,5.7940,5.8010,5.7800,5.7900,78400
2007-12-17 08:18:00,5.7920,5.8020,5.7810,5.7930,54600
2007-12-17 08:17:00,5.7930,5.8000,5.7800,5.7890,32200
2007-12-17 08:16:00,5.7910,5.8030,5.7770,5.7950,55804
2007-12-17 08:15:00,5.7840,5.7970,5.7730,5.7890,132300
2007-12-17 08:14:00,5.7850,5.7920,5.7740,5.7830,36400
2007-12-17 08:13:00,5.7850,5.7910,5.7730,5.7830,106400
2007-12-17 08:12:00,5.7810,5.7900,5.7690,5.7820,69440
2007-12-17 08:11:00,5.7760,5.7870,5.7580,5.7740,106148
2007-12-17 08:10:00,5.7760,5.7820,5.7650,5.7740,2800
2007-12-17 08:09:00,5.7760,5.7820,5.7640,5.7730,24080
2007-12-17 08:08:00,5.7770,5.7870,5.7640,5.7740,306264
2007-12-17 08:07:00,5.7790,5.7850,5.7680,5.7770,32200
2007-12-17 08:06:00,5.7850,5.7940,5.7660,5.7860,97832
2007-12-17 08:05:00,5.7730,5.7910,5.7620,5.7770,103600
2007-12-17 08:04:00,5.7740,5.7840,5.7630,5.7740,25200
2007-12-17 08:03:00,5.7700,5.7750,5.7580,5.7670,8400
2007-12-17 08:02:00,5.7610,5.7750,5.7500,5.7670,22400
2007-12-17 08:01:00,5.7610,5.7730,5.7500,5.7650,12264
2007-12-17 08:00:00,5.7600,5.7810,5.7380,5.7590,115724
2007-12-17 07:59:00,5.7610,5.7670,5.7500,5.7590,8400
2007-12-17 07:57:00,5.7600,5.7750,5.7490,5.7670,19600
2007-12-17 07:48:00,5.7380,5.7440,5.7270,5.7360,13244
2007-12-17 07:34:00,5.7610,5.7670,5.7500,5.7590,54544
2007-12-17 07:30:00,5.7550,5.7610,5.7440,5.7530,5600
2007-12-17 07:28:00,5.7310,5.7370,5.7200,5.7290,5600
2007-12-17 07:27:00,5.7310,5.7520,5.7200,5.7440,52220
2007-12-17 07:24:00,5.7310,5.7370,5.7200,5.7290,16800
2007-12-17 07:21:00,5.7450,5.7670,5.7340,5.7430,39200
2007-12-17 07:12:00,5.7310,5.7370,5.7200,5.7290,70000
2007-12-17 07:08:00,5.7310,5.7370,5.7200,5.7290,92400
2007-12-17 07:04:00,5.7320,5.7380,5.7200,5.7290,8400
2007-12-17 06:11:00,5.7370,5.7420,5.7250,5.7340,2800
2007-12-17 05:03:00,5.7380,5.7440,5.7270,5.7360,8400
2007-12-14 19:59:00,5.7730,5.7790,5.7620,5.7710,5600
2007-12-14 19:58:00,5.7720,5.7780,5.7610,5.7700,5600
2007-12-14 19:57:00,5.7720,5.7780,5.7610,5.7700,18340
2007-12-14 19:56:00,5.7720,5.7780,5.7610,5.7700,2800
2007-12-14 19:53:00,5.7720,5.7780,5.7610,5.7700,2800
2007-12-14 19:52:00,5.7710,5.7770,5.7600,5.7690,49448
2007-12-14 19:49:00,5.7710,5.7770,5.7600,5.7690,4648
2007-12-14 19:48:00,5.7710,5.7760,5.7580,5.7670,5600
2007-12-14 19:42:00,5.7710,5.7770,5.7600,5.7690,5600
2007-12-14 19:40:00,5.7690,5.7750,5.7580,5.7670,8540
2007-12-14 19:38:00,5.7690,5.7750,5.7580,5.7670,12040
2007-12-14 19:33:00,5.7710,5.7770,5.7600,5.7690,47600
2007-12-14 19:31:00,5.7700,5.7750,5.7580,5.7670,5600
2007-12-14 19:30:00,5.7700,5.7750,5.7580,5.7670,5600
2007-12-14 19:21:00,5.7710,5.7770,5.7600,5.7690,2800
2007-12-14 19:13:00,5.7700,5.7760,5.7590,5.7680,4424
2007-12-14 19:11:00,5.7700,5.7760,5.7590,5.7680,2800
2007-12-14 19:06:00,5.7720,5.7780,5.7610,5.7700,6300
2007-12-14 19:04:00,5.7720,5.7780,5.7610,5.7700,24640
2007-12-14 19:00:00,5.7700,5.7760,5.7590,5.7680,2800
2007-12-14 18:59:00,5.7700,5.7760,5.7590,5.7680,31976
2007-12-14 18:52:00,5.7700,5.7760,5.7590,5.7680,2800
2007-12-14 18:33:00,5.7690,5.7750,5.7580,5.7670,12684
2007-12-14 18:31:00,5.7700,5.7760,5.7590,5.7680,5600
2007-12-14 18:25:00,5.7700,5.7750,5.7580,5.7670,2800
2007-12-14 18:24:00,5.7700,5.7750,5.7580,5.7670,2800
2007-12-14 18:21:00,5.7700,5.7750,5.7580,5.7670,2800
2007-12-14 18:18:00,5.7700,5.7760,5.7590,5.7680,11984
2007-12-14 18:14:00,5.7710,5.7780,5.7600,5.7700,5600
2007-12-14 18:13:00,5.7710,5.7770,5.7600,5.7690,2800
2007-12-14 18:06:00,5.7720,5.7780,5.7610,5.7700,6300
2007-12-14 18:05:00,5.7720,5.7780,5.7610,5.7700,2800
2007-12-14 18:03:00,5.7720,5.7780,5.7610,5.7700,28000
2007-12-14 18:00:00,5.7720,5.7780,5.7610,5.7700,2800
2007-12-14 17:53:00,5.7700,5.7760,5.7590,5.7680,5124
2007-12-14 17:52:00,5.7720,5.7780,5.7610,5.7700,5600
2007-12-14 17:48:00,5.7700,5.7760,5.7590,5.7680,2800
2007-12-14 17:46:00,5.7720,5.7780,5.7610,5.7700,5600
2007-12-14 17:44:00,5.7720,5.7780,5.7610,5.7700,5180
2007-12-14 17:41:00,5.7720,5.7780,5.7610,5.7700,5600
2007-12-14 17:37:00,5.7710,5.7770,5.7590,5.7680,27328
2007-12-14 17:36:00,5.7710,5.7770,5.7600,5.7690,11200
2007-12-14 17:32:00,5.7710,5.7770,5.7600,5.7690,13160
2007-12-14 17:23:00,5.7730,5.7780,5.7620,5.7700,5460
2007-12-14 17:19:00,5.7710,5.7780,5.7590,5.7700,28000
2007-12-14 17:15:00,5.7700,5.7760,5.7590,5.7680,22400
2007-12-14 17:10:00,5.7700,5.7760,5.7590,5.7680,28000
2007-12-14 17:08:00,5.7720,5.7780,5.7610,5.7700,6832
2007-12-14 17:05:00,5.7710,5.7790,5.7600,5.7710,2235240
2007-12-14 17:04:00,5.7710,5.7780,5.7600,5.7700,112000
2007-12-14 17:02:00,5.7710,5.7770,5.7600,5.7690,4396
2007-12-14 17:00:00,5.7710,5.7770,5.7600,5.7690,2800
2007-12-14 16:59:00,5.7730,5.7790,5.7620,5.7710,14840000
2007-12-14 16:58:00,5.7710,5.7760,5.7590,5.7680,2800
2007-12-14 16:53:00,5.7720,5.7780,5.7610,5.7700,20860
2007-12-14 16:50:00,5.7720,5.7780,5.7610,5.7700,14000
2007-12-14 16:44:00,5.7710,5.7770,5.7600,5.7690,2800
2007-12-14 16:43:00,5.7710,5.7760,5.7590,5.7680,26768
2007-12-14 16:41:00,5.7730,5.7780,5.7620,5.7700,4900
2007-12-14 16:38:00,5.7720,5.7780,5.7610,5.7700,2800
2007-12-14 16:35:00,5.7730,5.7790,5.7620,5.7710,28000
2007-12-14 16:32:00,5.7730,5.7790,5.7620,5.7710,11200
2007-12-14 16:31:00,5.7730,5.7790,5.7590,5.7710,69720
2007-12-14 16:30:00,5.7720,5.7790,5.7610,5.7710,11200
2007-12-14 16:29:00,5.7730,5.7790,5.7620,5.7700,8628620
2007-12-14 16:28:00,5.7950,5.8010,5.7840,5.7930,224000
2007-12-14 16:25:00,5.7710,5.8010,5.7590,5.7930,19852
2007-12-14 16:23:00,5.7710,5.7760,5.7590,5.7680,2800
2007-12-14 16:22:00,5.7730,5.7790,5.7620,5.7710,10248
2007-12-14 16:21:00,5.7720,5.7780,5.7590,5.7680,33880
2007-12-14 16:19:00,5.7710,5.7760,5.7590,5.7680,15400
2007-12-14 16:18:00,5.7730,5.7790,5.7620,5.7710,50484
2007-12-14 16:17:00,5.7720,5.7780,5.7610,5.7700,40068
2007-12-14 16:16:00,5.7700,5.7760,5.7590,5.7680,25536
2007-12-14 16:15:00,5.7730,5.7790,5.7590,5.7680,8400
2007-12-14 16:14:00,5.7740,5.7800,5.7630,5.7720,7000
2007-12-14 16:13:00,5.7710,5.7770,5.7600,5.7690,28000
2007-12-14 16:12:00,5.7730,5.8010,5.7620,5.7930,86800
2007-12-14 16:11:00,5.7740,5.7790,5.7620,5.7710,106596
2007-12-14 16:10:00,5.7730,5.8010,5.7610,5.7930,39200
2007-12-14 16:09:00,5.7950,5.8010,5.7620,5.7710,383908
2007-12-14 16:08:00,5.7730,5.7790,5.7620,5.7710,17080
2007-12-14 16:07:00,5.7730,5.7800,5.7600,5.7720,75656
2007-12-14 16:06:00,5.7730,5.7800,5.7620,5.7710,213024
2007-12-14 16:05:00,5.7710,5.7780,5.7580,5.7700,177604
2007-12-14 16:03:00,5.7730,5.7820,5.7590,5.7680,107100
2007-12-14 16:02:00,5.7750,5.7810,5.7620,5.7710,94108
2007-12-14 16:01:00,5.7760,5.7820,5.7640,5.7740,44800
2007-12-14 16:00:00,5.7730,5.7820,5.7610,5.7740,11078592
2007-12-14 15:59:00,5.7710,5.7790,5.7570,5.7700,5597340
2007-12-14 15:58:00,5.7690,5.7770,5.7530,5.7690,4311608
2007-12-14 15:57:00,5.7680,5.7770,5.7540,5.7660,2261756
2007-12-14 15:56:00,5.7670,5.7750,5.7520,5.7670,2801316
2007-12-14 15:55:00,5.7630,5.7750,5.7500,5.7650,4650324
2007-12-14 15:54:00,5.7690,5.7750,5.7520,5.7610,4338180
2007-12-14 15:53:00,5.7740,5.7840,5.7560,5.7670,3101252
2007-12-14 15:52:00,5.7770,5.7850,5.7620,5.7740,3152688
2007-12-14 15:51:00,5.7790,5.7890,5.7650,5.7740,1755796
2007-12-14 15:50:00,5.7810,5.7880,5.7650,5.7760,2830828
2007-12-14 15:49:00,5.7840,5.7940,5.7650,5.7780,3897152
2007-12-14 15:48:00,5.7690,5.7940,5.7580,5.7830,3474128
2007-12-14 15:47:00,5.7730,5.7810,5.7580,5.7670,1710856
2007-12-14 15:46:00,5.7770,5.7840,5.7580,5.7700,1766660
2007-12-14 15:45:00,5.7710,5.7840,5.7560,5.7740,1776180
2007-12-14 15:44:00,5.7680,5.7790,5.7550,5.7690,1987496
2007-12-14 15:43:00,5.7730,5.7820,5.7530,5.7650,2268392
2007-12-14 15:42:00,5.7710,5.7790,5.7550,5.7710,2206624
2007-12-14 15:41:00,5.7700,5.7810,5.7570,5.7690,2063684
2007-12-14 15:40:00,5.7760,5.7830,5.7580,5.7670,2261868
2007-12-14 15:39:00,5.7770,5.7850,5.7610,5.7740,1522248
2007-12-14 15:38:00,5.7820,5.7940,5.7630,5.7750,2428188
2007-12-14 15:37:00,5.7900,5.7970,5.7710,5.7800,2369808
2007-12-14 15:36:00,5.7840,5.7960,5.7730,5.7870,2432192
2007-12-14 15:35:00,5.7810,5.7910,5.7660,5.7820,2408084
2007-12-14 15:34:00,5.7800,5.7880,5.7650,5.7790,1837668
2007-12-14 15:33:00,5.7770,5.7870,5.7650,5.7770,2188284
2007-12-14 15:32:00,5.7760,5.7830,5.7620,5.7750,1303008
2007-12-14 15:31:00,5.7680,5.7830,5.7550,5.7740,3067008
2007-12-14 15:30:00,5.7690,5.7790,5.7550,5.7650,1817032
2007-12-14 15:29:00,5.7710,5.7790,5.7560,5.7680,1020348
2007-12-14 15:28:00,5.7730,5.7840,5.7590,5.7680,1875160
2007-12-14 15:27:00,5.7740,5.7810,5.7580,5.7700,1029280
2007-12-14 15:26:00,5.7730,5.7810,5.7560,5.7710,1506428
2007-12-14 15:25:00,5.7740,5.7830,5.7620,5.7710,1075172
2007-12-14 15:24:00,5.7710,5.7850,5.7590,5.7720,2291688
2007-12-14 15:23:00,5.7680,5.7800,5.7530,5.7690,1549520
2007-12-14 15:22:00,5.7690,5.7800,5.7550,5.7660,1455944
2007-12-14 15:21:00,5.7700,5.7770,5.7550,5.7670,1316868
2007-12-14 15:20:00,5.7690,5.7790,5.7560,5.7670,2129428
2007-12-14 15:19:00,5.7770,5.7840,5.7580,5.7670,2709560
2007-12-14 15:18:00,5.7830,5.7910,5.7660,5.7750,2529520
2007-12-14 15:17:00,5.7850,5.7970,5.7710,5.7820,2123296
2007-12-14 15:16:00,5.7930,5.8060,5.7740,5.7830,3397016
2007-12-14 15:15:00,5.8000,5.8060,5.7820,5.7920,1892688
2007-12-14 15:14:00,5.7940,5.8080,5.7830,5.7980,1948968
2007-12-14 15:13:00,5.7950,5.8020,5.7820,5.7920,690200
2007-12-14 15:12:00,5.7960,5.8030,5.7830,5.7920,1085756
2007-12-14 15:11:00,5.7980,5.8050,5.7830,5.7950,1158696
2007-12-14 15:10:00,5.7970,5.8030,5.7820,5.7950,1071448
2007-12-14 15:09:00,5.7930,5.8060,5.7790,5.7940,1621844
2007-12-14 15:08:00,5.7870,5.8000,5.7760,5.7910,1417724
2007-12-14 15:07:00,5.7860,5.7940,5.7730,5.7850,1018808
2007-12-14 15:06:00,5.7880,5.7970,5.7730,5.7840,1348872
2007-12-14 15:05:00,5.7840,5.7960,5.7710,5.7860,2319800
2007-12-14 15:04:00,5.7820,5.7910,5.7660,5.7800,2447760
2007-12-14 15:03:00,5.7760,5.7900,5.7610,5.7810,2156784
2007-12-14 15:02:00,5.7840,5.7900,5.7650,5.7740,2369304
2007-12-14 15:01:00,5.7810,5.7910,5.7680,5.7830,1499904
2007-12-14 15:00:00,5.7810,5.7920,5.7680,5.7790,1977948
2007-12-14 14:59:00,5.7910,5.7960,5.7700,5.7790,926856
2007-12-14 14:58:00,5.7900,5.7980,5.7730,5.7870,1290212
2007-12-14 14:57:00,5.7910,5.7970,5.7740,5.7880,1765960
2007-12-14 14:56:00,5.7920,5.7990,5.7750,5.7870,1735468
2007-12-14 14:55:00,5.8010,5.8080,5.7800,5.7900,1514800
2007-12-14 14:54:00,5.8050,5.8110,5.7890,5.7990,912212
2007-12-14 14:53:00,5.8000,5.8130,5.7870,5.8040,820288
2007-12-14 14:52:00,5.7960,5.8110,5.7840,5.7970,1652868
2007-12-14 14:51:00,5.7980,5.8090,5.7850,5.7940,1290856
2007-12-14 14:50:00,5.8020,5.8080,5.7830,5.7950,2092748
2007-12-14 14:49:00,5.8050,5.8110,5.7880,5.7980,1668996
2007-12-14 14:48:00,5.8070,5.8130,5.7920,5.8030,1270248
2007-12-14 14:47:00,5.8130,5.8190,5.7950,5.8050,823956
2007-12-14 14:46:00,5.8130,5.8200,5.8010,5.8110,846188
2007-12-14 14:45:00,5.8070,5.8190,5.7960,5.8100,957600
2007-12-14 14:44:00,5.8070,5.8140,5.7960,5.8050,479080
2007-12-14 14:43:00,5.8080,5.8200,5.7960,5.8060,974288
2007-12-14 14:42:00,5.8110,5.8200,5.7960,5.8070,1388044
2007-12-14 14:41:00,5.8070,5.8200,5.7950,5.8080,1746892
2007-12-14 14:40:00,5.8000,5.8120,5.7880,5.8040,1724884
2007-12-14 14:39:00,5.7990,5.8060,5.7870,5.7970,386960
2007-12-14 14:38:00,5.8020,5.8080,5.7880,5.7970,500052
2007-12-14 14:37:00,5.7970,5.8090,5.7860,5.8000,834456
2007-12-14 14:36:00,5.7950,5.8040,5.7840,5.7950,512652
2007-12-14 14:35:00,5.7940,5.8010,5.7830,5.7930,259588
2007-12-14 14:34:00,5.7940,5.8030,5.7820,5.7920,479220
2007-12-14 14:33:00,5.7930,5.8030,5.7810,5.7910,1000580
2007-12-14 14:32:00,5.7980,5.8050,5.7810,5.7900,923216
2007-12-14 14:31:00,5.7990,5.8060,5.7850,5.7960,776580
2007-12-14 14:30:00,5.8020,5.8090,5.7870,5.7970,1018360
2007-12-14 14:29:00,5.8030,5.8120,5.7880,5.8000,1298780
2007-12-14 14:28:00,5.7990,5.8100,5.7850,5.8020,1268932
2007-12-14 14:27:00,5.8000,5.8050,5.7850,5.7970,649404
2007-12-14 14:26:00,5.7980,5.8050,5.7860,5.7970,755580
2007-12-14 14:25:00,5.7950,5.8030,5.7840,5.7950,374724
2007-12-14 14:24:00,5.7960,5.8020,5.7840,5.7940,289800
2007-12-14 14:23:00,5.7970,5.8030,5.7820,5.7940,565908
2007-12-14 14:22:00,5.7920,5.8030,5.7790,5.7950,855148
2007-12-14 14:21:00,5.7910,5.7990,5.7790,5.7900,404488
2007-12-14 14:20:00,5.7890,5.7990,5.7780,5.7890,487536
2007-12-14 14:19:00,5.7890,5.7960,5.7760,5.7870,377468
2007-12-14 14:18:00,5.7860,5.7960,5.7740,5.7870,438984
2007-12-14 14:17:00,5.7900,5.7960,5.7750,5.7840,356300
2007-12-14 14:16:00,5.7910,5.7970,5.7750,5.7870,657804
2007-12-14 14:15:00,5.7910,5.8020,5.7790,5.7890,468384
2007-12-14 14:14:00,5.7930,5.7990,5.7770,5.7880,189560
2007-12-14 14:13:00,5.7960,5.8020,5.7780,5.7910,845544
2007-12-14 14:12:00,5.7970,5.8030,5.7810,5.7930,1159788
2007-12-14 14:11:00,5.7910,5.8030,5.7780,5.7950,802760
2007-12-14 14:10:00,5.7910,5.8010,5.7790,5.7890,1437548
2007-12-14 14:09:00,5.7880,5.7970,5.7760,5.7880,844228
2007-12-14 14:08:00,5.7910,5.7970,5.7760,5.7860,585312
2007-12-14 14:07:00,5.7840,5.7970,5.7730,5.7880,767200
2007-12-14 14:06:00,5.7870,5.7930,5.7720,5.7820,550480
2007-12-14 14:05:00,5.7880,5.7950,5.7730,5.7840,632800
2007-12-14 14:04:00,5.7910,5.7960,5.7730,5.7870,1053976
2007-12-14 14:03:00,5.7910,5.7990,5.7780,5.7890,566300
2007-12-14 14:02:00,5.7890,5.7990,5.7780,5.7880,1063804
2007-12-14 14:01:00,5.7890,5.7980,5.7730,5.7870,1736448
2007-12-14 14:00:00,5.7940,5.8000,5.7770,5.7870,522396
2007-12-14 13:59:00,5.7930,5.8010,5.7790,5.7910,498400
2007-12-14 13:58:00,5.7950,5.8020,5.7790,5.7910,398916
2007-12-14 13:57:00,5.7930,5.8020,5.7790,5.7910,724220
2007-12-14 13:56:00,5.7910,5.7990,5.7770,5.7900,281400
2007-12-14 13:55:00,5.7880,5.7970,5.7750,5.7880,570080
2007-12-14 13:54:00,5.7910,5.8000,5.7770,5.7860,318892
2007-12-14 13:53:00,5.7910,5.8030,5.7780,5.7870,1144108
2007-12-14 13:52:00,5.7890,5.7970,5.7780,5.7890,243992
2007-12-14 13:51:00,5.7950,5.8010,5.7780,5.7870,462000
2007-12-14 13:50:00,5.7970,5.8050,5.7820,5.7930,861112
2007-12-14 13:49:00,5.7950,5.8040,5.7810,5.7940,858480
2007-12-14 13:48:00,5.7890,5.8030,5.7760,5.7930,1621368
2007-12-14 13:47:00,5.7830,5.7950,5.7710,5.7860,716520
2007-12-14 13:46:00,5.7870,5.7930,5.7700,5.7810,429632
2007-12-14 13:45:00,5.7850,5.7960,5.7740,5.7840,888160
2007-12-14 13:44:00,5.7830,5.7920,5.7710,5.7820,824600
2007-12-14 13:43:00,5.7820,5.7900,5.7680,5.7800,647472
2007-12-14 13:42:00,5.7800,5.7890,5.7680,5.7800,572180
2007-12-14 13:41:00,5.7850,5.7910,5.7690,5.7780,923748
2007-12-14 13:40:00,5.7840,5.7910,5.7710,5.7830,551264
2007-12-14 13:39:00,5.7860,5.7930,5.7700,5.7830,1306900
2007-12-14 13:38:00,5.7920,5.7990,5.7740,5.7840,1367828
2007-12-14 13:37:00,5.7940,5.8000,5.7780,5.7900,1578556
2007-12-14 13:36:00,5.7960,5.8020,5.7820,5.7910,338912
2007-12-14 13:35:00,5.7980,5.8050,5.7830,5.7940,529452
2007-12-14 13:34:00,5.7960,5.8050,5.7820,5.7960,663600
2007-12-14 13:33:00,5.7960,5.8020,5.7810,5.7940,745220
2007-12-14 13:32:00,5.7930,5.8040,5.7810,5.7940,1238748
2007-12-14 13:31:00,5.7990,5.8050,5.7820,5.7910,1066492
2007-12-14 13:30:00,5.8020,5.8080,5.7870,5.7970,626276
2007-12-14 13:29:00,5.8000,5.8100,5.7880,5.8000,669508
2007-12-14 13:28:00,5.7990,5.8050,5.7850,5.7970,316652
2007-12-14 13:27:00,5.8040,5.8100,5.7860,5.7970,1636096
2007-12-14 13:26:00,5.8030,5.8120,5.7920,5.8020,1975512
2007-12-14 13:25:00,5.7970,5.8110,5.7850,5.8010,1915704
2007-12-14 13:24:00,5.7980,5.8040,5.7830,5.7940,919324
2007-12-14 13:23:00,5.7960,5.8040,5.7840,5.7960,456092
2007-12-14 13:22:00,5.7980,5.8080,5.7840,5.7940,1163400
2007-12-14 13:21:00,5.7990,5.8070,5.7850,5.7970,476952
2007-12-14 13:20:00,5.7970,5.8040,5.7840,5.7960,546616
2007-12-14 13:19:00,5.7950,5.8070,5.7840,5.7950,763616
2007-12-14 13:18:00,5.7970,5.8090,5.7840,5.7940,990808
2007-12-14 13:17:00,5.8000,5.8080,5.7840,5.7940,547708
2007-12-14 13:16:00,5.7990,5.8080,5.7870,5.7980,546952
2007-12-14 13:15:00,5.7990,5.8050,5.7850,5.7970,554064
2007-12-14 13:14:00,5.8000,5.8060,5.7870,5.7970,282520
2007-12-14 13:13:00,5.7980,5.8050,5.7860,5.7970,354676
2007-12-14 13:12:00,5.8020,5.8080,5.7870,5.7960,520240
2007-12-14 13:11:00,5.8010,5.8090,5.7890,5.8000,478800
2007-12-14 13:10:00,5.8020,5.8080,5.7870,5.7990,220640
2007-12-14 13:09:00,5.7990,5.8080,5.7870,5.8000,489720
2007-12-14 13:08:00,5.8010,5.8090,5.7870,5.7970,652680
2007-12-14 13:07:00,5.7970,5.8090,5.7850,5.7990,1070272
2007-12-14 13:06:00,5.7980,5.8040,5.7840,5.7940,271040
2007-12-14 13:05:00,5.8000,5.8060,5.7850,5.7950,686448
2007-12-14 13:04:00,5.7940,5.8060,5.7810,5.7970,637112
2007-12-14 13:03:00,5.7980,5.8050,5.7810,5.7910,911540
2007-12-14 13:02:00,5.7980,5.8060,5.7840,5.7960,808388
2007-12-14 13:01:00,5.7930,5.8060,5.7750,5.7950,2057076
2007-12-14 13:00:00,5.7970,5.8040,5.7820,5.7920,689052
2007-12-14 12:59:00,5.7960,5.8060,5.7830,5.7940,1224860
2007-12-14 12:58:00,5.7940,5.8040,5.7800,5.7950,1166676
2007-12-14 12:57:00,5.7970,5.8030,5.7820,5.7910,614516
2007-12-14 12:56:00,5.7950,5.8050,5.7830,5.7940,1418564
2007-12-14 12:55:00,5.7910,5.8020,5.7780,5.7920,1937908
2007-12-14 12:54:00,5.7880,5.7990,5.7750,5.7890,1004080
2007-12-14 12:53:00,5.7830,5.7950,5.7710,5.7850,717304
2007-12-14 12:52:00,5.7880,5.7940,5.7710,5.7810,782516
2007-12-14 12:51:00,5.7890,5.7970,5.7730,5.7860,1760416
2007-12-14 12:50:00,5.7800,5.7970,5.7680,5.7870,1058736
2007-12-14 12:49:00,5.7760,5.7870,5.7640,5.7770,1318324
2007-12-14 12:48:00,5.7810,5.7880,5.7650,5.7740,694456
2007-12-14 12:47:00,5.7820,5.7890,5.7700,5.7800,609364
2007-12-14 12:46:00,5.7820,5.7920,5.7700,5.7800,697396
2007-12-14 12:45:00,5.7820,5.7900,5.7680,5.7800,625800
2007-12-14 12:44:00,5.7830,5.7910,5.7710,5.7800,441224
2007-12-14 12:43:00,5.7840,5.7920,5.7710,5.7810,1012032
2007-12-14 12:42:00,5.7790,5.7910,5.7650,5.7820,734020
2007-12-14 12:41:00,5.7810,5.7910,5.7670,5.7770,982492
2007-12-14 12:40:00,5.7830,5.7890,5.7680,5.7790,868084
2007-12-14 12:39:00,5.7800,5.7900,5.7650,5.7810,1900696
2007-12-14 12:38:00,5.7750,5.7860,5.7590,5.7770,2789052
2007-12-14 12:37:00,5.7740,5.7820,5.7590,5.7720,941752
2007-12-14 12:36:00,5.7790,5.7870,5.7600,5.7710,1456952
2007-12-14 12:35:00,5.7740,5.7860,5.7620,5.7770,754040
2007-12-14 12:34:00,5.7760,5.7820,5.7580,5.7730,1538152
2007-12-14 12:33:00,5.7810,5.7880,5.7640,5.7740,934080
2007-12-14 12:32:00,5.7810,5.7880,5.7670,5.7790,890260
2007-12-14 12:31:00,5.7780,5.7930,5.7670,5.7790,1291640
2007-12-14 12:30:00,5.7720,5.7860,5.7590,5.7760,1601992
2007-12-14 12:29:00,5.7710,5.7790,5.7580,5.7690,1691620
2007-12-14 12:28:00,5.7750,5.7860,5.7590,5.7690,1654296
2007-12-14 12:27:00,5.7810,5.7860,5.7500,5.7720,6090280
2007-12-14 12:26:00,5.7920,5.7980,5.7660,5.7780,2522744
2007-12-14 12:25:00,5.7990,5.8050,5.7800,5.7900,1541652
2007-12-14 12:24:00,5.7980,5.8060,5.7870,5.7960,903168
2007-12-14 12:23:00,5.8030,5.8100,5.7870,5.7960,701120
2007-12-14 12:22:00,5.8030,5.8090,5.7900,5.8010,262528
2007-12-14 12:21:00,5.8030,5.8090,5.7900,5.8000,313124
2007-12-14 12:20:00,5.8020,5.8120,5.7910,5.8020,753536
2007-12-14 12:19:00,5.8040,5.8110,5.7910,5.8000,481796
2007-12-14 12:18:00,5.8000,5.8100,5.7890,5.8010,639464
2007-12-14 12:17:00,5.8020,5.8090,5.7870,5.7980,716576
2007-12-14 12:16:00,5.8030,5.8100,5.7900,5.8000,989016
2007-12-14 12:15:00,5.8090,5.8160,5.7910,5.8010,1141672
2007-12-14 12:14:00,5.8040,5.8150,5.7920,5.8070,568680
2007-12-14 12:13:00,5.8040,5.8140,5.7920,5.8020,665084
2007-12-14 12:12:00,5.8030,5.8120,5.7900,5.8020,801556
2007-12-14 12:11:00,5.8040,5.8120,5.7920,5.8010,426300
2007-12-14 12:10:00,5.8070,5.8130,5.7920,5.8020,738192
2007-12-14 12:09:00,5.8050,5.8130,5.7910,5.8050,1146040
2007-12-14 12:08:00,5.8060,5.8130,5.7910,5.8040,895804
2007-12-14 12:07:00,5.8070,5.8130,5.7940,5.8040,265384
2007-12-14 12:06:00,5.8070,5.8440,5.7930,5.8050,911372
2007-12-14 12:05:00,5.8090,5.8160,5.7940,5.8050,686896
2007-12-14 12:04:00,5.8100,5.8170,5.7960,5.8070,720300
2007-12-14 12:03:00,5.8070,5.8170,5.7950,5.8070,636188
2007-12-14 12:02:00,5.8080,5.8150,5.7910,5.8050,729540
2007-12-14 12:01:00,5.8090,5.8160,5.7950,5.8060,551404
2007-12-14 12:00:00,5.8020,5.8190,5.7900,5.8080,1611456
2007-12-14 11:59:00,5.8040,5.8100,5.7900,5.8010,471100
2007-12-14 11:58:00,5.8040,5.8120,5.7890,5.8020,1033228
2007-12-14 11:57:00,5.8000,5.8120,5.7880,5.8020,1208480
2007-12-14 11:56:00,5.7980,5.8060,5.7850,5.7970,1159788
2007-12-14 11:55:00,5.8020,5.8080,5.7840,5.7950,1888068
2007-12-14 11:54:00,5.7980,5.8100,5.7850,5.8010,1807008
2007-12-14 11:53:00,5.7970,5.8040,5.7840,5.7950,2139396
2007-12-14 11:52:00,5.7950,5.8030,5.7810,5.7950,1180704
2007-12-14 11:51:00,5.7980,5.8030,5.7810,5.7920,844144
2007-12-14 11:50:00,5.7950,5.8030,5.7830,5.7950,2136736
2007-12-14 11:49:00,5.7950,5.8040,5.7800,5.7930,2166612
2007-12-14 11:48:00,5.8040,5.8110,5.7800,5.7930,3741472
2007-12-14 11:47:00,5.8100,5.8180,5.7920,5.8020,2070348
2007-12-14 11:46:00,5.8180,5.8250,5.7990,5.8080,2238012
2007-12-14 11:45:00,5.8180,5.8250,5.8040,5.8160,708456
2007-12-14 11:44:00,5.8190,5.8250,5.8040,5.8150,911708
2007-12-14 11:43:00,5.8180,5.8250,5.8010,5.8170,1436260
2007-12-14 11:42:00,5.8270,5.8350,5.8060,5.8150,1974084
2007-12-14 11:41:00,5.8300,5.8360,5.8150,5.8250,313908
2007-12-14 11:40:00,5.8300,5.8400,5.8180,5.8280,873656
2007-12-14 11:39:00,5.8290,5.8360,5.8160,5.8270,587972
2007-12-14 11:38:00,5.8260,5.8360,5.8140,5.8270,950600
2007-12-14 11:37:00,5.8270,5.8360,5.8150,5.8240,610316
2007-12-14 11:36:00,5.8300,5.8360,5.8140,5.8250,729540
2007-12-14 11:35:00,5.8310,5.8370,5.8140,5.8280,772800
2007-12-14 11:34:00,5.8330,5.8390,5.8180,5.8290,807492
2007-12-14 11:33:00,5.8310,5.8390,5.8190,5.8300,506100
2007-12-14 11:32:00,5.8270,5.8380,5.8140,5.8300,1189972
2007-12-14 11:31:00,5.8250,5.8350,5.8130,5.8240,793772
2007-12-14 11:30:00,5.8290,5.8370,5.8140,5.8230,1789788
2007-12-14 11:29:00,5.8320,5.8410,5.8170,5.8270,964908
2007-12-14 11:28:00,5.8360,5.8440,5.8210,5.8310,842044
2007-12-14 11:27:00,5.8360,5.8450,5.8230,5.8340,898604
2007-12-14 11:26:00,5.8370,5.8430,5.8210,5.8340,993048
2007-12-14 11:25:00,5.8400,5.8470,5.8240,5.8340,1570324
2007-12-14 11:24:00,5.8410,5.8470,5.8250,5.8370,885108
2007-12-14 11:23:00,5.8410,5.8500,5.8280,5.8390,884464
2007-12-14 11:22:00,5.8470,5.8530,5.8280,5.8390,1489880
2007-12-14 11:21:00,5.8430,5.8540,5.8290,5.8450,1445388
2007-12-14 11:20:00,5.8400,5.8490,5.8280,5.8400,1426376
2007-12-14 11:19:00,5.8390,5.8460,5.8260,5.8380,1501416
2007-12-14 11:18:00,5.8330,5.8460,5.8210,5.8370,1845872
2007-12-14 11:17:00,5.8320,5.8420,5.8200,5.8310,1160124
2007-12-14 11:16:00,5.8320,5.8400,5.8190,5.8310,1125908
2007-12-14 11:15:00,5.8260,5.8400,5.8140,5.8300,1432032
2007-12-14 11:14:00,5.8280,5.8350,5.8130,5.8240,1880060
2007-12-14 11:13:00,5.8290,5.8360,5.8120,5.8260,2247140
2007-12-14 11:12:00,5.8300,5.8390,5.8150,5.8270,2004296
2007-12-14 11:11:00,5.8340,5.8430,5.8150,5.8280,2459156
2007-12-14 11:10:00,5.8330,5.8450,5.8210,5.8320,1689380
2007-12-14 11:09:00,5.8340,5.8420,5.8190,5.8310,1991668
2007-12-14 11:08:00,5.8320,5.8410,5.8150,5.8310,2238292
2007-12-14 11:07:00,5.8380,5.8450,5.8190,5.8290,2735936
2007-12-14 11:06:00,5.8460,5.8520,5.8270,5.8360,1625260
2007-12-14 11:05:00,5.8490,5.8560,5.8310,5.8460,1796900
2007-12-14 11:04:00,5.8470,5.8560,5.8340,5.8470,1157688
2007-12-14 11:03:00,5.8450,5.8580,5.8320,5.8440,1736840
2007-12-14 11:02:00,5.8520,5.8600,5.8320,5.8430,2288888
2007-12-14 11:01:00,5.8510,5.8610,5.8370,5.8500,2107924
2007-12-14 11:00:00,5.8550,5.8620,5.8400,5.8490,2687160
2007-12-14 10:59:00,5.8520,5.8610,5.8370,5.8530,1695988
2007-12-14 10:58:00,5.8470,5.8600,5.8350,5.8500,2643340
2007-12-14 10:57:00,5.8440,5.8570,5.8320,5.8450,1427916
2007-12-14 10:56:00,5.8500,5.8560,5.8280,5.8430,2343012
2007-12-14 10:55:00,5.8500,5.8630,5.8380,5.8480,1544620
2007-12-14 10:54:00,5.8550,5.8610,5.8380,5.8470,2046940
2007-12-14 10:53:00,5.8540,5.8640,5.8380,5.8520,3845464
2007-12-14 10:52:00,5.8500,5.8600,5.8370,5.8520,2543548
2007-12-14 10:51:00,5.8550,5.8620,5.8370,5.8480,3423644
2007-12-14 10:50:00,5.8500,5.8630,5.8380,5.8540,4873064
2007-12-14 10:49:00,5.8340,5.8560,5.8230,5.8480,5241964
2007-12-14 10:48:00,5.8290,5.8400,5.8150,5.8320,1893500
2007-12-14 10:47:00,5.8250,5.8380,5.8120,5.8270,2643452
2007-12-14 10:46:00,5.8210,5.8310,5.8060,5.8230,2346400
2007-12-14 10:45:00,5.8270,5.8360,5.8060,5.8180,2512664
2007-12-14 10:44:00,5.8270,5.8370,5.8110,5.8250,2848160
2007-12-14 10:43:00,5.8350,5.8430,5.8150,5.8250,3377108
2007-12-14 10:42:00,5.8280,5.8420,5.8120,5.8330,4678016
2007-12-14 10:41:00,5.8230,5.8350,5.8080,5.8260,4841844
2007-12-14 10:40:00,5.8080,5.8290,5.7960,5.8210,5782812
2007-12-14 10:39:00,5.7980,5.8140,5.7860,5.8060,4560976
2007-12-14 10:38:00,5.7990,5.8060,5.7850,5.7960,797748
2007-12-14 10:37:00,5.7950,5.8060,5.7810,5.7970,1700804
2007-12-14 10:36:00,5.7930,5.8030,5.7760,5.7930,1758092
2007-12-14 10:35:00,5.7910,5.7990,5.7770,5.7900,1149204
2007-12-14 10:34:00,5.7890,5.7990,5.7770,5.7890,1123724
2007-12-14 10:33:00,5.7860,5.7970,5.7740,5.7870,1440656
2007-12-14 10:32:00,5.7810,5.7920,5.7690,5.7840,1309056
2007-12-14 10:31:00,5.7850,5.7910,5.7670,5.7790,2334080
2007-12-14 10:30:00,5.7930,5.8000,5.7730,5.7830,2230508
2007-12-14 10:29:00,5.7970,5.8090,5.7810,5.7910,3326568
2007-12-14 10:28:00,5.7930,5.8050,5.7810,5.7950,2347996
2007-12-14 10:27:00,5.7950,5.8020,5.7810,5.7900,1333976
2007-12-14 10:26:00,5.7930,5.8010,5.7750,5.7930,1536472
2007-12-14 10:25:00,5.7890,5.8000,5.7740,5.7910,1285956
2007-12-14 10:24:00,5.7900,5.7960,5.7740,5.7870,966504
2007-12-14 10:23:00,5.7920,5.8000,5.7790,5.7880,1259468
2007-12-14 10:22:00,5.7870,5.7980,5.7740,5.7900,1804852
2007-12-14 10:21:00,5.7900,5.8000,5.7750,5.7840,1981000
2007-12-14 10:20:00,5.7930,5.8020,5.7760,5.7880,2478056
2007-12-14 10:19:00,5.7890,5.8020,5.7750,5.7910,2682036
2007-12-14 10:18:00,5.7910,5.8000,5.7760,5.7870,2891700
2007-12-14 10:17:00,5.7840,5.7970,5.7710,5.7890,2792888
2007-12-14 10:16:00,5.7710,5.7930,5.7600,5.7810,2244732
2007-12-14 10:15:00,5.7740,5.7820,5.7590,5.7680,1973580
2007-12-14 10:14:00,5.7720,5.7810,5.7600,5.7720,1761452
2007-12-14 10:13:00,5.7790,5.7890,5.7600,5.7700,2530948
2007-12-14 10:12:00,5.7760,5.7940,5.7650,5.7760,3530100
2007-12-14 10:11:00,5.7830,5.7890,5.7650,5.7740,1513260
2007-12-14 10:10:00,5.7790,5.7880,5.7650,5.7800,897064
2007-12-14 10:09:00,5.7770,5.7880,5.7620,5.7770,1804768
2007-12-14 10:08:00,5.7880,5.7940,5.7640,5.7750,3309796
2007-12-14 10:07:00,5.7930,5.8000,5.7740,5.7860,1558984
2007-12-14 10:06:00,5.7830,5.7980,5.7700,5.7900,1593788
2007-12-14 10:05:00,5.7870,5.7930,5.7690,5.7800,1678320
2007-12-14 10:04:00,5.7890,5.7950,5.7720,5.7850,1570436
2007-12-14 10:03:00,5.7990,5.8050,5.7740,5.7880,2005304
2007-12-14 10:02:00,5.7920,5.8060,5.7810,5.7970,2016588
2007-12-14 10:01:00,5.7820,5.8010,5.7700,5.7900,2449076
2007-12-14 10:00:00,5.7870,5.7930,5.7700,5.7800,1497300
2007-12-14 09:59:00,5.7870,5.7950,5.7740,5.7850,1329832
2007-12-14 09:58:00,5.7870,5.7970,5.7750,5.7850,1402352
2007-12-14 09:57:00,5.7870,5.8030,5.7750,5.7850,3210844
2007-12-14 09:56:00,5.7800,5.7930,5.7650,5.7850,2055088
2007-12-14 09:55:00,5.7730,5.7880,5.7580,5.7770,2561692
2007-12-14 09:54:00,5.7780,5.7850,5.7620,5.7710,2348276
2007-12-14 09:53:00,5.7800,5.7930,5.7650,5.7760,2712640
2007-12-14 09:52:00,5.7930,5.8000,5.7660,5.7770,3135776
2007-12-14 09:51:00,5.7910,5.8020,5.7760,5.7900,2927260
2007-12-14 09:50:00,5.8010,5.8090,5.7790,5.7880,4185552
2007-12-14 09:49:00,5.7910,5.8140,5.7790,5.7990,6085184
2007-12-14 09:48:00,5.7810,5.7990,5.7690,5.7890,4433296
2007-12-14 09:47:00,5.7810,5.7900,5.7660,5.7790,3430280
2007-12-14 09:46:00,5.7770,5.7900,5.7640,5.7780,3807608
2007-12-14 09:45:00,5.7650,5.7840,5.7510,5.7760,3082380
2007-12-14 09:44:00,5.7560,5.7740,5.7410,5.7630,3629220
2007-12-14 09:43:00,5.7630,5.7700,5.7440,5.7530,2247000
2007-12-14 09:42:00,5.7660,5.7730,5.7520,5.7620,1803788
2007-12-14 09:41:00,5.7670,5.7730,5.7500,5.7630,2017624
2007-12-14 09:40:00,5.7550,5.7740,5.7410,5.7650,3286780
2007-12-14 09:39:00,5.7610,5.7710,5.7430,5.7540,3192392
2007-12-14 09:38:00,5.7540,5.7710,5.7360,5.7590,4292540
2007-12-14 09:37:00,5.7660,5.7760,5.7430,5.7520,3822308
2007-12-14 09:36:00,5.7720,5.7780,5.7520,5.7630,3940860
2007-12-14 09:35:00,5.7820,5.7910,5.7600,5.7700,4020352
2007-12-14 09:34:00,5.7790,5.7920,5.7680,5.7800,3677296
2007-12-14 09:33:00,5.7700,5.7920,5.7570,5.7780,4237016
2007-12-14 09:32:00,5.7670,5.7790,5.7550,5.7670,3759028
2007-12-14 09:31:00,5.7570,5.7730,5.7450,5.7650,4027268
2007-12-14 09:30:00,5.7710,5.7790,5.7430,5.7540,6825504
2007-12-14 09:29:00,5.7730,5.7830,5.7590,5.7700,261100
2007-12-14 09:28:00,5.7690,5.7750,5.7580,5.7670,38528
2007-12-14 09:27:00,5.7720,5.7820,5.7590,5.7710,245532
2007-12-14 09:26:00,5.7670,5.7770,5.7550,5.7670,14000
2007-12-14 09:25:00,5.7650,5.7780,5.7540,5.7700,99932
2007-12-14 09:24:00,5.7670,5.7750,5.7560,5.7650,44800
2007-12-14 09:23:00,5.7720,5.7790,5.7550,5.7650,87080
2007-12-14 09:22:00,5.7720,5.7790,5.7610,5.7700,53116
2007-12-14 09:21:00,5.7740,5.7800,5.7620,5.7710,53200
2007-12-14 09:20:00,5.7740,5.7810,5.7610,5.7730,156800
2007-12-14 09:19:00,5.7720,5.7800,5.7610,5.7720,5600
2007-12-14 09:18:00,5.7700,5.7780,5.7580,5.7700,69300
2007-12-14 09:17:00,5.7650,5.7730,5.7530,5.7650,102536
2007-12-14 09:16:00,5.7670,5.7750,5.7550,5.7640,65800
2007-12-14 09:15:00,5.7700,5.7760,5.7570,5.7660,40600
2007-12-14 09:14:00,5.7700,5.7760,5.7560,5.7660,88200
2007-12-14 09:13:00,5.7700,5.7760,5.7580,5.7680,34860
2007-12-14 09:12:00,5.7710,5.7770,5.7580,5.7670,53340
2007-12-14 09:11:00,5.7720,5.7780,5.7600,5.7690,31836
2007-12-14 09:10:00,5.7730,5.7790,5.7620,5.7710,2800
2007-12-14 09:09:00,5.7740,5.7800,5.7590,5.7700,22400
2007-12-14 09:08:00,5.7730,5.7820,5.7610,5.7720,182280
2007-12-14 09:07:00,5.7730,5.7790,5.7610,5.7700,52584
2007-12-14 09:06:00,5.7720,5.7800,5.7610,5.7710,45360
2007-12-14 09:05:00,5.7760,5.7820,5.7610,5.7700,50932
2007-12-14 09:04:00,5.7770,5.7830,5.7650,5.7740,23352
2007-12-14 09:03:00,5.7790,5.7850,5.7670,5.7770,33600
2007-12-14 09:02:00,5.7770,5.7850,5.7660,5.7770,5600
2007-12-14 09:01:00,5.7770,5.7850,5.7660,5.7770,14000
2007-12-14 09:00:00,5.7810,5.7870,5.7650,5.7740,66640
2007-12-14 08:59:00,5.7810,5.7870,5.7690,5.7790,13440
2007-12-14 08:58:00,5.7810,5.7870,5.7690,5.7780,19180
2007-12-14 08:57:00,5.7810,5.7870,5.7700,5.7790,5600
2007-12-14 08:56:00,5.7820,5.7880,5.7700,5.7790,60200
2007-12-14 08:55:00,5.7820,5.7880,5.7710,5.7800,2800
2007-12-14 08:54:00,5.7820,5.7880,5.7710,5.7800,5600
2007-12-14 08:52:00,5.7810,5.7900,5.7700,5.7800,63000
2007-12-14 08:51:00,5.7810,5.7870,5.7700,5.7790,33600
2007-12-14 08:50:00,5.7830,5.7890,5.7720,5.7810,5600
2007-12-14 08:49:00,5.7810,5.7870,5.7700,5.7790,5600
2007-12-14 08:48:00,5.7830,5.7890,5.7720,5.7810,16800
2007-12-14 08:47:00,5.7770,5.7880,5.7650,5.7800,42000
2007-12-14 08:46:00,5.7840,5.7900,5.7650,5.7740,43428
2007-12-14 08:45:00,5.7820,5.7880,5.7650,5.7800,67900
2007-12-14 08:44:00,5.7840,5.7940,5.7700,5.7860,70000
2007-12-14 08:43:00,5.7840,5.7950,5.7730,5.7820,50400
2007-12-14 08:42:00,5.7810,5.7870,5.7700,5.7790,9100
2007-12-14 08:41:00,5.7770,5.7870,5.7660,5.7790,7000
2007-12-14 08:40:00,5.7760,5.7820,5.7640,5.7730,41188
2007-12-14 08:39:00,5.7830,5.7890,5.7650,5.7740,91896
2007-12-14 08:38:00,5.7820,5.7880,5.7670,5.7760,114660
2007-12-14 08:36:00,5.7910,5.7970,5.7750,5.7860,86548
2007-12-14 08:35:00,5.7870,5.8020,5.7760,5.7920,204400
2007-12-14 08:34:00,5.7840,5.7920,5.7730,5.7840,82096
2007-12-14 08:33:00,5.7820,5.7930,5.7710,5.7850,63224
2007-12-14 08:32:00,5.7700,5.7970,5.7590,5.7800,132580
2007-12-14 08:31:00,5.7780,5.7900,5.7580,5.7700,183568
2007-12-14 08:30:00,5.7980,5.8040,5.7670,5.7760,582820
2007-12-14 08:29:00,5.7990,5.8060,5.7850,5.7980,77140
2007-12-14 08:28:00,5.8040,5.8120,5.7880,5.7980,36400
2007-12-14 08:27:00,5.8070,5.8120,5.7860,5.7970,107940
2007-12-14 08:26:00,5.8110,5.8200,5.7960,5.8050,59024
2007-12-14 08:25:00,5.8120,5.8180,5.7960,5.8050,92400
2007-12-14 08:24:00,5.8140,5.8200,5.8030,5.8120,14000
2007-12-14 08:23:00,5.8110,5.8220,5.7990,5.8140,47600
2007-12-14 08:22:00,5.8110,5.8170,5.7990,5.8080,8400
2007-12-14 08:21:00,5.8010,5.8140,5.7900,5.8060,120400
2007-12-14 08:20:00,5.8000,5.8060,5.7890,5.7980,2800
2007-12-14 08:19:00,5.7990,5.8050,5.7880,5.7970,8344
2007-12-14 08:18:00,5.8020,5.8080,5.7890,5.7980,21000
2007-12-14 08:16:00,5.8040,5.8090,5.7920,5.8010,2800
2007-12-14 08:13:00,5.8010,5.8080,5.7900,5.8000,47320
2007-12-14 08:12:00,5.7980,5.8060,5.7860,5.7980,9576
2007-12-14 08:11:00,5.7950,5.8010,5.7840,5.7930,5600
2007-12-14 08:10:00,5.7970,5.8030,5.7840,5.7930,36400
2007-12-14 08:09:00,5.7930,5.8020,5.7820,5.7940,50400
2007-12-14 08:08:00,5.7940,5.8020,5.7820,5.7910,50960
2007-12-14 08:07:00,5.7930,5.8020,5.7820,5.7940,8400
2007-12-14 08:06:00,5.8000,5.8060,5.7820,5.7910,147000
2007-12-14 08:05:00,5.8000,5.8060,5.7890,5.7980,9240
2007-12-14 08:04:00,5.8010,5.8090,5.7890,5.7980,33600
2007-12-14 08:03:00,5.8040,5.8100,5.7920,5.8010,5600
2007-12-14 08:01:00,5.8070,5.8120,5.7880,5.8000,197484
2007-12-14 08:00:00,5.8110,5.8260,5.7940,5.8070,45388
2007-12-14 07:58:00,5.8010,5.8120,5.7890,5.8030,61600
2007-12-14 07:49:00,5.8130,5.8190,5.8010,5.8110,11200
2007-12-14 07:47:00,5.8050,5.8110,5.7940,5.8030,5600
2007-12-14 07:44:00,5.8140,5.8200,5.8030,5.8120,11200
2007-12-14 07:43:00,5.8050,5.8110,5.7940,5.8030,2800
2007-12-14 07:42:00,5.8040,5.8110,5.7930,5.8030,16800
2007-12-14 07:39:00,5.7990,5.8050,5.7880,5.7970,2800
2007-12-14 07:29:00,5.7930,5.7990,5.7810,5.7900,5600
2007-12-14 07:26:00,5.7990,5.8050,5.7880,5.7970,2800
2007-12-14 07:16:00,5.7910,5.7970,5.7800,5.7890,8400
2007-12-14 07:02:00,5.8040,5.8100,5.7930,5.8020,5600
2007-12-14 07:01:00,5.8040,5.8100,5.7930,5.8020,2800
2007-12-14 06:57:00,5.8040,5.8100,5.7930,5.8020,8400
2007-12-14 06:55:00,5.8040,5.8190,5.7930,5.8110,19600
2007-12-14 06:54:00,5.8040,5.8100,5.7930,5.8020,2800
2007-12-14 06:50:00,5.8040,5.8100,5.7930,5.8020,5600
2007-12-14 06:49:00,5.8040,5.8100,5.7930,5.8020,5600
2007-12-14 06:47:00,5.8040,5.8100,5.7930,5.8020,2800
2007-12-14 06:44:00,5.8050,5.8110,5.7940,5.8030,14000
2007-12-14 06:19:00,5.8040,5.8100,5.7930,5.8020,5600
2007-12-14 06:10:00,5.8280,5.8340,5.8170,5.8260,2800
2007-12-13 19:59:00,5.8270,5.8330,5.8160,5.8250,9800
2007-12-13 19:58:00,5.8270,5.8330,5.8150,5.8240,5600
2007-12-13 19:57:00,5.8220,5.8330,5.8110,5.8250,46200
2007-12-13 19:56:00,5.8280,5.8330,5.8160,5.8250,21000
2007-12-13 19:55:00,5.8260,5.8320,5.8150,5.8240,16800
2007-12-13 19:54:00,5.8260,5.8320,5.8150,5.8240,11200
2007-12-13 19:52:00,5.8220,5.8280,5.8110,5.8200,20748
2007-12-13 19:51:00,5.8220,5.8280,5.8110,5.8200,33852
2007-12-13 19:50:00,5.8250,5.8340,5.8140,5.8260,51800
2007-12-13 19:49:00,5.8220,5.8290,5.8110,5.8210,16800
2007-12-13 19:47:00,5.8220,5.8280,5.8110,5.8200,10948
2007-12-13 19:46:00,5.8220,5.8280,5.8060,5.8150,6160
2007-12-13 19:45:00,5.8230,5.8320,5.8120,5.8240,21000
2007-12-13 19:44:00,5.8230,5.8290,5.8120,5.8210,5600
2007-12-13 19:42:00,5.8220,5.8280,5.8110,5.8200,9688
2007-12-13 19:40:00,5.8220,5.8280,5.8110,5.8200,241248
2007-12-13 19:39:00,5.8220,5.8280,5.8110,5.8200,53200
2007-12-13 19:38:00,5.8210,5.8280,5.8100,5.8200,10696
2007-12-13 19:37:00,5.8210,5.8260,5.8090,5.8180,5600
2007-12-13 19:34:00,5.8200,5.8280,5.8090,5.8180,71652
2007-12-13 19:33:00,5.8200,5.8260,5.8080,5.8180,56000
2007-12-13 19:30:00,5.8170,5.8230,5.8060,5.8150,13580
2007-12-13 19:29:00,5.8130,5.8190,5.8010,5.8110,23660
2007-12-13 19:27:00,5.8150,5.8210,5.8040,5.8130,28280
2007-12-13 19:23:00,5.8110,5.8160,5.7990,5.8080,23800
2007-12-13 19:22:00,5.8120,5.8180,5.7990,5.8090,21812
2007-12-13 19:18:00,5.8130,5.8190,5.8010,5.8110,12376
2007-12-13 19:14:00,5.8140,5.8200,5.8030,5.8120,14000
2007-12-13 19:09:00,5.8130,5.8210,5.8020,5.8130,7000
2007-12-13 19:03:00,5.8130,5.8210,5.8020,5.8130,11200
2007-12-13 19:02:00,5.8160,5.8220,5.8040,5.8140,2800
2007-12-13 19:01:00,5.8160,5.8220,5.8030,5.8120,8400
2007-12-13 18:59:00,5.8160,5.8220,5.8040,5.8140,5600
2007-12-13 18:58:00,5.8160,5.8220,5.8040,5.8140,32648
2007-12-13 18:57:00,5.8170,5.8230,5.8040,5.8140,80388
2007-12-13 18:56:00,5.8200,5.8260,5.8090,5.8180,11200
2007-12-13 18:55:00,5.8200,5.8260,5.8090,5.8180,2800
2007-12-13 18:47:00,5.8200,5.8260,5.8090,5.8180,2800
2007-12-13 18:46:00,5.8190,5.8250,5.8080,5.8170,4172
2007-12-13 18:39:00,5.8200,5.8260,5.8090,5.8180,11200
2007-12-13 18:38:00,5.8170,5.8220,5.8050,5.8140,21112
2007-12-13 18:37:00,5.8190,5.8250,5.8080,5.8170,3416
2007-12-13 18:36:00,5.8190,5.8250,5.8050,5.8140,14280
2007-12-13 18:35:00,5.8190,5.8250,5.8080,5.8170,5600
2007-12-13 18:34:00,5.8170,5.8230,5.8060,5.8150,19600
2007-12-13 18:32:00,5.8180,5.8240,5.8070,5.8160,4396
2007-12-13 18:31:00,5.8140,5.8200,5.8030,5.8120,8400
2007-12-13 18:28:00,5.8180,5.8240,5.8070,5.8160,8400
2007-12-13 18:27:00,5.8170,5.8230,5.8060,5.8150,8400
2007-12-13 18:26:00,5.8170,5.8220,5.8050,5.8140,2800
2007-12-13 18:19:00,5.8140,5.8200,5.8020,5.8120,9380
2007-12-13 18:18:00,5.8160,5.8220,5.8050,5.8140,5600
2007-12-13 18:17:00,5.8160,5.8220,5.8050,5.8140,8400
2007-12-13 18:16:00,5.8160,5.8220,5.8040,5.8140,2800
2007-12-13 18:15:00,5.8140,5.8220,5.8030,5.8140,14000
2007-12-13 18:11:00,5.8160,5.8220,5.8030,5.8120,19180
2007-12-13 18:04:00,5.8180,5.8240,5.8050,5.8140,11200
2007-12-13 18:02:00,5.8200,5.8260,5.8090,5.8180,10360
2007-12-13 18:01:00,5.8200,5.8260,5.8090,5.8180,2800
2007-12-13 17:59:00,5.8200,5.8260,5.8090,5.8180,38360
2007-12-13 17:58:00,5.8200,5.8260,5.8090,5.8180,5600
2007-12-13 17:52:00,5.8200,5.8260,5.8080,5.8170,4760
2007-12-13 17:51:00,5.8180,5.8240,5.8070,5.8160,2800
2007-12-13 17:49:00,5.8190,5.8260,5.8080,5.8170,9800
2007-12-13 17:44:00,5.8190,5.8250,5.8050,5.8140,16800
2007-12-13 17:35:00,5.8190,5.8250,5.8080,5.8170,22400
2007-12-13 17:29:00,5.8180,5.8230,5.8060,5.8150,2800
2007-12-13 17:28:00,5.8190,5.8250,5.8080,5.8170,14000
2007-12-13 17:27:00,5.8190,5.8250,5.8080,5.8170,14000
2007-12-13 17:23:00,5.8180,5.8280,5.8070,5.8200,53648
2007-12-13 17:22:00,5.8180,5.8240,5.8070,5.8160,9800
2007-12-13 17:18:00,5.8170,5.8230,5.8040,5.8140,53200
2007-12-13 17:16:00,5.8160,5.8220,5.8040,5.8140,8400
2007-12-13 17:11:00,5.8130,5.8190,5.8020,5.8110,8400
2007-12-13 17:10:00,5.8130,5.8190,5.8020,5.8110,2800
2007-12-13 17:08:00,5.8140,5.8200,5.8030,5.8120,14000
2007-12-13 17:07:00,5.8140,5.8210,5.8030,5.8130,31640
2007-12-13 17:05:00,5.8150,5.8210,5.8040,5.8130,8400
2007-12-13 17:03:00,5.8150,5.8210,5.8040,5.8130,2800
2007-12-13 16:59:00,5.8150,5.8220,5.8040,5.8140,84000
2007-12-13 16:56:00,5.8170,5.8220,5.8050,5.8140,1632064
2007-12-13 16:55:00,5.8130,5.8190,5.8010,5.8110,5600
2007-12-13 16:54:00,5.8140,5.8200,5.8030,5.8120,2800
2007-12-13 16:53:00,5.8130,5.8190,5.8020,5.8110,8400
2007-12-13 16:51:00,5.8130,5.8190,5.8020,5.8110,2800
2007-12-13 16:50:00,5.8140,5.8200,5.8030,5.8120,2800
2007-12-13 16:49:00,5.8140,5.8200,5.8030,5.8120,2800
2007-12-13 16:48:00,5.8140,5.8200,5.8030,5.8120,42000
2007-12-13 16:46:00,5.8140,5.8200,5.8030,5.8120,4200
2007-12-13 16:45:00,5.8140,5.8200,5.8030,5.8120,2800
2007-12-13 16:44:00,5.8140,5.8200,5.8030,5.8120,9800
2007-12-13 16:43:00,5.8180,5.8250,5.8070,5.8170,14000
2007-12-13 16:41:00,5.8170,5.8220,5.8050,5.8140,18144
2007-12-13 16:40:00,5.8160,5.8230,5.8050,5.8150,29876
2007-12-13 16:39:00,5.8160,5.8220,5.8050,5.8140,2800
2007-12-13 16:38:00,5.8170,5.8220,5.8050,5.8140,22260
2007-12-13 16:29:00,5.8110,5.8250,5.8000,5.8140,158732
2007-12-13 16:28:00,5.8170,5.8220,5.7980,5.8080,64400
2007-12-13 16:26:00,5.8130,5.8190,5.8000,5.8090,58408
2007-12-13 16:25:00,5.7610,5.8220,5.7500,5.8140,45332
2007-12-13 16:24:00,5.8130,5.8200,5.8010,5.8110,33600
2007-12-13 16:23:00,5.8170,5.8220,5.8010,5.8130,18200
2007-12-13 16:22:00,5.8130,5.8220,5.8020,5.8140,29400
2007-12-13 16:21:00,5.8140,5.8200,5.7460,5.7550,204400
2007-12-13 16:20:00,5.8130,5.8190,5.8020,5.8110,2800
2007-12-13 16:19:00,5.8130,5.8190,5.8010,5.8110,197204
2007-12-13 16:18:00,5.8130,5.8220,5.8000,5.8090,119000
2007-12-13 16:17:00,5.8150,5.8220,5.7550,5.8110,109200
2007-12-13 16:16:00,5.8170,5.8230,5.7550,5.8110,97524
2007-12-13 16:15:00,5.8150,5.8240,5.8030,5.8120,94696
2007-12-13 16:14:00,5.8190,5.8250,5.8040,5.8140,96908
2007-12-13 16:13:00,5.8190,5.8250,5.7550,5.8140,61320
2007-12-13 16:12:00,5.8190,5.8250,5.7550,5.7640,33600
2007-12-13 16:11:00,5.8220,5.8280,5.7550,5.7640,37072
2007-12-13 16:10:00,5.8210,5.8280,5.8100,5.8200,47600
2007-12-13 16:09:00,5.8170,5.8270,5.7550,5.8190,364084
2007-12-13 16:08:00,5.8210,5.8260,5.8090,5.8180,5600
2007-12-13 16:07:00,5.8190,5.8260,5.7550,5.7640,184800
2007-12-13 16:06:00,5.8180,5.8250,5.8050,5.8170,142240
2007-12-13 16:05:00,5.8170,5.8240,5.8060,5.8160,56000
2007-12-13 16:04:00,5.8160,5.8240,5.7550,5.7640,92204
2007-12-13 16:03:00,5.8160,5.8220,5.8020,5.8110,11900
2007-12-13 16:02:00,5.8140,5.8200,5.8020,5.8110,16800
2007-12-13 16:01:00,5.8140,5.8220,5.7820,5.8140,130032
2007-12-13 16:00:00,5.8140,5.8220,5.8030,5.8120,5474112
2007-12-13 15:59:00,5.8180,5.8280,5.8030,5.8140,5003880
2007-12-13 15:58:00,5.8140,5.8260,5.8020,5.8150,3082520
2007-12-13 15:57:00,5.8170,5.8250,5.8020,5.8120,2924432
2007-12-13 15:56:00,5.8150,5.8220,5.7990,5.8140,2404612
2007-12-13 15:55:00,5.8120,5.8220,5.7980,5.8140,2541700
2007-12-13 15:54:00,5.8180,5.8240,5.8000,5.8100,2430456
2007-12-13 15:53:00,5.8120,5.8250,5.8000,5.8150,2120216
2007-12-13 15:52:00,5.8140,5.8270,5.7990,5.8100,2953860
2007-12-13 15:51:00,5.8180,5.8260,5.8010,5.8120,3861172
2007-12-13 15:50:00,5.8170,5.8280,5.8010,5.8150,3481800
2007-12-13 15:49:00,5.8130,5.8270,5.7990,5.8140,3707872
2007-12-13 15:48:00,5.8200,5.8270,5.8010,5.8110,2887500
2007-12-13 15:47:00,5.8180,5.8270,5.8050,5.8170,5092500
2007-12-13 15:46:00,5.8090,5.8240,5.7950,5.8160,4855368
2007-12-13 15:45:00,5.7980,5.8160,5.7860,5.8070,3775436
2007-12-13 15:44:00,5.7950,5.8100,5.7770,5.7960,2134188
2007-12-13 15:43:00,5.7940,5.8010,5.7800,5.7920,1259216
2007-12-13 15:42:00,5.8010,5.8070,5.7770,5.7920,2684472
2007-12-13 15:41:00,5.8010,5.8120,5.7880,5.7980,3160892
2007-12-13 15:40:00,5.8000,5.8120,5.7870,5.7990,2676128
2007-12-13 15:39:00,5.7910,5.8060,5.7760,5.7980,3218852
2007-12-13 15:38:00,5.8000,5.8080,5.7800,5.7890,3121832
2007-12-13 15:37:00,5.8020,5.8100,5.7850,5.7980,2465792
2007-12-13 15:36:00,5.8020,5.8160,5.7880,5.8000,2913932
2007-12-13 15:35:00,5.8070,5.8150,5.7890,5.8000,3510192
2007-12-13 15:34:00,5.8020,5.8130,5.7850,5.8040,4324208
2007-12-13 15:33:00,5.7990,5.8120,5.7880,5.8000,3620148
2007-12-13 15:32:00,5.7970,5.8060,5.7800,5.7970,2507484
2007-12-13 15:31:00,5.7910,5.8040,5.7730,5.7950,2931348
2007-12-13 15:30:00,5.7940,5.8030,5.7790,5.7890,2871148
2007-12-13 15:29:00,5.7810,5.8030,5.7690,5.7910,3860360
2007-12-13 15:28:00,5.7840,5.7900,5.7610,5.7780,2410632
2007-12-13 15:27:00,5.7770,5.7950,5.7610,5.7820,2708524
2007-12-13 15:26:00,5.7710,5.7850,5.7560,5.7760,3550960
2007-12-13 15:25:00,5.7580,5.7760,5.7470,5.7680,1606640
2007-12-13 15:24:00,5.7560,5.7650,5.7410,5.7560,2469180
2007-12-13 15:23:00,5.7650,5.7730,5.7430,5.7530,1741320
2007-12-13 15:22:00,5.7720,5.7810,5.7500,5.7630,2499644
2007-12-13 15:21:00,5.7640,5.7780,5.7510,5.7700,2384368
2007-12-13 15:20:00,5.7590,5.7700,5.7450,5.7620,2310560
2007-12-13 15:19:00,5.7580,5.7650,5.7420,5.7570,1188488
2007-12-13 15:18:00,5.7570,5.7660,5.7420,5.7550,1458156
2007-12-13 15:17:00,5.7570,5.7660,5.7420,5.7550,2029496
2007-12-13 15:16:00,5.7570,5.7700,5.7410,5.7540,2446416
2007-12-13 15:15:00,5.7570,5.7650,5.7360,5.7560,3771600
2007-12-13 15:14:00,5.7670,5.7750,5.7420,5.7540,1935136
2007-12-13 15:13:00,5.7710,5.7760,5.7520,5.7640,1413356
2007-12-13 15:12:00,5.7660,5.7800,5.7550,5.7680,2100672
2007-12-13 15:11:00,5.7700,5.7780,5.7520,5.7630,2413964
2007-12-13 15:10:00,5.7790,5.7880,5.7560,5.7680,1833692
2007-12-13 15:09:00,5.7860,5.7950,5.7630,5.7770,2426732
2007-12-13 15:08:00,5.7960,5.8020,5.7710,5.7830,2892988
2007-12-13 15:07:00,5.7900,5.8060,5.7770,5.7930,2930200
2007-12-13 15:06:00,5.7950,5.8010,5.7740,5.7880,3166548
2007-12-13 15:05:00,5.7910,5.8020,5.7770,5.7920,2842224
2007-12-13 15:04:00,5.7890,5.7970,5.7710,5.7880,2331700
2007-12-13 15:03:00,5.7820,5.7990,5.7710,5.7870,4146828
2007-12-13 15:02:00,5.7780,5.7950,5.7670,5.7800,3978856
2007-12-13 15:01:00,5.7670,5.7880,5.7530,5.7770,2421356
2007-12-13 15:00:00,5.7710,5.7780,5.7520,5.7650,1758932
2007-12-13 14:59:00,5.7710,5.7820,5.7560,5.7700,1885156
2007-12-13 14:58:00,5.7680,5.7800,5.7550,5.7690,1140888
2007-12-13 14:57:00,5.7720,5.7830,5.7570,5.7660,2652468
2007-12-13 14:56:00,5.7670,5.7790,5.7540,5.7700,1326948
2007-12-13 14:55:00,5.7710,5.7760,5.7550,5.7650,764932
2007-12-13 14:54:00,5.7680,5.7820,5.7570,5.7680,2253860
2007-12-13 14:53:00,5.7700,5.7760,5.7550,5.7650,1183112
2007-12-13 14:52:00,5.7690,5.7770,5.7530,5.7670,2446164
2007-12-13 14:51:00,5.7580,5.7750,5.7470,5.7670,2081492
2007-12-13 14:50:00,5.7510,5.7650,5.7350,5.7550,2637936
2007-12-13 14:49:00,5.7540,5.7610,5.7400,5.7490,823844
2007-12-13 14:48:00,5.7510,5.7630,5.7390,5.7520,1573432
2007-12-13 14:47:00,5.7530,5.7590,5.7390,5.7500,1428168
2007-12-13 14:46:00,5.7470,5.7610,5.7320,5.7510,3895052
2007-12-13 14:45:00,5.7580,5.7650,5.7360,5.7450,2886912
2007-12-13 14:44:00,5.7650,5.7720,5.7430,5.7560,1873172
2007-12-13 14:43:00,5.7590,5.7730,5.7480,5.7630,1359148
2007-12-13 14:42:00,5.7630,5.7730,5.7480,5.7570,1403640
2007-12-13 14:41:00,5.7660,5.7740,5.7520,5.7610,1550724
2007-12-13 14:40:00,5.7650,5.7750,5.7540,5.7650,967736
2007-12-13 14:39:00,5.7660,5.7740,5.7520,5.7640,783440
2007-12-13 14:38:00,5.7670,5.7760,5.7530,5.7640,965356
2007-12-13 14:37:00,5.7640,5.7760,5.7520,5.7640,826896
2007-12-13 14:36:00,5.7670,5.7750,5.7500,5.7620,1105664
2007-12-13 14:35:00,5.7630,5.7750,5.7450,5.7650,1901620
2007-12-13 14:34:00,5.7690,5.7760,5.7510,5.7600,1055684
2007-12-13 14:33:00,5.7660,5.7770,5.7540,5.7670,1573796
2007-12-13 14:32:00,5.7590,5.7740,5.7450,5.7650,2494548
2007-12-13 14:31:00,5.7740,5.7800,5.7470,5.7570,3301956
2007-12-13 14:30:00,5.7790,5.7860,5.7620,5.7730,1813308
2007-12-13 14:29:00,5.7730,5.7880,5.7610,5.7760,1696884
2007-12-13 14:28:00,5.7760,5.7850,5.7610,5.7710,1191428
2007-12-13 14:27:00,5.7760,5.7820,5.7600,5.7740,1262772
2007-12-13 14:26:00,5.7810,5.7880,5.7610,5.7740,2438940
2007-12-13 14:25:00,5.7760,5.7880,5.7590,5.7800,3453044
2007-12-13 14:24:00,5.7760,5.7840,5.7620,5.7740,2697072
2007-12-13 14:23:00,5.7720,5.7830,5.7600,5.7730,3284260
2007-12-13 14:22:00,5.7720,5.7800,5.7540,5.7700,2088044
2007-12-13 14:21:00,5.7730,5.7790,5.7560,5.7700,1783292
2007-12-13 14:20:00,5.7760,5.7870,5.7580,5.7710,2514988
2007-12-13 14:19:00,5.7770,5.7850,5.7600,5.7750,1768564
2007-12-13 14:18:00,5.7710,5.7830,5.7580,5.7740,3333484
2007-12-13 14:17:00,5.7570,5.7820,5.7450,5.7680,4209940
2007-12-13 14:16:00,5.7580,5.7680,5.7440,5.7560,1309196
2007-12-13 14:15:00,5.7560,5.7680,5.7450,5.7550,2623600
2007-12-13 14:14:00,5.7480,5.7610,5.7360,5.7530,1412936
2007-12-13 14:13:00,5.7460,5.7540,5.7300,5.7450,1421420
2007-12-13 14:12:00,5.7480,5.7590,5.7320,5.7440,1209068
2007-12-13 14:11:00,5.7480,5.7570,5.7340,5.7460,1269352
2007-12-13 14:10:00,5.7460,5.7630,5.7350,5.7470,2593556
2007-12-13 14:09:00,5.7530,5.7590,5.7300,5.7440,2092440
2007-12-13 14:08:00,5.7470,5.7590,5.7350,5.7500,1318548
2007-12-13 14:07:00,5.7510,5.7590,5.7330,5.7450,1613024
2007-12-13 14:06:00,5.7400,5.7600,5.7280,5.7490,3367784
2007-12-13 14:05:00,5.7430,5.7510,5.7280,5.7380,2652020
2007-12-13 14:04:00,5.7340,5.7500,5.7220,5.7410,3263204
2007-12-13 14:03:00,5.7180,5.7430,5.7050,5.7320,2234120
2007-12-13 14:02:00,5.7160,5.7250,5.7020,5.7150,1425312
2007-12-13 14:01:00,5.7270,5.7340,5.6990,5.7140,1682744
2007-12-13 14:00:00,5.7190,5.7340,5.7070,5.7250,1185184
2007-12-13 13:59:00,5.7160,5.7270,5.7010,5.7170,1383536
2007-12-13 13:58:00,5.7210,5.7280,5.7050,5.7140,916048
2007-12-13 13:57:00,5.7270,5.7330,5.7050,5.7200,1811180
2007-12-13 13:56:00,5.7250,5.7330,5.7120,5.7250,919072
2007-12-13 13:55:00,5.7260,5.7330,5.7120,5.7230,1339604
2007-12-13 13:54:00,5.7170,5.7350,5.7060,5.7240,2157484
2007-12-13 13:53:00,5.7170,5.7230,5.7000,5.7150,1288224
2007-12-13 13:52:00,5.7190,5.7250,5.7030,5.7150,889924
2007-12-13 13:51:00,5.7180,5.7270,5.7050,5.7160,1530172
2007-12-13 13:50:00,5.7100,5.7250,5.6970,5.7160,1984220
2007-12-13 13:49:00,5.7130,5.7200,5.6950,5.7070,1585612
2007-12-13 13:48:00,5.7130,5.7200,5.6930,5.7110,1524908
2007-12-13 13:47:00,5.7110,5.7200,5.6960,5.7120,1085308
2007-12-13 13:46:00,5.7140,5.7200,5.6940,5.7080,1360632
2007-12-13 13:45:00,5.7080,5.7200,5.6960,5.7120,994448
2007-12-13 13:44:00,5.7090,5.7190,5.6920,5.7050,1381296
2007-12-13 13:43:00,5.7050,5.7190,5.6930,5.7060,2371600
2007-12-13 13:42:00,5.6960,5.7120,5.6850,5.7040,2282868
2007-12-13 13:41:00,5.7110,5.7190,5.6840,5.6940,5790876
2007-12-13 13:40:00,5.7080,5.7180,5.6950,5.7090,2126404
2007-12-13 13:39:00,5.7140,5.7210,5.6940,5.7060,2299388
2007-12-13 13:38:00,5.7200,5.7260,5.7030,5.7120,2034032
2007-12-13 13:37:00,5.7190,5.7290,5.7080,5.7180,949704
2007-12-13 13:36:00,5.7190,5.7260,5.7060,5.7170,1036616
2007-12-13 13:35:00,5.7220,5.7300,5.7070,5.7170,1665244
2007-12-13 13:34:00,5.7230,5.7290,5.7100,5.7200,1125796
2007-12-13 13:33:00,5.7270,5.7330,5.7110,5.7210,1003800
2007-12-13 13:32:00,5.7290,5.7350,5.7110,5.7250,1282960
2007-12-13 13:31:00,5.7320,5.7390,5.7160,5.7270,1058680
2007-12-13 13:30:00,5.7370,5.7440,5.7200,5.7300,1326556
2007-12-13 13:29:00,5.7360,5.7470,5.7230,5.7350,1683528
2007-12-13 13:28:00,5.7340,5.7440,5.7210,5.7340,2020116
2007-12-13 13:27:00,5.7270,5.7430,5.7160,5.7310,1463308
2007-12-13 13:26:00,5.7260,5.7340,5.7140,5.7250,529620
2007-12-13 13:25:00,5.7220,5.7330,5.7110,5.7230,562408
2007-12-13 13:24:00,5.7220,5.7330,5.7090,5.7200,896224
2007-12-13 13:23:00,5.7220,5.7330,5.7060,5.7200,1268736
2007-12-13 13:22:00,5.7240,5.7300,5.7060,5.7200,1184148
2007-12-13 13:21:00,5.7290,5.7340,5.7100,5.7210,1226456
2007-12-13 13:20:00,5.7320,5.7400,5.7170,5.7260,694344
2007-12-13 13:19:00,5.7340,5.7440,5.7200,5.7310,1191652
2007-12-13 13:18:00,5.7420,5.7480,5.7190,5.7310,2414972
2007-12-13 13:17:00,5.7370,5.7510,5.7260,5.7390,1111992
2007-12-13 13:16:00,5.7370,5.7440,5.7240,5.7350,440160
2007-12-13 13:15:00,5.7340,5.7440,5.7230,5.7340,706300
2007-12-13 13:14:00,5.7330,5.7440,5.7180,5.7310,1192912
2007-12-13 13:13:00,5.7350,5.7420,5.7210,5.7300,912464
2007-12-13 13:12:00,5.7400,5.7460,5.7230,5.7320,1201648
2007-12-13 13:11:00,5.7390,5.7470,5.7270,5.7380,731920
2007-12-13 13:10:00,5.7450,5.7510,5.7270,5.7360,653268
2007-12-13 13:09:00,5.7440,5.7510,5.7310,5.7430,471548
2007-12-13 13:08:00,5.7440,5.7510,5.7300,5.7420,1012060
2007-12-13 13:07:00,5.7470,5.7530,5.7300,5.7420,1030960
2007-12-13 13:06:00,5.7370,5.7530,5.7260,5.7450,1631084
2007-12-13 13:05:00,5.7400,5.7460,5.7250,5.7360,938756
2007-12-13 13:04:00,5.7370,5.7450,5.7250,5.7370,364000
2007-12-13 13:03:00,5.7380,5.7460,5.7240,5.7350,782908
2007-12-13 13:02:00,5.7370,5.7480,5.7220,5.7380,1637888
2007-12-13 13:01:00,5.7270,5.7430,5.7160,5.7350,1411172
2007-12-13 13:00:00,5.7240,5.7330,5.7110,5.7250,811524
2007-12-13 12:59:00,5.7250,5.7320,5.7100,5.7220,763308
2007-12-13 12:58:00,5.7250,5.7330,5.7130,5.7240,261352
2007-12-13 12:57:00,5.7290,5.7380,5.7130,5.7230,683508
2007-12-13 12:56:00,5.7290,5.7380,5.7150,5.7270,935704
2007-12-13 12:55:00,5.7260,5.7370,5.7130,5.7260,1075704
2007-12-13 12:54:00,5.7250,5.7320,5.7120,5.7240,468440
2007-12-13 12:53:00,5.7270,5.7350,5.7110,5.7240,594860
2007-12-13 12:52:00,5.7270,5.7330,5.7130,5.7240,423640
2007-12-13 12:51:00,5.7230,5.7330,5.7110,5.7250,833560
2007-12-13 12:50:00,5.7200,5.7360,5.7090,5.7210,1756272
2007-12-13 12:49:00,5.7110,5.7270,5.6990,5.7180,1147160
2007-12-13 12:48:00,5.7160,5.7220,5.6970,5.7090,1887592
2007-12-13 12:47:00,5.7160,5.7260,5.7040,5.7140,452200
2007-12-13 12:46:00,5.7140,5.7270,5.7030,5.7140,925820
2007-12-13 12:45:00,5.7170,5.7240,5.7010,5.7120,1032612
2007-12-13 12:44:00,5.7150,5.7260,5.7040,5.7160,724836
2007-12-13 12:43:00,5.7190,5.7260,5.7030,5.7130,1119020
2007-12-13 12:42:00,5.7160,5.7270,5.7030,5.7170,1682100
2007-12-13 12:41:00,5.7240,5.7310,5.7050,5.7140,1215200
2007-12-13 12:40:00,5.7270,5.7340,5.7120,5.7210,637644
2007-12-13 12:39:00,5.7290,5.7380,5.7160,5.7240,941612
2007-12-13 12:38:00,5.7270,5.7380,5.7160,5.7270,954744
2007-12-13 12:37:00,5.7280,5.7340,5.7110,5.7250,949480
2007-12-13 12:36:00,5.7210,5.7360,5.7100,5.7260,1006964
2007-12-13 12:35:00,5.7230,5.7300,5.7090,5.7190,649488
2007-12-13 12:34:00,5.7170,5.7320,5.7060,5.7220,1900136
2007-12-13 12:33:00,5.7160,5.7230,5.7000,5.7150,865424
2007-12-13 12:32:00,5.7120,5.7240,5.7000,5.7130,910756
2007-12-13 12:31:00,5.7150,5.7210,5.6960,5.7100,1788388
2007-12-13 12:30:00,5.7180,5.7270,5.6990,5.7140,1856316
2007-12-13 12:29:00,5.7250,5.7320,5.7060,5.7160,1513708
2007-12-13 12:28:00,5.7270,5.7360,5.7130,5.7240,1105272
2007-12-13 12:27:00,5.7250,5.7330,5.7130,5.7250,439320
2007-12-13 12:26:00,5.7210,5.7320,5.7060,5.7240,1024828
2007-12-13 12:25:00,5.7160,5.7280,5.7040,5.7190,1266636
2007-12-13 12:24:00,5.7140,5.7280,5.7020,5.7140,1749440
2007-12-13 12:23:00,5.7250,5.7310,5.7010,5.7120,2840600
2007-12-13 12:22:00,5.7250,5.7330,5.7100,5.7220,1134056
2007-12-13 12:21:00,5.7300,5.7370,5.7140,5.7230,1095808
2007-12-13 12:20:00,5.7330,5.7400,5.7190,5.7290,747320
2007-12-13 12:19:00,5.7270,5.7410,5.7150,5.7300,1390900
2007-12-13 12:18:00,5.7300,5.7360,5.7120,5.7250,1570492
2007-12-13 12:17:00,5.7350,5.7410,5.7180,5.7280,1593480
2007-12-13 12:16:00,5.7380,5.7450,5.7210,5.7330,1593508
2007-12-13 12:15:00,5.7390,5.7480,5.7270,5.7360,1701280
2007-12-13 12:14:00,5.7410,5.7480,5.7250,5.7370,1788500
2007-12-13 12:13:00,5.7410,5.7490,5.7280,5.7390,1318632
2007-12-13 12:12:00,5.7380,5.7530,5.7260,5.7400,1720936
2007-12-13 12:11:00,5.7310,5.7450,5.7180,5.7360,1440936
2007-12-13 12:10:00,5.7330,5.7400,5.7180,5.7290,1148280
2007-12-13 12:09:00,5.7230,5.7400,5.7120,5.7290,1752212
2007-12-13 12:08:00,5.7230,5.7310,5.7070,5.7210,1700020
2007-12-13 12:07:00,5.7170,5.7260,5.7050,5.7180,2426060
2007-12-13 12:06:00,5.7190,5.7260,5.7020,5.7150,2369584
2007-12-13 12:05:00,5.7170,5.7260,5.7050,5.7170,2217740
2007-12-13 12:04:00,5.7300,5.7360,5.7060,5.7150,2739940
2007-12-13 12:03:00,5.7240,5.7430,5.7110,5.7280,2336684
2007-12-13 12:02:00,5.7360,5.7410,5.7090,5.7210,4567388
2007-12-13 12:01:00,5.7440,5.7500,5.7240,5.7340,2297708
2007-12-13 12:00:00,5.7430,5.7550,5.7320,5.7420,963004
2007-12-13 11:59:00,5.7400,5.7500,5.7290,5.7400,1399356
2007-12-13 11:58:00,5.7460,5.7540,5.7280,5.7380,1928472
2007-12-13 11:57:00,5.7510,5.7580,5.7350,5.7440,1033984
2007-12-13 11:56:00,5.7490,5.7590,5.7360,5.7490,778568
2007-12-13 11:55:00,5.7470,5.7580,5.7350,5.7460,1119104
2007-12-13 11:54:00,5.7490,5.7590,5.7350,5.7450,813176
2007-12-13 11:53:00,5.7490,5.7580,5.7320,5.7460,1689268
2007-12-13 11:52:00,5.7470,5.7560,5.7300,5.7470,1174236
2007-12-13 11:51:00,5.7570,5.7630,5.7360,5.7460,2406320
2007-12-13 11:50:00,5.7590,5.7660,5.7420,5.7550,1096536
2007-12-13 11:49:00,5.7610,5.7670,5.7290,5.7570,1211588
2007-12-13 11:48:00,5.7550,5.7670,5.7430,5.7590,1872164
2007-12-13 11:47:00,5.7520,5.7610,5.7400,5.7530,1225728
2007-12-13 11:46:00,5.7520,5.7610,5.7330,5.7500,2073232
2007-12-13 11:45:00,5.7530,5.7770,5.7350,5.7510,1457848
2007-12-13 11:44:00,5.7570,5.7630,5.7400,5.7510,1120224
2007-12-13 11:43:00,5.7540,5.7650,5.7400,5.7540,1087968
2007-12-13 11:42:00,5.7520,5.7640,5.7380,5.7520,1889356
2007-12-13 11:41:00,5.7540,5.7610,5.7390,5.7500,611492
2007-12-13 11:40:00,5.7500,5.7610,5.7370,5.7520,1266104
2007-12-13 11:39:00,5.7520,5.7580,5.7350,5.7480,1433096
2007-12-13 11:38:00,5.7540,5.7640,5.7400,5.7510,2349508
2007-12-13 11:37:00,5.7570,5.7630,5.7390,5.7520,1454544
2007-12-13 11:36:00,5.7430,5.7630,5.7240,5.7540,2170364
2007-12-13 11:35:00,5.7440,5.7510,5.7290,5.7410,1025556
2007-12-13 11:34:00,5.7440,5.7510,5.7280,5.7410,1078840
2007-12-13 11:33:00,5.7430,5.7540,5.7290,5.7420,1607788
2007-12-13 11:32:00,5.7430,5.7540,5.7300,5.7410,1616608
2007-12-13 11:31:00,5.7470,5.7530,5.7260,5.7410,1447600
2007-12-13 11:30:00,5.7390,5.7560,5.7260,5.7450,2425556
2007-12-13 11:29:00,5.7400,5.7500,5.7220,5.7370,2338616
2007-12-13 11:28:00,5.7430,5.7490,5.7250,5.7380,1638476
2007-12-13 11:27:00,5.7350,5.7520,5.7230,5.7400,2693600
2007-12-13 11:26:00,5.7340,5.7450,5.7220,5.7330,1371748
2007-12-13 11:25:00,5.7290,5.7410,5.7120,5.7320,2144436
2007-12-13 11:24:00,5.7370,5.7430,5.7170,5.7270,4478096
2007-12-13 11:23:00,5.7420,5.7500,5.7230,5.7340,2242352
2007-12-13 11:22:00,5.7460,5.7540,5.7290,5.7400,1794492
2007-12-13 11:21:00,5.7500,5.7590,5.7310,5.7440,1303820
2007-12-13 11:20:00,5.7470,5.7590,5.7320,5.7470,1657516
2007-12-13 11:19:00,5.7570,5.7630,5.7350,5.7450,1184540
2007-12-13 11:18:00,5.7610,5.7690,5.7440,5.7550,1321460
2007-12-13 11:17:00,5.7580,5.7680,5.7450,5.7590,1347696
2007-12-13 11:16:00,5.7480,5.7670,5.7340,5.7560,2066820
2007-12-13 11:15:00,5.7490,5.7580,5.7370,5.7470,1213380
2007-12-13 11:14:00,5.7600,5.7660,5.7360,5.7470,2181312
2007-12-13 11:13:00,5.7560,5.7700,5.7430,5.7580,1405600
2007-12-13 11:12:00,5.7610,5.7700,5.7450,5.7550,2693656
2007-12-13 11:11:00,5.7600,5.7710,5.7480,5.7600,1744484
2007-12-13 11:10:00,5.7580,5.7680,5.7440,5.7570,1943032
2007-12-13 11:09:00,5.7510,5.7690,5.7370,5.7570,2849280
2007-12-13 11:08:00,5.7490,5.7620,5.7360,5.7490,2599884
2007-12-13 11:07:00,5.7510,5.7600,5.7330,5.7480,2476936
2007-12-13 11:06:00,5.7330,5.7580,5.7220,5.7490,2793560
2007-12-13 11:05:00,5.7540,5.7590,5.7220,5.7310,3595956
2007-12-13 11:04:00,5.7530,5.7650,5.7410,5.7510,1952664
2007-12-13 11:03:00,5.7540,5.7600,5.7320,5.7510,2062760
2007-12-13 11:02:00,5.7410,5.7610,5.7290,5.7520,1891316
2007-12-13 11:01:00,5.7510,5.7570,5.7300,5.7390,2215612
2007-12-13 11:00:00,5.7560,5.7630,5.7390,5.7480,2189096
2007-12-13 10:59:00,5.7410,5.7650,5.7270,5.7540,3608500
2007-12-13 10:58:00,5.7570,5.7640,5.7280,5.7390,3561740
2007-12-13 10:57:00,5.7610,5.7680,5.7420,5.7560,3035284
2007-12-13 10:56:00,5.7760,5.7820,5.7500,5.7590,4357388
2007-12-13 10:55:00,5.7850,5.7920,5.7650,5.7740,1937208
2007-12-13 10:54:00,5.7850,5.7930,5.7700,5.7820,919520
2007-12-13 10:53:00,5.7830,5.7930,5.7720,5.7830,464800
2007-12-13 10:52:00,5.7870,5.7940,5.7710,5.7800,864332
2007-12-13 10:51:00,5.7870,5.7950,5.7710,5.7850,1232000
2007-12-13 10:50:00,5.7870,5.7950,5.7670,5.7850,1414476
2007-12-13 10:49:00,5.7840,5.7940,5.7620,5.7850,2283848
2007-12-13 10:48:00,5.7840,5.7900,5.7680,5.7810,936796
2007-12-13 10:47:00,5.7840,5.7940,5.7710,5.7810,1296764
2007-12-13 10:46:00,5.7820,5.7900,5.7630,5.7810,1502620
2007-12-13 10:45:00,5.7890,5.7960,5.7650,5.7830,2671564
2007-12-13 10:44:00,5.7890,5.8030,5.7780,5.7870,1950032
2007-12-13 10:43:00,5.7870,5.8000,5.7740,5.7880,2580844
2007-12-13 10:42:00,5.7910,5.7970,5.7680,5.7840,2218664
2007-12-13 10:41:00,5.7960,5.8070,5.7760,5.7890,2069144
2007-12-13 10:40:00,5.8020,5.8100,5.7840,5.7930,1916236
2007-12-13 10:39:00,5.7980,5.8100,5.7850,5.7990,2174228
2007-12-13 10:38:00,5.7880,5.8050,5.7750,5.7960,1922116
2007-12-13 10:37:00,5.7870,5.7950,5.7690,5.7860,1564444
2007-12-13 10:36:00,5.7820,5.7960,5.7710,5.7850,2005696
2007-12-13 10:35:00,5.7860,5.7960,5.7670,5.7800,1850352
2007-12-13 10:34:00,5.7940,5.8000,5.7710,5.7840,2284996
2007-12-13 10:33:00,5.7940,5.8060,5.7810,5.7920,1603980
2007-12-13 10:32:00,5.7910,5.8020,5.7800,5.7920,2351636
2007-12-13 10:31:00,5.7780,5.7980,5.7670,5.7900,2237732
2007-12-13 10:30:00,5.7800,5.7900,5.7620,5.7760,2625084
2007-12-13 10:29:00,5.7810,5.7880,5.7620,5.7780,2697800
2007-12-13 10:28:00,5.7870,5.7930,5.7610,5.7780,3373076
2007-12-13 10:27:00,5.7880,5.7960,5.7740,5.7850,1294580
2007-12-13 10:26:00,5.7900,5.7960,5.7700,5.7860,2506616
2007-12-13 10:25:00,5.7830,5.7960,5.7690,5.7870,3605868
2007-12-13 10:24:00,5.8030,5.8090,5.7720,5.7810,3316880
2007-12-13 10:23:00,5.8050,5.8150,5.7910,5.8010,1744736
2007-12-13 10:22:00,5.8020,5.8110,5.7880,5.8020,2691388
2007-12-13 10:21:00,5.8100,5.8230,5.7900,5.8000,3468808
2007-12-13 10:20:00,5.7980,5.8180,5.7850,5.8070,3527300
2007-12-13 10:19:00,5.8040,5.8120,5.7850,5.7940,2345224
2007-12-13 10:18:00,5.8110,5.8190,5.7880,5.8000,2406992
2007-12-13 10:17:00,5.8020,5.8180,5.7910,5.8090,2288552
2007-12-13 10:16:00,5.8010,5.8090,5.7880,5.8010,1404620
2007-12-13 10:15:00,5.7990,5.8080,5.7850,5.7980,2996224
2007-12-13 10:14:00,5.8070,5.8130,5.7860,5.7970,3720612
2007-12-13 10:13:00,5.8110,5.8220,5.7950,5.8040,3081904
2007-12-13 10:12:00,5.8120,5.8250,5.7960,5.8080,3934952
2007-12-13 10:11:00,5.8080,5.8190,5.7960,5.8110,3592708
2007-12-13 10:10:00,5.8070,5.8190,5.7920,5.8070,5078276
2007-12-13 10:09:00,5.7970,5.8150,5.7860,5.8040,5347972
2007-12-13 10:08:00,5.7870,5.8050,5.7760,5.7970,4249812
2007-12-13 10:07:00,5.7850,5.7950,5.7720,5.7850,3018428
2007-12-13 10:06:00,5.7830,5.7920,5.7650,5.7840,2692312
2007-12-13 10:05:00,5.7730,5.7910,5.7590,5.7810,3324328
2007-12-13 10:04:00,5.7780,5.7870,5.7560,5.7730,3817212
2007-12-13 10:03:00,5.7660,5.7850,5.7550,5.7750,4476192
2007-12-13 10:02:00,5.7550,5.7780,5.7410,5.7640,3324076
2007-12-13 10:01:00,5.7690,5.7780,5.7380,5.7520,4150776
2007-12-13 10:00:00,5.7600,5.7760,5.7480,5.7670,2948596
2007-12-13 09:59:00,5.7580,5.7690,5.7460,5.7580,1653512
2007-12-13 09:58:00,5.7570,5.7670,5.7400,5.7570,3711512
2007-12-13 09:57:00,5.7670,5.7750,5.7460,5.7550,2966544
2007-12-13 09:56:00,5.7790,5.7850,5.7560,5.7650,3349444
2007-12-13 09:55:00,5.7680,5.7860,5.7500,5.7770,4235224
2007-12-13 09:54:00,5.7600,5.7750,5.7450,5.7660,2803556
2007-12-13 09:53:00,5.7600,5.7700,5.7440,5.7580,2601592
2007-12-13 09:52:00,5.7690,5.7820,5.7480,5.7580,3534412
2007-12-13 09:51:00,5.7690,5.7790,5.7550,5.7670,3201688
2007-12-13 09:50:00,5.7640,5.7780,5.7470,5.7670,3520860
2007-12-13 09:49:00,5.7550,5.7720,5.7440,5.7600,3881612
2007-12-13 09:48:00,5.7510,5.7650,5.7350,5.7530,4619776
2007-12-13 09:47:00,5.7570,5.7640,5.7350,5.7490,4438868
2007-12-13 09:46:00,5.7530,5.7730,5.7390,5.7560,5413548
2007-12-13 09:45:00,5.7670,5.7740,5.7350,5.7500,6415780
2007-12-13 09:44:00,5.7700,5.7770,5.7530,5.7640,3942120
2007-12-13 09:43:00,5.7690,5.7770,5.7500,5.7680,4842908
2007-12-13 09:42:00,5.7770,5.7890,5.7570,5.7660,4267760
2007-12-13 09:41:00,5.7890,5.7970,5.7630,5.7750,4902240
2007-12-13 09:40:00,5.8020,5.8140,5.7730,5.7860,5377372
2007-12-13 09:39:00,5.8110,5.8280,5.7860,5.8000,3929436
2007-12-13 09:38:00,5.8220,5.8290,5.7980,5.8090,4032588
2007-12-13 09:37:00,5.8110,5.8310,5.7940,5.8210,4773748
2007-12-13 09:36:00,5.8120,5.8230,5.7970,5.8080,5466356
2007-12-13 09:35:00,5.7950,5.8170,5.7830,5.8060,4553500
2007-12-13 09:34:00,5.8010,5.8120,5.7810,5.7930,5548592
2007-12-13 09:33:00,5.8090,5.8180,5.7860,5.7990,5011720
2007-12-13 09:32:00,5.7980,5.8180,5.7850,5.8070,4434276
2007-12-13 09:31:00,5.7720,5.8060,5.7480,5.7950,6366948
2007-12-13 09:30:00,5.7680,5.7820,5.7470,5.7700,7188020
2007-12-13 09:29:00,5.7670,5.7740,5.7510,5.7650,119672
2007-12-13 09:28:00,5.7720,5.7780,5.7560,5.7650,117908
2007-12-13 09:27:00,5.7700,5.7790,5.7590,5.7710,52164
2007-12-13 09:26:00,5.7690,5.7760,5.7580,5.7680,86688
2007-12-13 09:25:00,5.7670,5.7760,5.7550,5.7680,40488
2007-12-13 09:24:00,5.7680,5.7740,5.7550,5.7640,51940
2007-12-13 09:23:00,5.7640,5.7740,5.7530,5.7660,42560
2007-12-13 09:22:00,5.7630,5.7700,5.7520,5.7620,26600
2007-12-13 09:21:00,5.7650,5.7710,5.7530,5.7620,56000
2007-12-13 09:20:00,5.7630,5.7700,5.7520,5.7620,16520
2007-12-13 09:19:00,5.7600,5.7680,5.7490,5.7600,86800
2007-12-13 09:18:00,5.7570,5.7650,5.7460,5.7570,23100
2007-12-13 09:16:00,5.7580,5.7640,5.7450,5.7540,30800
2007-12-13 09:15:00,5.7570,5.7630,5.7460,5.7550,2800
2007-12-13 09:14:00,5.7610,5.7660,5.7480,5.7570,278012
2007-12-13 09:13:00,5.7610,5.7680,5.7490,5.7580,63280
2007-12-13 09:12:00,5.7590,5.7670,5.7480,5.7590,54768
2007-12-13 09:11:00,5.7600,5.7650,5.7480,5.7570,16800
2007-12-13 09:10:00,5.7610,5.7670,5.7490,5.7590,53676
2007-12-13 09:09:00,5.7620,5.7680,5.7490,5.7580,22400
2007-12-13 09:08:00,5.7620,5.7680,5.7500,5.7600,26600
2007-12-13 09:07:00,5.7560,5.7680,5.7450,5.7600,117852
2007-12-13 09:06:00,5.7590,5.7650,5.7450,5.7560,193200
2007-12-13 09:05:00,5.7610,5.7670,5.7480,5.7570,95200
2007-12-13 09:04:00,5.7630,5.7690,5.7500,5.7600,127568
2007-12-13 09:03:00,5.7660,5.7720,5.7500,5.7610,200172
2007-12-13 09:02:00,5.7620,5.7710,5.7510,5.7620,98532
2007-12-13 09:01:00,5.7590,5.7680,5.7470,5.7600,67536
2007-12-13 09:00:00,5.7610,5.7670,5.7470,5.7560,92400
2007-12-13 08:59:00,5.7630,5.7740,5.7500,5.7590,190400
2007-12-13 08:58:00,5.7540,5.7690,5.7400,5.7610,353080
2007-12-13 08:57:00,5.7550,5.7620,5.7410,5.7500,116480
2007-12-13 08:56:00,5.7510,5.7670,5.7400,5.7530,291200
2007-12-13 08:55:00,5.7490,5.7570,5.7360,5.7490,264908
2007-12-13 08:54:00,5.7470,5.7550,5.7360,5.7450,92540
2007-12-13 08:53:00,5.7450,5.7530,5.7340,5.7440,320180
2007-12-13 08:52:00,5.7460,5.7520,5.7330,5.7420,36708
2007-12-13 08:51:00,5.7460,5.7520,5.7340,5.7440,30800
2007-12-13 08:50:00,5.7440,5.7520,5.7330,5.7440,104692
2007-12-13 08:49:00,5.7460,5.7520,5.7320,5.7410,82040
2007-12-13 08:48:00,5.7460,5.7540,5.7330,5.7430,295400
2007-12-13 08:47:00,5.7460,5.7530,5.7330,5.7430,206556
2007-12-13 08:46:00,5.7450,5.7520,5.7330,5.7440,207592
2007-12-13 08:45:00,5.7410,5.7490,5.7290,5.7410,28000
2007-12-13 08:44:00,5.7430,5.7490,5.7300,5.7390,81340
2007-12-13 08:43:00,5.7380,5.7490,5.7270,5.7410,163128
2007-12-13 08:42:00,5.7310,5.7430,5.7200,5.7350,266448
2007-12-13 08:41:00,5.7310,5.7370,5.7150,5.7280,125244
2007-12-13 08:40:00,5.7260,5.7370,5.7150,5.7290,167748
2007-12-13 08:39:00,5.7290,5.7340,5.7150,5.7240,63000
2007-12-13 08:38:00,5.7330,5.7400,5.7180,5.7270,87528
2007-12-13 08:37:00,5.7320,5.7420,5.7200,5.7290,235144
2007-12-13 08:36:00,5.7290,5.7380,5.7180,5.7290,189588
2007-12-13 08:35:00,5.7300,5.7380,5.7170,5.7270,120120
2007-12-13 08:34:00,5.7300,5.7390,5.7170,5.7300,256396
2007-12-13 08:33:00,5.7310,5.7380,5.7190,5.7290,141400
2007-12-13 08:32:00,5.7320,5.7400,5.7210,5.7310,260400
2007-12-13 08:31:00,5.7310,5.7420,5.7200,5.7290,30968
2007-12-13 08:30:00,5.7390,5.7460,5.7160,5.7280,180880
2007-12-13 08:29:00,5.7390,5.7450,5.7280,5.7370,29680
2007-12-13 08:28:00,5.7440,5.7500,5.7300,5.7390,16800
2007-12-13 08:27:00,5.7400,5.7500,5.7290,5.7420,46536
2007-12-13 08:26:00,5.7400,5.7490,5.7270,5.7380,46200
2007-12-13 08:25:00,5.7370,5.7470,5.7260,5.7360,43400
2007-12-13 08:24:00,5.7370,5.7430,5.7230,5.7320,11200
2007-12-13 08:23:00,5.7340,5.7440,5.7230,5.7360,28000
2007-12-13 08:22:00,5.7330,5.7440,5.7210,5.7350,81200
2007-12-13 08:21:00,5.7380,5.7440,5.7240,5.7330,14000
2007-12-13 08:20:00,5.7310,5.7430,5.7200,5.7350,90132
2007-12-13 08:19:00,5.7330,5.7390,5.7200,5.7290,30800
2007-12-13 08:18:00,5.7310,5.7390,5.7200,5.7310,86352
2007-12-13 08:17:00,5.7310,5.7370,5.7200,5.7290,21000
2007-12-13 08:16:00,5.7290,5.7390,5.7180,5.7290,91728
2007-12-13 08:15:00,5.7340,5.7400,5.7190,5.7280,184044
2007-12-13 08:14:00,5.7340,5.7430,5.7230,5.7320,78008
2007-12-13 08:13:00,5.7370,5.7430,5.7230,5.7320,41020
2007-12-13 08:12:00,5.7360,5.7420,5.7250,5.7340,27104
2007-12-13 08:11:00,5.7370,5.7430,5.7210,5.7300,34076
2007-12-13 08:10:00,5.7370,5.7430,5.7230,5.7350,50400
2007-12-13 08:09:00,5.7290,5.7400,5.7180,5.7320,39200
2007-12-13 08:08:00,5.7310,5.7400,5.7200,5.7290,67984
2007-12-13 08:07:00,5.7310,5.7370,5.7160,5.7290,62020
2007-12-13 08:06:00,5.7310,5.7370,5.7160,5.7240,58800
2007-12-13 08:05:00,5.7410,5.7470,5.7200,5.7290,157640
2007-12-13 08:04:00,5.7350,5.7470,5.7240,5.7390,84700
2007-12-13 08:03:00,5.7340,5.7440,5.7230,5.7340,25480
2007-12-13 08:02:00,5.7310,5.7400,5.7200,5.7290,24080
2007-12-13 08:01:00,5.7290,5.7370,5.7130,5.7290,98000
2007-12-13 08:00:00,5.7310,5.7500,5.7030,5.7270,541856
2007-12-13 07:59:00,5.7310,5.7370,5.7170,5.7290,30800
2007-12-13 07:58:00,5.7250,5.7310,5.7140,5.7230,14000
2007-12-13 07:56:00,5.7280,5.7340,5.7170,5.7260,14000
2007-12-13 07:51:00,5.7160,5.7210,5.7050,5.7140,25200
2007-12-13 07:46:00,5.7510,5.7570,5.7400,5.7490,25200
2007-12-13 07:45:00,5.7170,5.7220,5.7060,5.7140,2800
2007-12-13 07:43:00,5.7190,5.7250,5.7080,5.7170,50400
2007-12-13 07:41:00,5.7190,5.7240,5.7080,5.7170,25200
2007-12-13 07:40:00,5.7190,5.7240,5.7080,5.7170,11200
2007-12-13 07:39:00,5.7160,5.7340,5.7050,5.7260,20020
2007-12-13 07:38:00,5.7160,5.7210,5.7050,5.7140,14280
2007-12-13 07:36:00,5.7160,5.7210,5.7050,5.7140,2800
2007-12-13 07:35:00,5.7130,5.7190,5.6970,5.7070,33320
2007-12-13 07:32:00,5.7130,5.7180,5.7020,5.7100,7560
2007-12-13 07:31:00,5.7130,5.7180,5.7020,5.7100,2800
2007-12-13 07:29:00,5.7130,5.7190,5.7020,5.7100,5600
2007-12-13 07:27:00,5.7130,5.7180,5.7020,5.7100,19600
2007-12-13 07:26:00,5.7070,5.7120,5.6960,5.7040,2800
2007-12-13 07:23:00,5.7040,5.7090,5.6930,5.7010,2800
2007-12-13 07:22:00,5.7190,5.7250,5.7080,5.7170,19600
2007-12-13 07:18:00,5.7320,5.7370,5.7200,5.7290,13440
2007-12-13 07:16:00,5.7360,5.7410,5.7250,5.7340,2800
2007-12-13 07:14:00,5.7380,5.7440,5.7270,5.7360,5600
2007-12-13 05:29:00,5.7360,5.7420,5.7200,5.7290,6160
2007-12-13 05:07:00,5.7520,5.7580,5.7410,5.7500,2800
2007-12-12 19:59:00,5.7870,5.8050,5.7760,5.7860,104216
2007-12-12 19:58:00,5.7870,5.7940,5.7760,5.7860,50400
2007-12-12 19:57:00,5.7900,5.7970,5.7760,5.7850,122920
2007-12-12 19:56:00,5.7900,5.7960,5.7790,5.7880,14000
2007-12-12 19:55:00,5.7890,5.7960,5.7780,5.7880,23800
2007-12-12 19:54:00,5.7900,5.7960,5.7790,5.7880,5600
2007-12-12 19:53:00,5.7900,5.7960,5.7790,5.7880,7140
2007-12-12 19:51:00,5.7890,5.7950,5.7780,5.7870,14000
2007-12-12 19:50:00,5.7900,5.7950,5.7780,5.7870,2800
2007-12-12 19:49:00,5.7870,5.7930,5.7760,5.7850,2800
2007-12-12 19:48:00,5.7870,5.7930,5.7760,5.7850,5600
2007-12-12 19:47:00,5.7910,5.7970,5.7760,5.7850,36400
2007-12-12 19:46:00,5.7900,5.7960,5.7790,5.7880,2800
2007-12-12 19:43:00,5.7840,5.7900,5.7730,5.7820,103964
2007-12-12 19:42:00,5.7840,5.7900,5.7710,5.7820,50624
2007-12-12 19:41:00,5.7840,5.7900,5.7730,5.7820,53200
2007-12-12 19:40:00,5.7840,5.7900,5.7730,5.7820,2800
2007-12-12 19:39:00,5.7840,5.7900,5.7730,5.7820,45528
2007-12-12 19:37:00,5.7910,5.7970,5.7800,5.7890,8036
2007-12-12 19:33:00,5.7910,5.7970,5.7800,5.7890,19600
2007-12-12 19:31:00,5.7890,5.7950,5.7780,5.7870,17360
2007-12-12 19:27:00,5.7910,5.7990,5.7790,5.7900,128380
2007-12-12 19:26:00,5.7880,5.7980,5.7770,5.7880,57400
2007-12-12 19:23:00,5.7850,5.7910,5.7740,5.7830,16800
2007-12-12 19:21:00,5.7850,5.7910,5.7740,5.7830,10640
2007-12-12 19:20:00,5.7870,5.7930,5.7760,5.7850,56000
2007-12-12 19:15:00,5.7790,5.7850,5.7680,5.7770,23800
2007-12-12 19:14:00,5.7800,5.7860,5.7680,5.7770,14000
2007-12-12 19:13:00,5.7840,5.7900,5.7730,5.7820,28000
2007-12-12 19:12:00,5.7840,5.7900,5.7730,5.7820,6496
2007-12-12 19:10:00,5.7880,5.7940,5.7730,5.7820,157612
2007-12-12 19:09:00,5.7870,5.7930,5.7760,5.7850,126000
2007-12-12 19:07:00,5.7910,5.7970,5.7780,5.7870,112000
2007-12-12 19:05:00,5.7960,5.8020,5.7840,5.7930,21000
2007-12-12 19:04:00,5.7980,5.8030,5.7860,5.7950,168784
2007-12-12 19:03:00,5.7980,5.8040,5.7860,5.7960,28000
2007-12-12 19:01:00,5.7990,5.8050,5.7880,5.7970,8680
2007-12-12 19:00:00,5.7990,5.8050,5.7880,5.7970,4760
2007-12-12 18:57:00,5.8010,5.8070,5.7900,5.7990,21000
2007-12-12 18:52:00,5.8030,5.8090,5.7920,5.8010,11200
2007-12-12 18:48:00,5.8010,5.8070,5.7900,5.7990,2800
2007-12-12 18:43:00,5.8010,5.8060,5.7890,5.7980,8400
2007-12-12 18:39:00,5.8010,5.8070,5.7900,5.7990,4592
2007-12-12 18:38:00,5.8000,5.8060,5.7890,5.7980,5600
2007-12-12 18:35:00,5.7980,5.8030,5.7860,5.7950,3108
2007-12-12 18:33:00,5.7980,5.8040,5.7870,5.7960,8400
2007-12-12 18:29:00,5.7980,5.8040,5.7870,5.7960,11480
2007-12-12 18:28:00,5.7980,5.8040,5.7870,5.7960,14000
2007-12-12 18:26:00,5.8010,5.8070,5.7900,5.7990,14000
2007-12-12 18:24:00,5.8010,5.8070,5.7890,5.7990,27188
2007-12-12 18:22:00,5.8000,5.8060,5.7870,5.7960,25032
2007-12-12 18:19:00,5.7980,5.8030,5.7860,5.7950,22400
2007-12-12 18:18:00,5.8010,5.8060,5.7860,5.7950,16800
2007-12-12 18:17:00,5.7990,5.8050,5.7880,5.7970,55720
2007-12-12 18:16:00,5.7990,5.8050,5.7860,5.7970,92400
2007-12-12 18:15:00,5.7990,5.8050,5.7860,5.7970,39200
2007-12-12 18:14:00,5.8010,5.8060,5.7890,5.7980,14000
2007-12-12 18:13:00,5.7980,5.8030,5.7860,5.7950,25200
2007-12-12 18:10:00,5.7980,5.8030,5.7860,5.7950,23800
2007-12-12 18:09:00,5.8010,5.8060,5.7890,5.7980,2800
2007-12-12 18:07:00,5.8010,5.8060,5.7890,5.7980,8400
2007-12-12 17:59:00,5.8030,5.8090,5.7920,5.8010,8400
2007-12-12 17:58:00,5.7980,5.8060,5.7860,5.7980,36400
2007-12-12 17:56:00,5.7980,5.8030,5.7860,5.7950,2800
2007-12-12 17:55:00,5.7980,5.8030,5.7860,5.7950,2800
2007-12-12 17:54:00,5.7980,5.8030,5.7860,5.7950,25200
2007-12-12 17:53:00,5.7980,5.8030,5.7860,5.7950,6300
2007-12-12 17:52:00,5.7980,5.8040,5.7860,5.7950,33600
2007-12-12 17:51:00,5.7980,5.8040,5.7870,5.7960,2800
2007-12-12 17:50:00,5.8010,5.8060,5.7890,5.7980,2800
2007-12-12 17:49:00,5.7250,5.7310,5.7140,5.7230,19600
2007-12-12 17:48:00,5.8010,5.8060,5.7850,5.7940,44800
2007-12-12 17:47:00,5.7980,5.8030,5.7860,5.7950,8400
2007-12-12 17:46:00,5.7980,5.8040,5.7860,5.7960,19600
2007-12-12 17:43:00,5.8010,5.8070,5.7880,5.7970,19600
2007-12-12 17:42:00,5.8010,5.8090,5.7900,5.8010,7616
2007-12-12 17:40:00,5.8010,5.8070,5.7900,5.7990,6300
2007-12-12 17:38:00,5.8020,5.8080,5.7900,5.7990,40600
2007-12-12 17:36:00,5.8010,5.8070,5.7900,5.7990,42000
2007-12-12 17:35:00,5.8010,5.8070,5.7900,5.7990,2800
2007-12-12 17:34:00,5.8010,5.8070,5.7900,5.7990,8400
2007-12-12 17:33:00,5.8010,5.8060,5.7890,5.7980,40684
2007-12-12 17:32:00,5.8020,5.8080,5.7890,5.7980,39200
2007-12-12 17:31:00,5.7980,5.8060,5.7860,5.7980,16884
2007-12-12 17:30:00,5.7980,5.8060,5.7860,5.7980,8400
2007-12-12 17:24:00,5.7970,5.8030,5.7850,5.7940,53704
2007-12-12 17:23:00,5.8010,5.8070,5.7900,5.7990,5600
2007-12-12 17:22:00,5.8020,5.8080,5.7900,5.7990,5600
2007-12-12 17:19:00,5.8020,5.8080,5.7900,5.7990,28000
2007-12-12 17:15:00,5.8040,5.8090,5.7910,5.8000,16800
2007-12-12 17:14:00,5.8030,5.8090,5.7920,5.8010,8400
2007-12-12 17:10:00,5.8000,5.8080,5.7890,5.8000,59920
2007-12-12 17:09:00,5.8010,5.8060,5.7870,5.7960,9800
2007-12-12 17:08:00,5.7990,5.8050,5.7880,5.7970,14000
2007-12-12 17:07:00,5.7980,5.8040,5.7860,5.7950,28000
2007-12-12 17:05:00,5.7990,5.8060,5.7880,5.7980,22400
2007-12-12 17:04:00,5.8000,5.8060,5.7860,5.7950,44800
2007-12-12 17:02:00,5.8010,5.8070,5.7870,5.7960,24948
2007-12-12 17:01:00,5.8030,5.8090,5.7910,5.8010,13776
2007-12-12 17:00:00,5.8010,5.8060,5.7890,5.7980,2800
2007-12-12 16:57:00,5.7990,5.8050,5.7880,5.7970,8400
2007-12-12 16:56:00,5.8010,5.8070,5.7880,5.7970,26040
2007-12-12 16:55:00,5.8020,5.8080,5.7900,5.7990,12040
2007-12-12 16:54:00,5.8020,5.8080,5.7900,5.7990,23800
2007-12-12 16:53:00,5.8020,5.8080,5.7810,5.7900,35784
2007-12-12 16:52:00,5.8020,5.8080,5.7910,5.8000,2800
2007-12-12 16:51:00,5.8040,5.8090,5.7920,5.8010,2800
2007-12-12 16:50:00,5.8040,5.8090,5.7520,5.7610,17612
2007-12-12 16:49:00,5.8050,5.8110,5.7760,5.8010,14504
2007-12-12 16:48:00,5.8060,5.8120,5.7920,5.8010,9996
2007-12-12 16:47:00,5.8040,5.8120,5.7900,5.7990,22400
2007-12-12 16:46:00,5.8040,5.8100,5.7920,5.8010,35280
2007-12-12 16:44:00,5.8070,5.8130,5.7930,5.8020,9520
2007-12-12 16:43:00,5.8070,5.8130,5.7960,5.8050,21840
2007-12-12 16:42:00,5.8040,5.8100,5.7920,5.8010,22400
2007-12-12 16:41:00,5.8040,5.8100,5.7930,5.8020,21056
2007-12-12 16:40:00,5.8050,5.8110,5.7940,5.8030,8400
2007-12-12 16:39:00,5.8090,5.8150,5.7980,5.8070,6440
2007-12-12 16:38:00,5.8100,5.8160,5.7980,5.8070,2800
2007-12-12 16:37:00,5.8060,5.8120,5.7940,5.8040,5600
2007-12-12 16:36:00,5.7870,5.7930,5.7760,5.7850,314300
2007-12-12 16:35:00,5.8060,5.8160,5.7760,5.7850,1020516
2007-12-12 16:34:00,5.8100,5.8160,5.7950,5.8040,98140
2007-12-12 16:33:00,5.8110,5.8160,5.7990,5.8080,21056
2007-12-12 16:32:00,5.8080,5.8170,5.7960,5.8050,53676
2007-12-12 16:31:00,5.8060,5.8140,5.7760,5.8060,270816
2007-12-12 16:30:00,5.8070,5.8120,5.7760,5.7850,202832
2007-12-12 16:29:00,5.8040,5.8120,5.7920,5.8040,49224
2007-12-12 16:28:00,5.8050,5.8120,5.7940,5.8030,128800
2007-12-12 16:27:00,5.8050,5.8120,5.7940,5.8030,75600
2007-12-12 16:25:00,5.8040,5.8100,5.7760,5.8010,2690296
2007-12-12 16:24:00,5.8040,5.8110,5.7930,5.8030,42000
2007-12-12 16:23:00,5.8030,5.8090,5.7920,5.8010,16800
2007-12-12 16:22:00,5.7990,5.8090,5.7880,5.8010,23380
2007-12-12 16:21:00,5.8010,5.8080,5.7890,5.7980,56000
2007-12-12 16:20:00,5.8010,5.8070,5.7850,5.7940,70000
2007-12-12 16:19:00,5.8000,5.8060,5.7890,5.7980,2800
2007-12-12 16:18:00,5.7870,5.8080,5.7760,5.8000,86352
2007-12-12 16:17:00,5.8070,5.8120,5.7910,5.8000,101808
2007-12-12 16:16:00,5.8080,5.8140,5.7850,5.7940,31780
2007-12-12 16:15:00,5.8090,5.8150,5.7890,5.8000,136808
2007-12-12 16:14:00,5.8140,5.8190,5.7760,5.7850,25312
2007-12-12 16:13:00,5.8130,5.8190,5.7760,5.8110,240212
2007-12-12 16:12:00,5.8120,5.8180,5.7760,5.7850,76888
2007-12-12 16:11:00,5.8110,5.8180,5.7760,5.8050,126364
2007-12-12 16:10:00,5.8130,5.8190,5.7850,5.8080,165732
2007-12-12 16:09:00,5.8130,5.8230,5.6960,5.8090,80444
2007-12-12 16:08:00,5.8020,5.8180,5.7850,5.8100,196784
2007-12-12 16:07:00,5.8040,5.8110,5.7780,5.8010,47600
2007-12-12 16:06:00,5.8070,5.8150,5.7930,5.8020,61964
2007-12-12 16:05:00,5.8040,5.8140,5.7850,5.7940,339248
2007-12-12 16:04:00,5.8010,5.8170,5.7900,5.8020,221200
2007-12-12 16:03:00,5.7980,5.8090,5.7760,5.8000,385784
2007-12-12 16:02:00,5.7950,5.8030,5.7820,5.7950,330064
2007-12-12 16:01:00,5.7950,5.8030,5.6970,5.7940,144648
2007-12-12 16:00:00,5.7940,5.8060,5.7760,5.7940,9222976
2007-12-12 15:59:00,5.7790,5.8030,5.7680,5.7940,7968324
2007-12-12 15:58:00,5.7780,5.7900,5.7630,5.7770,5656252
2007-12-12 15:57:00,5.7640,5.7890,5.7510,5.7760,6478948
2007-12-12 15:56:00,5.7590,5.7730,5.7450,5.7620,5164264
2007-12-12 15:55:00,5.7460,5.7670,5.7350,5.7550,5977300
2007-12-12 15:54:00,5.7380,5.7550,5.7180,5.7440,4212152
2007-12-12 15:53:00,5.7410,5.7540,5.7210,5.7360,5547388
2007-12-12 15:52:00,5.7430,5.7520,5.7260,5.7390,4657184
2007-12-12 15:51:00,5.7400,5.7600,5.7250,5.7430,6946632
2007-12-12 15:50:00,5.7220,5.7470,5.7110,5.7390,4344844
2007-12-12 15:49:00,5.7260,5.7350,5.7090,5.7200,5919956
2007-12-12 15:48:00,5.7070,5.7330,5.6930,5.7240,6665120
2007-12-12 15:47:00,5.6930,5.7140,5.6780,5.7060,3914568
2007-12-12 15:46:00,5.6910,5.7020,5.6750,5.6920,3777452
2007-12-12 15:45:00,5.6830,5.6990,5.6710,5.6890,3668588
2007-12-12 15:44:00,5.6830,5.6940,5.6640,5.6810,2879772
2007-12-12 15:43:00,5.6760,5.6910,5.6570,5.6800,2747920
2007-12-12 15:42:00,5.6890,5.7020,5.6570,5.6740,3484936
2007-12-12 15:41:00,5.6890,5.6990,5.6670,5.6870,3769836
2007-12-12 15:40:00,5.6830,5.7110,5.6690,5.6880,4194988
2007-12-12 15:39:00,5.6810,5.6970,5.6650,5.6810,3314780
2007-12-12 15:38:00,5.6710,5.6960,5.6600,5.6790,4982488
2007-12-12 15:37:00,5.6880,5.8760,5.6560,5.6680,4948916
2007-12-12 15:36:00,5.6980,5.7050,5.6710,5.6850,4723768
2007-12-12 15:35:00,5.7060,5.7200,5.6830,5.6960,3389512
2007-12-12 15:34:00,5.7020,5.7200,5.6900,5.7030,3303804
2007-12-12 15:33:00,5.7130,5.7230,5.6880,5.6990,4421900
2007-12-12 15:32:00,5.7200,5.7290,5.7000,5.7100,5002060
2007-12-12 15:31:00,5.7180,5.7330,5.6990,5.7170,5207048
2007-12-12 15:30:00,5.7080,5.7260,5.6890,5.7160,4963392
2007-12-12 15:29:00,5.7040,5.7170,5.6900,5.7060,4921084
2007-12-12 15:28:00,5.6970,5.7150,5.6830,5.7020,6191780
2007-12-12 15:27:00,5.6970,5.7070,5.6800,5.6940,2967776
2007-12-12 15:26:00,5.6860,5.7090,5.6730,5.6950,3942316
2007-12-12 15:25:00,5.6790,5.7000,5.6680,5.6840,5605292
2007-12-12 15:24:00,5.6860,5.6940,5.6640,5.6750,5906824
2007-12-12 15:23:00,5.6890,5.7060,5.6710,5.6840,7228564
2007-12-12 15:22:00,5.6940,5.7060,5.6740,5.6860,4503072
2007-12-12 15:21:00,5.6910,5.7060,5.6760,5.6940,4897200
2007-12-12 15:20:00,5.6810,5.7140,5.6700,5.6890,7640136
2007-12-12 15:19:00,5.6670,5.6890,5.6540,5.6810,6763708
2007-12-12 15:18:00,5.6490,5.6740,5.6270,5.6640,6147820
2007-12-12 15:17:00,5.6330,5.6860,5.6220,5.6470,9284912
2007-12-12 15:16:00,5.6850,5.6920,5.6220,5.6320,9578492
2007-12-12 15:15:00,5.6780,5.6920,5.6500,5.6830,10256848
2007-12-12 15:14:00,5.6890,5.7060,5.6670,5.6760,6683208
2007-12-12 15:13:00,5.7060,5.7130,5.6780,5.6870,7549920
2007-12-12 15:12:00,5.7070,5.7160,5.6900,5.7050,7205660
2007-12-12 15:11:00,5.7250,5.7310,5.6950,5.7040,6492612
2007-12-12 15:10:00,5.7390,5.7460,5.7130,5.7230,3595984
2007-12-12 15:09:00,5.7330,5.7470,5.7180,5.7370,2784096
2007-12-12 15:08:00,5.7240,5.7470,5.7120,5.7310,3941140
2007-12-12 15:07:00,5.7340,5.7450,5.7120,5.7220,2585856
2007-12-12 15:06:00,5.7390,5.7470,5.7230,5.7320,3872400
2007-12-12 15:05:00,5.7300,5.7990,5.7130,5.7370,6343876
2007-12-12 15:04:00,5.7300,5.7390,5.7130,5.7280,4345600
2007-12-12 15:03:00,5.7340,5.7460,5.7150,5.7280,5247228
2007-12-12 15:02:00,5.7430,5.7490,5.7210,5.7330,3166240
2007-12-12 15:01:00,5.7430,5.7500,5.7230,5.7410,4691120
2007-12-12 15:00:00,5.7570,5.7640,5.7260,5.7410,6396348
2007-12-12 14:59:00,5.7680,5.7750,5.7450,5.7540,2989868
2007-12-12 14:58:00,5.7690,5.7780,5.7520,5.7700,2023280
2007-12-12 14:57:00,5.7720,5.7780,5.7550,5.7660,2469628
2007-12-12 14:56:00,5.7670,5.7810,5.7560,5.7700,2662520
2007-12-12 14:55:00,5.7630,5.7750,5.7470,5.7660,1836128
2007-12-12 14:54:00,5.7640,5.7710,5.7460,5.7590,2209144
2007-12-12 14:53:00,5.7700,5.7780,5.7520,5.7610,1761060
2007-12-12 14:52:00,5.7660,5.7790,5.7540,5.7670,1957312
2007-12-12 14:51:00,5.7620,5.7730,5.7490,5.7640,1599136
2007-12-12 14:50:00,5.7580,5.7740,5.7460,5.7590,2086672
2007-12-12 14:49:00,5.7610,5.7670,5.7400,5.7570,2290316
2007-12-12 14:48:00,5.7620,5.7710,5.7450,5.7570,2070292
2007-12-12 14:47:00,5.7620,5.7740,5.7490,5.7600,1501416
2007-12-12 14:46:00,5.7550,5.7690,5.7430,5.7590,1734180
2007-12-12 14:45:00,5.7620,5.7690,5.7430,5.7520,1622236
2007-12-12 14:44:00,5.7620,5.7720,5.7430,5.7600,2644880
2007-12-12 14:43:00,5.7580,5.7710,5.7460,5.7610,2505356
2007-12-12 14:42:00,5.7580,5.7650,5.7390,5.7570,1757392
2007-12-12 14:41:00,5.7530,5.7660,5.7370,5.7570,1869476
2007-12-12 14:40:00,5.7560,5.7650,5.7420,5.7510,2124808
2007-12-12 14:39:00,5.7500,5.7650,5.7370,5.7540,1523200
2007-12-12 14:38:00,5.7580,5.7660,5.7320,5.7470,4634672
2007-12-12 14:37:00,5.7570,5.7690,5.7460,5.7560,1580488
2007-12-12 14:36:00,5.7640,5.7750,5.7450,5.7550,2613632
2007-12-12 14:35:00,5.7630,5.7760,5.7520,5.7620,2881732
2007-12-12 14:34:00,5.7640,5.7710,5.7460,5.7620,2090452
2007-12-12 14:33:00,5.7670,5.7750,5.7470,5.7610,2283456
2007-12-12 14:32:00,5.7630,5.7740,5.7490,5.7640,1571164
2007-12-12 14:31:00,5.7610,5.7730,5.7490,5.7610,1892772
2007-12-12 14:30:00,5.7630,5.7710,5.7460,5.7590,3001572
2007-12-12 14:29:00,5.7650,5.7740,5.7470,5.7610,2797564
2007-12-12 14:28:00,5.7620,5.7750,5.7460,5.7640,3969336
2007-12-12 14:27:00,5.7660,5.7770,5.7500,5.7600,2384788
2007-12-12 14:26:00,5.7720,5.7820,5.7530,5.7640,2268644
2007-12-12 14:25:00,5.7740,5.7810,5.7590,5.7700,1817256
2007-12-12 14:24:00,5.7710,5.7820,5.7560,5.7720,1751036
2007-12-12 14:23:00,5.7750,5.7810,5.7530,5.7700,1786624
2007-12-12 14:22:00,5.7680,5.7820,5.7560,5.7730,2451092
2007-12-12 14:21:00,5.7810,5.7880,5.7540,5.7660,4353748
2007-12-12 14:20:00,5.7980,5.8050,5.7700,5.7800,3958668
2007-12-12 14:19:00,5.8010,5.8100,5.7870,5.7960,969528
2007-12-12 14:18:00,5.7990,5.8110,5.7880,5.7990,1582728
2007-12-12 14:17:00,5.7970,5.8080,5.7860,5.7970,768600
2007-12-12 14:16:00,5.7960,5.8040,5.7840,5.7950,461188
2007-12-12 14:15:00,5.7970,5.8040,5.7840,5.7940,845936
2007-12-12 14:14:00,5.7970,5.8070,5.7840,5.7950,999236
2007-12-12 14:13:00,5.7930,5.8050,5.7810,5.7940,1183896
2007-12-12 14:12:00,5.7970,5.8060,5.7810,5.7900,1329832
2007-12-12 14:11:00,5.7950,5.8080,5.7840,5.7950,1765624
2007-12-12 14:10:00,5.8030,5.8090,5.7820,5.7940,1819076
2007-12-12 14:09:00,5.8000,5.8100,5.7880,5.8000,1582560
2007-12-12 14:08:00,5.8030,5.8110,5.7880,5.7970,1612072
2007-12-12 14:07:00,5.7960,5.8090,5.7840,5.8010,1827560
2007-12-12 14:06:00,5.8010,5.8090,5.7840,5.7940,2053128
2007-12-12 14:05:00,5.7920,5.8080,5.7810,5.7980,1720516
2007-12-12 14:04:00,5.7900,5.8020,5.7770,5.7910,1417668
2007-12-12 14:03:00,5.7910,5.7980,5.7760,5.7870,1593088
2007-12-12 14:02:00,5.7900,5.8040,5.7780,5.7890,1186752
2007-12-12 14:01:00,5.7970,5.8030,5.7780,5.7880,1672636
2007-12-12 14:00:00,5.8000,5.8090,5.7820,5.7940,1574580
2007-12-12 13:59:00,5.8000,5.8120,5.7870,5.7980,1529248
2007-12-12 13:58:00,5.8050,5.8120,5.7860,5.7980,1287916
2007-12-12 13:57:00,5.7990,5.8110,5.7840,5.8020,1187508
2007-12-12 13:56:00,5.7980,5.8060,5.7830,5.7960,1452752
2007-12-12 13:55:00,5.8010,5.8090,5.7860,5.7950,1349376
2007-12-12 13:54:00,5.8050,5.8130,5.7890,5.7990,1125012
2007-12-12 13:53:00,5.8020,5.8140,5.7880,5.8030,1226064
2007-12-12 13:52:00,5.8010,5.8110,5.7880,5.8010,1257284
2007-12-12 13:51:00,5.8060,5.8140,5.7910,5.8000,1154300
2007-12-12 13:50:00,5.8060,5.8140,5.7920,5.8040,890540
2007-12-12 13:49:00,5.8030,5.8150,5.7900,5.8040,1219428
2007-12-12 13:48:00,5.8050,5.8130,5.7890,5.8000,1559096
2007-12-12 13:47:00,5.8030,5.8160,5.7910,5.8040,1065316
2007-12-12 13:46:00,5.8050,5.8110,5.7900,5.8010,1020208
2007-12-12 13:45:00,5.8070,5.8160,5.7910,5.8020,1384152
2007-12-12 13:44:00,5.8060,5.8130,5.7920,5.8050,1223684
2007-12-12 13:43:00,5.8090,5.8160,5.7940,5.8030,896476
2007-12-12 13:42:00,5.8150,5.8210,5.7970,5.8070,2032548
2007-12-12 13:41:00,5.8140,5.8240,5.7980,5.8130,3017196
2007-12-12 13:40:00,5.8120,5.8200,5.7970,5.8120,2112600
2007-12-12 13:39:00,5.8050,5.8210,5.7920,5.8110,2914884
2007-12-12 13:38:00,5.8090,5.8180,5.7920,5.8020,2844156
2007-12-12 13:37:00,5.8050,5.8180,5.7920,5.8070,3216080
2007-12-12 13:36:00,5.7990,5.8110,5.7860,5.8030,1627640
2007-12-12 13:35:00,5.7940,5.8090,5.7830,5.7970,1435476
2007-12-12 13:34:00,5.7920,5.8050,5.7800,5.7920,1854720
2007-12-12 13:33:00,5.8020,5.8100,5.7800,5.7900,2159892
2007-12-12 13:32:00,5.8010,5.8140,5.7880,5.8000,2245012
2007-12-12 13:31:00,5.7940,5.8080,5.7820,5.7990,1737764
2007-12-12 13:30:00,5.7890,5.8010,5.7770,5.7920,2494632
2007-12-12 13:29:00,5.7970,5.8030,5.7780,5.7870,3027164
2007-12-12 13:28:00,5.8000,5.8060,5.7840,5.7940,1682940
2007-12-12 13:27:00,5.8010,5.8080,5.7850,5.7980,2023308
2007-12-12 13:26:00,5.8040,5.8150,5.7900,5.7990,2671704
2007-12-12 13:25:00,5.8070,5.8120,5.7910,5.8030,1567664
2007-12-12 13:24:00,5.8000,5.8120,5.7870,5.8030,2441656
2007-12-12 13:23:00,5.7980,5.8060,5.7820,5.7970,1332576
2007-12-12 13:22:00,5.7940,5.8060,5.7820,5.7950,2078972
2007-12-12 13:21:00,5.7910,5.8020,5.7780,5.7920,1352848
2007-12-12 13:20:00,5.7890,5.7970,5.7760,5.7890,701680
2007-12-12 13:19:00,5.7870,5.7950,5.7710,5.7870,1647212
2007-12-12 13:18:00,5.7920,5.8000,5.7750,5.7850,1778728
2007-12-12 13:17:00,5.7900,5.7990,5.7750,5.7900,1447768
2007-12-12 13:16:00,5.7870,5.8010,5.7750,5.7880,3205944
2007-12-12 13:15:00,5.7930,5.8010,5.7760,5.7850,2041452
2007-12-12 13:14:00,5.7980,5.8050,5.7780,5.7910,3288936
2007-12-12 13:13:00,5.7930,5.8040,5.7800,5.7960,2286228
2007-12-12 13:12:00,5.7910,5.8010,5.7760,5.7910,3144260
2007-12-12 13:11:00,5.7820,5.8000,5.7690,5.7880,4303908
2007-12-12 13:10:00,5.7790,5.7890,5.7640,5.7790,3326372
2007-12-12 13:09:00,5.7650,5.7850,5.7530,5.7760,3707760
2007-12-12 13:08:00,5.7590,5.7730,5.7480,5.7640,3146556
2007-12-12 13:07:00,5.7570,5.7650,5.7410,5.7570,1266776
2007-12-12 13:06:00,5.7510,5.7650,5.7390,5.7550,2209508
2007-12-12 13:05:00,5.7520,5.7640,5.7330,5.7490,1887564
2007-12-12 13:04:00,5.7510,5.7590,5.7330,5.7490,3234252
2007-12-12 13:03:00,5.7610,5.7680,5.7390,5.7480,2961812
2007-12-12 13:02:00,5.7650,5.7720,5.7470,5.7580,1273972
2007-12-12 13:01:00,5.7600,5.7710,5.7450,5.7620,2270016
2007-12-12 13:00:00,5.7670,5.7730,5.7480,5.7580,2384284
2007-12-12 12:59:00,5.7670,5.7730,5.7480,5.7640,1491784
2007-12-12 12:58:00,5.7650,5.7720,5.7450,5.7640,2028936
2007-12-12 12:57:00,5.7610,5.7710,5.7480,5.7630,1043420
2007-12-12 12:56:00,5.7660,5.7720,5.7450,5.7590,3258472
2007-12-12 12:55:00,5.7520,5.7740,5.7410,5.7630,3585120
2007-12-12 12:54:00,5.7580,5.7640,5.7390,5.7500,2398424
2007-12-12 12:53:00,5.7560,5.7650,5.7420,5.7560,2716000
2007-12-12 12:52:00,5.7520,5.7650,5.7340,5.7540,2968756
2007-12-12 12:51:00,5.7450,5.7610,5.7300,5.7500,2521680
2007-12-12 12:50:00,5.7410,5.7540,5.7240,5.7440,2438464
2007-12-12 12:49:00,5.7390,5.7540,5.7250,5.7410,3652600
2007-12-12 12:48:00,5.7270,5.7480,5.7160,5.7360,4407788
2007-12-12 12:47:00,5.7350,5.7410,5.7060,5.7260,6496224
2007-12-12 12:46:00,5.7510,5.7610,5.7160,5.7330,5785948
2007-12-12 12:45:00,5.7520,5.7620,5.7370,5.7490,3520580
2007-12-12 12:44:00,5.7490,5.7620,5.7360,5.7500,4947768
2007-12-12 12:43:00,5.7630,5.7710,5.7330,5.7470,6828052
2007-12-12 12:42:00,5.7700,5.7760,5.7510,5.7600,2381204
2007-12-12 12:41:00,5.7650,5.7790,5.7500,5.7670,3090192
2007-12-12 12:40:00,5.7760,5.7820,5.7540,5.7640,3136952
2007-12-12 12:39:00,5.7710,5.7850,5.7580,5.7730,4318496
2007-12-12 12:38:00,5.7870,5.7930,5.7590,5.7690,4104016
2007-12-12 12:37:00,5.7940,5.8000,5.7730,5.7840,2411444
2007-12-12 12:36:00,5.7950,5.8030,5.7800,5.7920,2108036
2007-12-12 12:35:00,5.8000,5.8100,5.7770,5.7910,4252808
2007-12-12 12:34:00,5.7940,5.8070,5.7800,5.7980,2727452
2007-12-12 12:33:00,5.7950,5.8010,5.7790,5.7910,1549716
2007-12-12 12:32:00,5.7850,5.8020,5.7730,5.7930,3292100
2007-12-12 12:31:00,5.7900,5.7970,5.7700,5.7820,3475948
2007-12-12 12:30:00,5.8160,5.8220,5.7640,5.7870,8249556
2007-12-12 12:29:00,5.8210,5.8290,5.8040,5.8140,973112
2007-12-12 12:28:00,5.8240,5.8300,5.8080,5.8190,947604
2007-12-12 12:27:00,5.8210,5.8310,5.8090,5.8220,631596
2007-12-12 12:26:00,5.8210,5.8320,5.8080,5.8190,1819440
2007-12-12 12:25:00,5.8250,5.8310,5.8080,5.8170,1760416
2007-12-12 12:24:00,5.8270,5.8350,5.8120,5.8230,2367988
2007-12-12 12:23:00,5.8230,5.8340,5.8120,5.8260,2236780
2007-12-12 12:22:00,5.8240,5.8300,5.8100,5.8210,1410892
2007-12-12 12:21:00,5.8200,5.8300,5.8080,5.8220,2288972
2007-12-12 12:20:00,5.8200,5.8260,5.8040,5.8170,1817284
2007-12-12 12:19:00,5.8140,5.8260,5.8010,5.8170,2417324
2007-12-12 12:18:00,5.8120,5.8230,5.8000,5.8130,2035348
2007-12-12 12:17:00,5.8170,5.8230,5.7990,5.8100,2948988
2007-12-12 12:16:00,5.8180,5.8260,5.8040,5.8160,2678228
2007-12-12 12:15:00,5.8170,5.8240,5.8030,5.8160,3119340
2007-12-12 12:14:00,5.8260,5.8330,5.8060,5.8150,4303488
2007-12-12 12:13:00,5.8280,5.8370,5.8130,5.8240,1686888
2007-12-12 12:12:00,5.8310,5.8410,5.8160,5.8270,2273684
2007-12-12 12:11:00,5.8320,5.8390,5.8170,5.8290,1456000
2007-12-12 12:10:00,5.8270,5.8400,5.8140,5.8310,1873172
2007-12-12 12:09:00,5.8330,5.8390,5.8110,5.8250,5748260
2007-12-12 12:08:00,5.8410,5.8470,5.8180,5.8310,3207792
2007-12-12 12:07:00,5.8370,5.8490,5.8260,5.8400,982212
2007-12-12 12:06:00,5.8450,5.8500,5.8230,5.8350,4199832
2007-12-12 12:05:00,5.8510,5.8580,5.8330,5.8420,1432424
2007-12-12 12:04:00,5.8520,5.8590,5.8390,5.8500,1137920
2007-12-12 12:03:00,5.8520,5.8620,5.8400,5.8500,795228
2007-12-12 12:02:00,5.8550,5.8620,5.8410,5.8500,1008756
2007-12-12 12:01:00,5.8530,5.8630,5.8410,5.8530,896196
2007-12-12 12:00:00,5.8530,5.8610,5.8390,5.8510,1039640
2007-12-12 11:59:00,5.8490,5.8590,5.8340,5.8500,1297128
2007-12-12 11:58:00,5.8540,5.8620,5.8370,5.8470,1137584
2007-12-12 11:57:00,5.8490,5.8610,5.8370,5.8520,916104
2007-12-12 11:56:00,5.8510,5.8570,5.8350,5.8470,643020
2007-12-12 11:55:00,5.8500,5.8570,5.8380,5.8490,592984
2007-12-12 11:54:00,5.8490,5.8570,5.8340,5.8480,1568448
2007-12-12 11:53:00,5.8510,5.8570,5.8350,5.8460,1374184
2007-12-12 11:52:00,5.8460,5.8570,5.8310,5.8490,1879500
2007-12-12 11:51:00,5.8450,5.8550,5.8300,5.8440,2131388
2007-12-12 11:50:00,5.8480,5.8560,5.8310,5.8440,1672972
2007-12-12 11:49:00,5.8520,5.8600,5.8360,5.8460,1482516
2007-12-12 11:48:00,5.8520,5.8620,5.8380,5.8500,1332716
2007-12-12 11:47:00,5.8550,5.8620,5.8370,5.8510,1630636
2007-12-12 11:46:00,5.8530,5.8600,5.8380,5.8520,1276352
2007-12-12 11:45:00,5.8520,5.8630,5.8380,5.8510,1413692
2007-12-12 11:44:00,5.8510,5.8620,5.8400,5.8500,834988
2007-12-12 11:43:00,5.8550,5.8620,5.8400,5.8490,1088752
2007-12-12 11:42:00,5.8610,5.8670,5.8410,5.8520,1636992
2007-12-12 11:41:00,5.8580,5.8690,5.8450,5.8590,1491868
2007-12-12 11:40:00,5.8600,5.8680,5.8470,5.8560,1256192
2007-12-12 11:39:00,5.8620,5.8690,5.8470,5.8580,2061360
2007-12-12 11:38:00,5.8590,5.8700,5.8470,5.8600,1964620
2007-12-12 11:37:00,5.8560,5.8670,5.8440,5.8560,2404948
2007-12-12 11:36:00,5.8570,5.8640,5.8430,5.8540,1514828
2007-12-12 11:35:00,5.8520,5.8660,5.8390,5.8540,2927204
2007-12-12 11:34:00,5.8490,5.8580,5.8370,5.8500,1872080
2007-12-12 11:33:00,5.8480,5.8580,5.8350,5.8480,1529388
2007-12-12 11:32:00,5.8470,5.8550,5.8330,5.8470,1246028
2007-12-12 11:31:00,5.8480,5.8550,5.8310,5.8440,1700272
2007-12-12 11:30:00,5.8440,5.8560,5.8300,5.8470,1819468
2007-12-12 11:29:00,5.8380,5.8510,5.8260,5.8420,2916424
2007-12-12 11:28:00,5.8470,5.8560,5.8260,5.8360,3644368
2007-12-12 11:27:00,5.8490,5.8630,5.8330,5.8450,2548672
2007-12-12 11:26:00,5.8510,5.8570,5.8370,5.8470,879032
2007-12-12 11:25:00,5.8510,5.8580,5.8370,5.8490,939624
2007-12-12 11:24:00,5.8540,5.8600,5.8330,5.8480,1936844
2007-12-12 11:23:00,5.8480,5.8600,5.8350,5.8510,1388688
2007-12-12 11:22:00,5.8460,5.8580,5.8350,5.8450,1861272
2007-12-12 11:21:00,5.8500,5.8560,5.8340,5.8450,1791020
2007-12-12 11:20:00,5.8540,5.8610,5.8380,5.8480,1958544
2007-12-12 11:19:00,5.8520,5.8620,5.8400,5.8520,3234924
2007-12-12 11:18:00,5.8500,5.8630,5.8360,5.8500,2689204
2007-12-12 11:17:00,5.8470,5.8560,5.8340,5.8470,2549288
2007-12-12 11:16:00,5.8530,5.8590,5.8290,5.8440,5528404
2007-12-12 11:15:00,5.8580,5.8650,5.8390,5.8500,3230024
2007-12-12 11:14:00,5.8550,5.8650,5.8410,5.8570,2885428
2007-12-12 11:13:00,5.8610,5.8680,5.8420,5.8530,1991248
2007-12-12 11:12:00,5.8630,5.8700,5.8480,5.8590,1822212
2007-12-12 11:11:00,5.8720,5.8780,5.8510,5.8610,3094756
2007-12-12 11:10:00,5.8640,5.8820,5.8530,5.8700,3884804
2007-12-12 11:09:00,5.8630,5.8710,5.8500,5.8620,1216320
2007-12-12 11:08:00,5.8630,5.8730,5.8510,5.8610,953568
2007-12-12 11:07:00,5.8610,5.8720,5.8480,5.8610,1979460
2007-12-12 11:06:00,5.8650,5.8720,5.8490,5.8590,1322412
2007-12-12 11:05:00,5.8660,5.8760,5.8530,5.8630,1805440
2007-12-12 11:04:00,5.8630,5.8760,5.8520,5.8640,1784104
2007-12-12 11:03:00,5.8690,5.8780,5.8500,5.8610,2266600
2007-12-12 11:02:00,5.8660,5.8750,5.8530,5.8670,1844584
2007-12-12 11:01:00,5.8650,5.8740,5.8490,5.8640,3393152
2007-12-12 11:00:00,5.8480,5.8710,5.8370,5.8630,4601912
2007-12-12 10:59:00,5.8620,5.8690,5.8360,5.8450,5439168
2007-12-12 10:58:00,5.8620,5.8720,5.8490,5.8590,2423904
2007-12-12 10:57:00,5.8670,5.8730,5.8500,5.8590,2489676
2007-12-12 10:56:00,5.8690,5.8760,5.8520,5.8640,1922004
2007-12-12 10:55:00,5.8750,5.8820,5.8530,5.8670,2123576
2007-12-12 10:54:00,5.8740,5.8830,5.8600,5.8730,1839600
2007-12-12 10:53:00,5.8690,5.8840,5.8570,5.8720,2408280
2007-12-12 10:52:00,5.8630,5.8780,5.8520,5.8660,2235296
2007-12-12 10:51:00,5.8660,5.8750,5.8520,5.8610,2312352
2007-12-12 10:50:00,5.8620,5.8770,5.8500,5.8640,3799796
2007-12-12 10:49:00,5.8660,5.8790,5.8510,5.8600,3086272
2007-12-12 10:48:00,5.8730,5.8810,5.8530,5.8640,2692984
2007-12-12 10:47:00,5.8780,5.8850,5.8580,5.8710,2503200
2007-12-12 10:46:00,5.8850,5.8920,5.8670,5.8760,2181900
2007-12-12 10:45:00,5.8810,5.8920,5.8690,5.8820,2418696
2007-12-12 10:44:00,5.8790,5.8910,5.8670,5.8780,3337600
2007-12-12 10:43:00,5.8810,5.8870,5.8650,5.8770,1880032
2007-12-12 10:42:00,5.8760,5.8870,5.8610,5.8780,2004548
2007-12-12 10:41:00,5.8670,5.8820,5.8540,5.8730,3516408
2007-12-12 10:40:00,5.8740,5.8820,5.8560,5.8650,2307928
2007-12-12 10:39:00,5.8720,5.8870,5.8610,5.8720,1666532
2007-12-12 10:38:00,5.8740,5.8840,5.8600,5.8700,2219700
2007-12-12 10:37:00,5.8770,5.8840,5.8590,5.8720,2870616
2007-12-12 10:36:00,5.8790,5.8870,5.8630,5.8750,2219000
2007-12-12 10:35:00,5.8810,5.8910,5.8680,5.8770,1281056
2007-12-12 10:34:00,5.8780,5.8900,5.8660,5.8790,1632064
2007-12-12 10:33:00,5.8730,5.8870,5.8620,5.8760,1822576
2007-12-12 10:32:00,5.8790,5.8860,5.8620,5.8720,1715308
2007-12-12 10:31:00,5.8830,5.8900,5.8670,5.8770,1433572
2007-12-12 10:30:00,5.8850,5.8920,5.8680,5.8800,2529884
2007-12-12 10:29:00,5.8810,5.8920,5.8700,5.8830,1495172
2007-12-12 10:28:00,5.8850,5.8910,5.8700,5.8790,2462768
2007-12-12 10:27:00,5.8870,5.8940,5.8730,5.8820,1671740
2007-12-12 10:26:00,5.8860,5.8960,5.8720,5.8840,2138276
2007-12-12 10:25:00,5.8860,5.8960,5.8740,5.8850,1668100
2007-12-12 10:24:00,5.8910,5.8980,5.8730,5.8840,2413208
2007-12-12 10:23:00,5.8880,5.8970,5.8770,5.8890,3279752
2007-12-12 10:22:00,5.8800,5.8950,5.8660,5.8870,3366412
2007-12-12 10:21:00,5.8800,5.8910,5.8680,5.8770,2139452
2007-12-12 10:20:00,5.8820,5.8910,5.8690,5.8780,3409644
2007-12-12 10:19:00,5.8800,5.8900,5.8670,5.8810,2501492
2007-12-12 10:18:00,5.8720,5.8900,5.8600,5.8790,2916956
2007-12-12 10:17:00,5.8790,5.8860,5.8590,5.8710,1437856
2007-12-12 10:16:00,5.8780,5.8870,5.8640,5.8770,1457680
2007-12-12 10:15:00,5.8750,5.8860,5.8630,5.8760,2266124
2007-12-12 10:14:00,5.8750,5.8850,5.8600,5.8730,2268728
2007-12-12 10:13:00,5.8710,5.8850,5.8540,5.8730,2992808
2007-12-12 10:12:00,5.8660,5.8780,5.8510,5.8690,2989000
2007-12-12 10:11:00,5.8660,5.8730,5.8480,5.8640,3688356
2007-12-12 10:10:00,5.8650,5.8740,5.8470,5.8640,3657500
2007-12-12 10:09:00,5.8810,5.8890,5.8490,5.8640,5565924
2007-12-12 10:08:00,5.8800,5.8910,5.8640,5.8780,2618112
2007-12-12 10:07:00,5.8870,5.8950,5.8670,5.8770,2738120
2007-12-12 10:06:00,5.8910,5.9020,5.8730,5.8870,4411820
2007-12-12 10:05:00,5.8830,5.9000,5.8700,5.8890,4421844
2007-12-12 10:04:00,5.8810,5.8940,5.8690,5.8800,3969420
2007-12-12 10:03:00,5.8720,5.8880,5.8590,5.8790,3525564
2007-12-12 10:02:00,5.8800,5.8870,5.8600,5.8710,2248624
2007-12-12 10:01:00,5.8780,5.8870,5.8620,5.8780,2688952
2007-12-12 10:00:00,5.8870,5.8940,5.8650,5.8760,2593136
2007-12-12 09:59:00,5.8770,5.8940,5.8650,5.8850,3218992
2007-12-12 09:58:00,5.8720,5.8870,5.8590,5.8740,2635528
2007-12-12 09:57:00,5.8790,5.8860,5.8560,5.8700,5594624
2007-12-12 09:56:00,5.8850,5.8940,5.8680,5.8770,2984912
2007-12-12 09:55:00,5.8800,5.8960,5.8690,5.8830,2512972
2007-12-12 09:54:00,5.8950,5.9010,5.8660,5.8780,4947880
2007-12-12 09:53:00,5.8820,5.9030,5.8710,5.8920,4685548
2007-12-12 09:52:00,5.8870,5.8960,5.8680,5.8800,5227488
2007-12-12 09:51:00,5.8760,5.8930,5.8640,5.8840,6664168
2007-12-12 09:50:00,5.8690,5.8850,5.8560,5.8740,4652760
2007-12-12 09:49:00,5.8690,5.8770,5.8480,5.8670,4386844
2007-12-12 09:48:00,5.8520,5.8760,5.8400,5.8660,5539408
2007-12-12 09:47:00,5.8620,5.8680,5.8360,5.8500,6301988
2007-12-12 09:46:00,5.8680,5.8760,5.8480,5.8600,3167220
2007-12-12 09:45:00,5.8660,5.8780,5.8450,5.8660,5108740
2007-12-12 09:44:00,5.8570,5.8790,5.8440,5.8640,5524904
2007-12-12 09:43:00,5.8640,5.8710,5.8460,5.8550,3494708
2007-12-12 09:42:00,5.8520,5.8710,5.8400,5.8620,4606336
2007-12-12 09:41:00,5.8540,5.8700,5.8380,5.8490,6208384
2007-12-12 09:40:00,5.8690,5.8760,5.8420,5.8510,6133204
2007-12-12 09:39:00,5.8720,5.8800,5.8530,5.8670,5593952
2007-12-12 09:38:00,5.8720,5.8880,5.8600,5.8700,5538820
2007-12-12 09:37:00,5.8810,5.8880,5.8600,5.8700,6422780
2007-12-12 09:36:00,5.8840,5.8960,5.8660,5.8780,8162784
2007-12-12 09:35:00,5.8880,5.8950,5.8720,5.8830,7381612
2007-12-12 09:34:00,5.8790,5.8940,5.8640,5.8850,9962680
2007-12-12 09:33:00,5.8610,5.8850,5.8470,5.8760,6567904
2007-12-12 09:32:00,5.8760,5.8840,5.8460,5.8590,7325416
2007-12-12 09:31:00,5.8560,5.8830,5.8400,5.8740,8128176
2007-12-12 09:30:00,5.8650,5.8770,5.8370,5.8540,15766520
2007-12-12 09:29:00,5.8680,5.8770,5.8440,5.8640,1358840
2007-12-12 09:28:00,5.8730,5.8830,5.8530,5.8660,2036888
2007-12-12 09:27:00,5.8700,5.8790,5.8590,5.8700,252560
2007-12-12 09:26:00,5.8750,5.8840,5.8580,5.8670,518896
2007-12-12 09:25:00,5.8720,5.8820,5.8550,5.8730,470624
2007-12-12 09:24:00,5.8640,5.8790,5.8510,5.8700,877744
2007-12-12 09:23:00,5.8630,5.8690,5.8490,5.8600,225120
2007-12-12 09:22:00,5.8660,5.8730,5.8470,5.8580,383320
2007-12-12 09:21:00,5.8640,5.8730,5.8520,5.8650,208460
2007-12-12 09:20:00,5.8660,5.8730,5.8510,5.8610,342076
2007-12-12 09:19:00,5.8620,5.8730,5.8500,5.8640,624932
2007-12-12 09:18:00,5.8620,5.8690,5.8470,5.8600,626864
2007-12-12 09:17:00,5.8570,5.8690,5.8460,5.8600,487760
2007-12-12 09:16:00,5.8550,5.8640,5.8390,5.8550,369600
2007-12-12 09:15:00,5.8520,5.8660,5.8360,5.8520,445144
2007-12-12 09:14:00,5.8560,5.8630,5.8410,5.8500,364224
2007-12-12 09:13:00,5.8580,5.8660,5.8410,5.8500,360444
2007-12-12 09:12:00,5.8590,5.8700,5.8470,5.8560,471968
2007-12-12 09:11:00,5.8520,5.8660,5.8380,5.8580,999264
2007-12-12 09:10:00,5.8500,5.8600,5.8340,5.8500,491036
2007-12-12 09:09:00,5.8410,5.8580,5.8300,5.8490,306320
2007-12-12 09:08:00,5.8540,5.8630,5.8300,5.8390,775096
2007-12-12 09:07:00,5.8480,5.8610,5.8350,5.8510,1232812
2007-12-12 09:06:00,5.8470,5.8550,5.8290,5.8470,468692
2007-12-12 09:05:00,5.8400,5.8520,5.8260,5.8440,519260
2007-12-12 09:04:00,5.8530,5.8590,5.8220,5.8390,826028
2007-12-12 09:03:00,5.8480,5.8630,5.8300,5.8500,2115260
2007-12-12 09:02:00,5.8350,5.8580,5.8210,5.8450,1771896
2007-12-12 09:01:00,5.8020,5.8470,5.7910,5.8340,1888376
2007-12-12 09:00:00,5.7900,5.8170,5.7780,5.7990,1177596
2007-12-12 08:59:00,5.7900,5.7960,5.7770,5.7860,60564
2007-12-12 08:58:00,5.7920,5.7980,5.7770,5.7880,81732
2007-12-12 08:57:00,5.7920,5.7980,5.7800,5.7890,121016
2007-12-12 08:56:00,5.7920,5.7980,5.7810,5.7900,22400
2007-12-12 08:55:00,5.7940,5.8000,5.7800,5.7910,123340
2007-12-12 08:54:00,5.7910,5.7990,5.7800,5.7890,110460
2007-12-12 08:53:00,5.7910,5.7970,5.7800,5.7890,70000
2007-12-12 08:52:00,5.7910,5.7970,5.7780,5.7890,25900
2007-12-12 08:51:00,5.7890,5.7970,5.7770,5.7890,39200
2007-12-12 08:50:00,5.7900,5.7960,5.7780,5.7870,40600
2007-12-12 08:49:00,5.7910,5.7980,5.7790,5.7880,72772
2007-12-12 08:48:00,5.7910,5.7990,5.7800,5.7900,84420
2007-12-12 08:47:00,5.7910,5.7970,5.7760,5.7890,79240
2007-12-12 08:46:00,5.7910,5.7970,5.7790,5.7890,55552
2007-12-12 08:45:00,5.7910,5.7980,5.7790,5.7900,19880
2007-12-12 08:44:00,5.7880,5.7990,5.7760,5.7900,79772
2007-12-12 08:43:00,5.7890,5.7950,5.7780,5.7870,5600
2007-12-12 08:42:00,5.7910,5.7970,5.7750,5.7840,122920
2007-12-12 08:41:00,5.7880,5.7980,5.7770,5.7890,249424
2007-12-12 08:40:00,5.7880,5.7940,5.7740,5.7860,112868
2007-12-12 08:39:00,5.7860,5.7940,5.7750,5.7850,30800
2007-12-12 08:38:00,5.7880,5.7940,5.7760,5.7850,187600
2007-12-12 08:37:00,5.7880,5.7940,5.7740,5.7860,53620
2007-12-12 08:36:00,5.7870,5.7940,5.7760,5.7860,35560
2007-12-12 08:35:00,5.7870,5.7940,5.7740,5.7860,58800
2007-12-12 08:34:00,5.7870,5.7950,5.7740,5.7830,113680
2007-12-12 08:33:00,5.7870,5.7940,5.7740,5.7850,210644
2007-12-12 08:32:00,5.7830,5.7920,5.7680,5.7840,138404
2007-12-12 08:31:00,5.7850,5.7910,5.7710,5.7800,245280
2007-12-12 08:30:00,5.7880,5.7940,5.7740,5.7830,111664
2007-12-12 08:29:00,5.7880,5.7940,5.7770,5.7860,8120
2007-12-12 08:27:00,5.7820,5.7940,5.7680,5.7860,251020
2007-12-12 08:26:00,5.7850,5.7910,5.7700,5.7790,302288
2007-12-12 08:25:00,5.7860,5.7920,5.7730,5.7820,241360
2007-12-12 08:24:00,5.7880,5.7950,5.7760,5.7850,72800
2007-12-12 08:23:00,5.7900,5.7960,5.7750,5.7840,284536
2007-12-12 08:22:00,5.7890,5.7960,5.7760,5.7880,185780
2007-12-12 08:21:00,5.7910,5.7970,5.7740,5.7850,147000
2007-12-12 08:20:00,5.7860,5.7970,5.7750,5.7880,82600
2007-12-12 08:19:00,5.7880,5.7970,5.7710,5.7830,159124
2007-12-12 08:18:00,5.7960,5.8020,5.7750,5.7840,330400
2007-12-12 08:17:00,5.7940,5.8020,5.7810,5.7940,87920
2007-12-12 08:16:00,5.7880,5.8010,5.7770,5.7930,138124
2007-12-12 08:15:00,5.7880,5.7940,5.7760,5.7860,75096
2007-12-12 08:14:00,5.7870,5.7960,5.7740,5.7830,146048
2007-12-12 08:13:00,5.7880,5.7970,5.7740,5.7850,443464
2007-12-12 08:12:00,5.7910,5.7980,5.7740,5.7830,589008
2007-12-12 08:11:00,5.7970,5.8030,5.7810,5.7900,174300
2007-12-12 08:10:00,5.7980,5.8070,5.7740,5.7930,196392
2007-12-12 08:09:00,5.7950,5.8090,5.7810,5.7920,261996
2007-12-12 08:08:00,5.7900,5.8030,5.7780,5.7920,102228
2007-12-12 08:07:00,5.7910,5.8000,5.7730,5.7880,683984
2007-12-12 08:06:00,5.7890,5.7970,5.7710,5.7880,190932
2007-12-12 08:05:00,5.7920,5.8050,5.7790,5.7880,265132
2007-12-12 08:04:00,5.7950,5.8060,5.7800,5.7920,205072
2007-12-12 08:03:00,5.7940,5.8030,5.7800,5.7930,318696
2007-12-12 08:02:00,5.7940,5.8080,5.7800,5.7920,458640
2007-12-12 08:01:00,5.8020,5.8100,5.7800,5.7920,272188
2007-12-12 08:00:00,5.8010,5.8140,5.7860,5.8020,596820
2007-12-12 07:59:00,5.8060,5.8120,5.7890,5.8000,16240
2007-12-12 07:58:00,5.8060,5.8120,5.7940,5.8040,11200
2007-12-12 07:57:00,5.8010,5.8070,5.7830,5.7980,126812
2007-12-12 07:56:00,5.8020,5.8080,5.7850,5.7940,157920
2007-12-12 07:55:00,5.8060,5.8120,5.7910,5.8020,36400
2007-12-12 07:54:00,5.7960,5.8080,5.7850,5.8000,22680
2007-12-12 07:52:00,5.8000,5.8090,5.7870,5.8010,33600
2007-12-12 07:50:00,5.7940,5.8020,5.7830,5.7940,5600
2007-12-12 07:49:00,5.8030,5.8090,5.7830,5.7920,30800
2007-12-12 07:48:00,5.8060,5.8120,5.7830,5.7920,162540
2007-12-12 07:47:00,5.8060,5.8120,5.7770,5.8040,172032
2007-12-12 07:46:00,5.8070,5.8180,5.7890,5.8040,28000
2007-12-12 07:45:00,5.7930,5.8090,5.7820,5.8010,62300
2007-12-12 07:44:00,5.7940,5.7990,5.7820,5.7910,5600
2007-12-12 07:43:00,5.7910,5.7970,5.7800,5.7890,2800
2007-12-12 07:42:00,5.7880,5.7970,5.7770,5.7860,51464
2007-12-12 07:41:00,5.7880,5.7940,5.7770,5.7860,7336
2007-12-12 07:40:00,5.7880,5.7940,5.7770,5.7860,20160
2007-12-12 07:39:00,5.7840,5.7900,5.7730,5.7820,2800
2007-12-12 07:38:00,5.7870,5.7940,5.7760,5.7860,25060
2007-12-12 07:37:00,5.7760,5.7820,5.7650,5.7740,15400
2007-12-12 07:36:00,5.7710,5.7850,5.7590,5.7770,42000
2007-12-12 07:35:00,5.7730,5.7790,5.7620,5.7710,2940
2007-12-12 07:33:00,5.7750,5.7810,5.7640,5.7730,2800
2007-12-12 07:32:00,5.7790,5.7850,5.7680,5.7770,16800
2007-12-12 07:31:00,5.7790,5.7850,5.7680,5.7770,11200
2007-12-12 07:30:00,5.7790,5.7850,5.7680,5.7770,2800
2007-12-12 07:29:00,5.7790,5.7850,5.7680,5.7770,2800
2007-12-12 07:24:00,5.7730,5.7790,5.7620,5.7710,2800
2007-12-12 07:23:00,5.7760,5.7850,5.7650,5.7770,15400
2007-12-12 07:22:00,5.7790,5.7850,5.7680,5.7770,5600
2007-12-12 07:21:00,5.7790,5.7850,5.7680,5.7770,19600
2007-12-12 07:20:00,5.7810,5.7870,5.7700,5.7790,2800
2007-12-12 07:18:00,5.7760,5.7820,5.7650,5.7740,2800
2007-12-12 07:15:00,5.7850,5.7910,5.7740,5.7830,2800
2007-12-12 07:14:00,5.7730,5.7790,5.7620,5.7710,22400
2007-12-12 07:13:00,5.7730,5.7790,5.7620,5.7710,2800
2007-12-12 07:12:00,5.7740,5.7800,5.7630,5.7720,2800
2007-12-12 07:09:00,5.7880,5.7940,5.7440,5.7530,53200
2007-12-12 07:08:00,5.7910,5.7960,5.7790,5.7880,2800
2007-12-12 07:06:00,5.7990,5.8050,5.7800,5.7890,19600
2007-12-12 07:05:00,5.7910,5.7970,5.7800,5.7890,2800
2007-12-12 07:04:00,5.8130,5.8190,5.7800,5.7890,160216
2007-12-12 07:03:00,5.8200,5.8260,5.8000,5.8170,125860
2007-12-12 07:01:00,5.7910,5.7970,5.7800,5.7890,5600
2007-12-12 07:00:00,5.7910,5.7960,5.7790,5.7880,2800
2007-12-12 06:58:00,5.7870,5.7930,5.7760,5.7850,14000
2007-12-12 06:46:00,5.7840,5.7890,5.7720,5.7810,14000
2007-12-12 06:45:00,5.7840,5.7890,5.7720,5.7810,14000
2007-12-12 06:35:00,5.7840,5.7890,5.7720,5.7810,14000
2007-12-12 06:03:00,5.7670,5.7790,5.7560,5.7710,8400
2007-12-12 06:02:00,5.7670,5.7730,5.7560,5.7650,2800
2007-12-12 05:54:00,5.7670,5.7730,5.7560,5.7650,2800
2007-12-12 05:47:00,5.7710,5.7760,5.7590,5.7680,2800
2007-12-12 05:35:00,5.7730,5.7790,5.7620,5.7710,22400
2007-12-12 05:27:00,5.7580,5.7640,5.7440,5.7530,11200
2007-12-12 05:14:00,5.7610,5.7670,5.7500,5.7590,14000
2007-12-12 05:13:00,5.7610,5.7670,5.7500,5.7590,28000
2007-12-12 05:03:00,5.7500,5.7560,5.7390,5.7480,2800
2007-12-12 04:45:00,5.7480,5.7540,5.7370,5.7460,2800
2007-12-12 04:42:00,5.7480,5.7540,5.7370,5.7460,5600
2007-12-12 04:19:00,5.7440,5.7510,5.7330,5.7440,8400
2007-12-12 04:15:00,5.7370,5.7420,5.7250,5.7340,5600
2007-12-11 19:59:00,5.7220,5.7270,5.7110,5.7200,4200
2007-12-11 19:58:00,5.7250,5.7310,5.7110,5.7200,35280
2007-12-11 19:57:00,5.7260,5.7340,5.7140,5.7230,68236
2007-12-11 19:56:00,5.7250,5.7310,5.7140,5.7230,4004
2007-12-11 19:55:00,5.7230,5.7310,5.7110,5.7230,22400
2007-12-11 19:51:00,5.7220,5.7320,5.7110,5.7240,37240
2007-12-11 19:50:00,5.7250,5.7310,5.7140,5.7230,5600
2007-12-11 19:48:00,5.7250,5.7310,5.7140,5.7230,16800
2007-12-11 19:47:00,5.7250,5.7310,5.7140,5.7230,18116
2007-12-11 19:46:00,5.7240,5.7300,5.7090,5.7180,8400
2007-12-11 19:45:00,5.7220,5.7270,5.7090,5.7180,12208
2007-12-11 19:43:00,5.7160,5.7270,5.7050,5.7200,110628
2007-12-11 19:42:00,5.7190,5.7250,5.7080,5.7170,26628
2007-12-11 19:40:00,5.7230,5.7310,5.7120,5.7230,46844
2007-12-11 19:39:00,5.7200,5.7270,5.7090,5.7190,15288
2007-12-11 19:38:00,5.7220,5.7270,5.7110,5.7200,2800
2007-12-11 19:36:00,5.7210,5.7270,5.7100,5.7190,2800
2007-12-11 19:35:00,5.7210,5.7270,5.7100,5.7190,6356
2007-12-11 19:34:00,5.7190,5.7240,5.7080,5.7170,4452
2007-12-11 19:30:00,5.7190,5.7240,5.7080,5.7170,2800
2007-12-11 19:27:00,5.7200,5.7260,5.7090,5.7180,4200
2007-12-11 19:26:00,5.7200,5.7260,5.7060,5.7150,38584
2007-12-11 19:25:00,5.7170,5.7230,5.7060,5.7150,8400
2007-12-11 19:24:00,5.7170,5.7230,5.7060,5.7150,11200
2007-12-11 19:23:00,5.7190,5.7240,5.7060,5.7150,19600
2007-12-11 19:22:00,5.7190,5.7250,5.7080,5.7170,21280
2007-12-11 19:21:00,5.7200,5.7260,5.7090,5.7180,30240
2007-12-11 19:20:00,5.7200,5.7270,5.7090,5.7190,50400
2007-12-11 19:19:00,5.7190,5.7260,5.7080,5.7180,11200
2007-12-11 19:18:00,5.7180,5.7240,5.7070,5.7170,35756
2007-12-11 19:17:00,5.7180,5.7240,5.7070,5.7160,5600
2007-12-11 19:16:00,5.7180,5.7240,5.7070,5.7170,5600
2007-12-11 19:15:00,5.7150,5.7220,5.7040,5.7140,39564
2007-12-11 19:14:00,5.7150,5.7210,5.7040,5.7130,4900
2007-12-11 19:11:00,5.7150,5.7210,5.7040,5.7140,81844
2007-12-11 19:10:00,5.7150,5.7210,5.7040,5.7130,2800
2007-12-11 19:09:00,5.7150,5.7210,5.7040,5.7130,44800
2007-12-11 19:08:00,5.7140,5.7240,5.7030,5.7120,157780
2007-12-11 19:07:00,5.7130,5.7190,5.7020,5.7110,14000
2007-12-11 19:06:00,5.7130,5.7210,5.7020,5.7120,21000
2007-12-11 19:03:00,5.7130,5.7180,5.7020,5.7100,4200
2007-12-11 19:00:00,5.7130,5.7200,5.7020,5.7120,22400
2007-12-11 18:58:00,5.7090,5.7150,5.6980,5.7070,4144
2007-12-11 18:57:00,5.7050,5.7110,5.6940,5.7030,29344
2007-12-11 18:56:00,5.7050,5.7110,5.6940,5.7030,26656
2007-12-11 18:54:00,5.7070,5.7120,5.6960,5.7040,2800
2007-12-11 18:53:00,5.7050,5.7110,5.6940,5.7030,8400
2007-12-11 18:52:00,5.7100,5.7160,5.6990,5.7070,126000
2007-12-11 18:49:00,5.7080,5.7140,5.6970,5.7060,5180
2007-12-11 18:47:00,5.7100,5.7150,5.6990,5.7070,8400
2007-12-11 18:46:00,5.7090,5.7140,5.6970,5.7060,26684
2007-12-11 18:45:00,5.7140,5.7200,5.7030,5.7120,5320
2007-12-11 18:44:00,5.7100,5.7160,5.6990,5.7080,11200
2007-12-11 18:43:00,5.7100,5.7160,5.6990,5.7080,2800
2007-12-11 18:42:00,5.7080,5.7140,5.6970,5.7060,23800
2007-12-11 18:41:00,5.7080,5.7140,5.6970,5.7060,23800
2007-12-11 18:40:00,5.7080,5.7140,5.6970,5.7060,56000
2007-12-11 18:39:00,5.7110,5.7170,5.6970,5.7060,5600
2007-12-11 18:38:00,5.7100,5.7150,5.6990,5.7070,5600
2007-12-11 18:37:00,5.7100,5.7150,5.6990,5.7070,2800
2007-12-11 18:35:00,5.7110,5.7200,5.7000,5.7090,31500
2007-12-11 18:34:00,5.7080,5.7180,5.6970,5.7100,11200
2007-12-11 18:33:00,5.7090,5.7140,5.6980,5.7070,5600
2007-12-11 18:32:00,5.7100,5.7150,5.6990,5.7070,8400
2007-12-11 18:29:00,5.7080,5.7150,5.6970,5.7060,9156
2007-12-11 18:27:00,5.7070,5.7120,5.6960,5.7040,22400
2007-12-11 18:26:00,5.7070,5.7120,5.6960,5.7040,8400
2007-12-11 18:25:00,5.7070,5.7120,5.6960,5.7040,7196
2007-12-11 18:23:00,5.7080,5.7140,5.6960,5.7040,23380
2007-12-11 18:22:00,5.7110,5.7170,5.6990,5.7080,8400
2007-12-11 18:21:00,5.7100,5.7170,5.6990,5.7090,35924
2007-12-11 18:20:00,5.7090,5.7150,5.6980,5.7070,12124
2007-12-11 18:19:00,5.7060,5.7130,5.6950,5.7040,22316
2007-12-11 18:18:00,5.7020,5.7100,5.6910,5.7010,33600
2007-12-11 18:17:00,5.7040,5.7100,5.6910,5.7000,42000
2007-12-11 18:16:00,5.7020,5.7110,5.6910,5.7010,8484
2007-12-11 18:15:00,5.7020,5.7080,5.6910,5.7000,14000
2007-12-11 18:14:00,5.7000,5.7080,5.6890,5.7000,88760
2007-12-11 18:13:00,5.7070,5.7120,5.6890,5.6980,93240
2007-12-11 18:12:00,5.7070,5.7120,5.6940,5.7030,8400
2007-12-11 18:11:00,5.7080,5.7140,5.6960,5.7040,35000
2007-12-11 18:10:00,5.7080,5.7140,5.6970,5.7060,70000
2007-12-11 18:09:00,5.7070,5.7120,5.6960,5.7040,7700
2007-12-11 18:08:00,5.7110,5.7170,5.6950,5.7040,9912
2007-12-11 18:07:00,5.7100,5.7170,5.6990,5.7070,64400
2007-12-11 18:06:00,5.7090,5.7150,5.6980,5.7070,31052
2007-12-11 18:04:00,5.7080,5.7140,5.6930,5.7020,25200
2007-12-11 18:02:00,5.7080,5.7140,5.6970,5.7060,2800
2007-12-11 18:01:00,5.7060,5.7140,5.6950,5.7060,40152
2007-12-11 18:00:00,5.7010,5.7120,5.6900,5.7040,175616
2007-12-11 17:59:00,5.7030,5.7090,5.6920,5.7010,11200
2007-12-11 17:58:00,5.7050,5.7120,5.6940,5.7040,79296
2007-12-11 17:57:00,5.7030,5.7090,5.6900,5.6990,61600
2007-12-11 17:56:00,5.7000,5.7060,5.6890,5.6980,19460
2007-12-11 17:55:00,5.6970,5.7030,5.6860,5.6950,16100
2007-12-11 17:54:00,5.6980,5.7050,5.6870,5.6970,8400
2007-12-11 17:52:00,5.6980,5.7040,5.6860,5.6950,12180
2007-12-11 17:51:00,5.6990,5.7060,5.6880,5.6970,63700
2007-12-11 17:50:00,5.6990,5.7050,5.6880,5.6970,14000
2007-12-11 17:49:00,5.7000,5.7060,5.6880,5.6980,28140
2007-12-11 17:48:00,5.7000,5.7060,5.6890,5.6980,47600
2007-12-11 17:47:00,5.7000,5.7060,5.6890,5.6980,2800
2007-12-11 17:46:00,5.7000,5.7070,5.6880,5.6980,43400
2007-12-11 17:45:00,5.7000,5.7060,5.6890,5.6980,28000
2007-12-11 17:44:00,5.7010,5.7070,5.6890,5.6980,73472
2007-12-11 17:42:00,5.7040,5.7100,5.6920,5.7020,19992
2007-12-11 17:41:00,5.7040,5.7110,5.6920,5.7030,138292
2007-12-11 17:40:00,5.7060,5.7110,5.6950,5.7040,2800
2007-12-11 17:39:00,5.7050,5.7110,5.6940,5.7030,40936
2007-12-11 17:38:00,5.7050,5.7100,5.6920,5.7010,78512
2007-12-11 17:37:00,5.7060,5.7120,5.6930,5.7020,5600
2007-12-11 17:35:00,5.7040,5.7110,5.6930,5.7030,30940
2007-12-11 17:34:00,5.7030,5.7090,5.6920,5.7010,2800
2007-12-11 17:33:00,5.7030,5.7080,5.6920,5.7000,11200
2007-12-11 17:32:00,5.7030,5.7080,5.6910,5.7000,13160
2007-12-11 17:31:00,5.7050,5.7110,5.6940,5.7030,7000
2007-12-11 17:30:00,5.8870,5.8930,5.6930,5.7010,33600
2007-12-11 17:29:00,5.7020,5.7080,5.6910,5.7000,16520
2007-12-11 17:28:00,5.7050,5.7110,5.6920,5.7000,8400
2007-12-11 17:27:00,5.8870,5.8930,5.6930,5.7010,555744
2007-12-11 17:26:00,5.7060,5.7120,5.6920,5.7000,13524
2007-12-11 17:25:00,5.7050,5.7110,5.6920,5.7000,14000
2007-12-11 17:24:00,5.7050,5.7120,5.6940,5.7030,21000
2007-12-11 17:22:00,5.7040,5.7090,5.6930,5.7010,5600
2007-12-11 17:21:00,5.7050,5.7120,5.6940,5.7040,66360
2007-12-11 17:20:00,5.7020,5.7070,5.6910,5.7000,2800
2007-12-11 17:19:00,5.8870,5.8930,5.8760,5.8850,1235724
2007-12-11 17:16:00,5.7060,5.7120,5.6950,5.7040,8400
2007-12-11 17:15:00,5.7060,5.7110,5.6910,5.7000,22400
2007-12-11 17:14:00,5.7060,5.7110,5.6950,5.7040,2800
2007-12-11 17:13:00,5.7010,5.7110,5.6900,5.7000,70784
2007-12-11 17:12:00,5.7040,5.7090,5.6930,5.7010,5320
2007-12-11 17:11:00,5.7010,5.7070,5.6900,5.6990,14000
2007-12-11 17:10:00,5.7010,5.7090,5.6890,5.7010,25200
2007-12-11 17:09:00,5.7040,5.7100,5.6900,5.6990,21000
2007-12-11 17:08:00,5.7040,5.7090,5.6890,5.6980,7924
2007-12-11 17:07:00,5.7040,5.7100,5.6930,5.7030,83300
2007-12-11 17:06:00,5.7010,5.7070,5.6900,5.6990,12516
2007-12-11 17:05:00,5.7040,5.7090,5.6900,5.6990,30800
2007-12-11 17:03:00,5.7040,5.7100,5.6930,5.7020,26180
2007-12-11 17:02:00,5.7010,5.7070,5.6900,5.6990,28000
2007-12-11 17:01:00,5.7040,5.7090,5.6930,5.7010,8400
2007-12-11 17:00:00,5.7000,5.7060,5.6890,5.6980,2800
2007-12-11 16:59:00,5.7000,5.7090,5.6890,5.7010,14700
2007-12-11 16:58:00,5.7000,5.7060,5.6890,5.6980,3948
2007-12-11 16:57:00,5.8870,5.8930,5.6890,5.6980,370664
2007-12-11 16:56:00,5.7030,5.7090,5.6890,5.6980,30660
2007-12-11 16:55:00,5.7040,5.7100,5.6930,5.7020,2800
2007-12-11 16:54:00,5.7010,5.7070,5.6890,5.6980,14840
2007-12-11 16:53:00,5.7030,5.7090,5.6920,5.7010,11200
2007-12-11 16:52:00,5.7000,5.7060,5.6890,5.6980,31640
2007-12-11 16:51:00,5.7010,5.7070,5.6900,5.6990,3920
2007-12-11 16:50:00,5.7010,5.7070,5.6890,5.6980,34020
2007-12-11 16:49:00,5.7020,5.7110,5.6910,5.7010,29540
2007-12-11 16:48:00,5.7050,5.7110,5.6940,5.7030,11200
2007-12-11 16:47:00,5.7020,5.7090,5.6910,5.7010,16800
2007-12-11 16:45:00,5.7060,5.7120,5.6930,5.7010,21420
2007-12-11 16:44:00,5.7050,5.7120,5.6930,5.7040,25200
2007-12-11 16:43:00,5.7050,5.7110,5.6940,5.7030,5600
2007-12-11 16:42:00,5.7090,5.7150,5.6960,5.7040,8400
2007-12-11 16:39:00,5.7100,5.7150,5.6990,5.7070,3136
2007-12-11 16:38:00,5.7090,5.7150,5.6970,5.7070,81200
2007-12-11 16:37:00,5.7100,5.7150,5.6990,5.7070,18200
2007-12-11 16:36:00,5.7100,5.7150,5.6990,5.7070,8736
2007-12-11 16:34:00,5.7120,5.7180,5.7010,5.7100,11200
2007-12-11 16:33:00,5.7100,5.7150,5.6990,5.7070,23240
2007-12-11 16:32:00,5.7120,5.7200,5.6990,5.7120,78680
2007-12-11 16:31:00,5.7110,5.7190,5.7000,5.7110,8400
2007-12-11 16:30:00,5.7060,5.7150,5.6950,5.7070,21980
2007-12-11 16:29:00,5.7040,5.7100,5.6930,5.7020,28616
2007-12-11 16:28:00,5.7040,5.7100,5.6930,5.7020,2884
2007-12-11 16:27:00,5.7030,5.7090,5.6900,5.6990,36400
2007-12-11 16:26:00,5.7030,5.7090,5.6900,5.7010,25200
2007-12-11 16:25:00,5.7000,5.7060,5.6890,5.6980,22400
2007-12-11 16:24:00,5.7010,5.7100,5.6900,5.7020,15400
2007-12-11 16:23:00,5.7010,5.7090,5.6900,5.7010,30800
2007-12-11 16:22:00,5.7000,5.7070,5.6890,5.6990,37044
2007-12-11 16:21:00,5.6980,5.7040,5.6860,5.6950,15904
2007-12-11 16:20:00,5.7040,5.7100,5.6890,5.6980,48272
2007-12-11 16:19:00,5.7170,5.7230,5.7060,5.7150,4228
2007-12-11 16:18:00,5.7040,5.7130,5.6930,5.7050,38304
2007-12-11 16:17:00,5.7020,5.7090,5.6900,5.7010,44688
2007-12-11 16:16:00,5.7010,5.7090,5.6890,5.6980,59360
2007-12-11 16:15:00,5.7040,5.7100,5.6930,5.7020,5600
2007-12-11 16:14:00,5.7040,5.7090,5.6920,5.7010,15400
2007-12-11 16:13:00,5.7040,5.8550,5.6920,5.7010,120736
2007-12-11 16:12:00,5.7000,5.7060,5.6890,5.6980,198240
2007-12-11 16:11:00,5.6980,5.7060,5.6860,5.6980,26600
2007-12-11 16:10:00,5.8490,5.8550,5.6860,5.6990,60900
2007-12-11 16:09:00,5.7000,5.7060,5.6890,5.6980,21476
2007-12-11 16:08:00,5.7030,5.7230,5.6890,5.6980,499044
2007-12-11 16:07:00,5.6980,5.8550,5.6860,5.8470,59836
2007-12-11 16:06:00,5.7010,5.7070,5.6890,5.6980,158424
2007-12-11 16:05:00,5.7000,5.7090,5.6890,5.7010,121576
2007-12-11 16:04:00,5.7000,5.7530,5.6890,5.6980,238672
2007-12-11 16:03:00,5.7080,5.7140,5.6890,5.6980,448084
2007-12-11 16:02:00,5.7130,5.7190,5.6960,5.7070,56252
2007-12-11 16:01:00,5.7130,5.7210,5.7020,5.7140,76160
2007-12-11 16:00:00,5.7190,5.7270,5.6960,5.7100,10637340
2007-12-11 15:59:00,5.7170,5.7280,5.6890,5.7090,6866664
2007-12-11 15:58:00,5.7150,5.7230,5.6890,5.7140,5105800
2007-12-11 15:57:00,5.7240,5.7330,5.6890,5.7130,5137188
2007-12-11 15:56:00,5.7060,5.7330,5.6890,5.7210,6060348
2007-12-11 15:55:00,5.7110,5.7170,5.6870,5.7040,5292420
2007-12-11 15:54:00,5.7000,5.7210,5.6890,5.7080,6156920
2007-12-11 15:53:00,5.7000,5.7130,5.6860,5.6990,5137832
2007-12-11 15:52:00,5.6910,5.7080,5.6710,5.6980,7916244
2007-12-11 15:51:00,5.7000,5.7060,5.6770,5.6900,6439412
2007-12-11 15:50:00,5.7020,5.7090,5.6760,5.6980,8346296
2007-12-11 15:49:00,5.7150,5.7230,5.6910,5.7010,5217492
2007-12-11 15:48:00,5.7230,5.7310,5.7010,5.7120,6967156
2007-12-11 15:47:00,5.7280,5.7430,5.7100,5.7210,4284476
2007-12-11 15:46:00,5.7370,5.7430,5.7140,5.7260,6448176
2007-12-11 15:45:00,5.7340,5.7480,5.7200,5.7340,3507028
2007-12-11 15:44:00,5.7630,5.7690,5.7240,5.7330,4729704
2007-12-11 15:43:00,5.7560,5.7690,5.7430,5.7590,3363724
2007-12-11 15:42:00,5.7630,5.7740,5.7400,5.7500,4096120
2007-12-11 15:41:00,5.7550,5.7700,5.7420,5.7610,3645824
2007-12-11 15:40:00,5.7540,5.7670,5.7380,5.7530,3612840
2007-12-11 15:39:00,5.7590,5.7690,5.7410,5.7520,3814104
2007-12-11 15:38:00,5.7590,5.7720,5.7430,5.7570,3162936
2007-12-11 15:37:00,5.7660,5.7780,5.7450,5.7570,3500476
2007-12-11 15:36:00,5.7660,5.7760,5.7470,5.7640,3421628
2007-12-11 15:35:00,5.7650,5.7820,5.7480,5.7630,3632608
2007-12-11 15:34:00,5.7730,5.7800,5.7470,5.7630,3400880
2007-12-11 15:33:00,5.7740,5.7830,5.7530,5.7700,3595816
2007-12-11 15:32:00,5.7740,5.7810,5.7580,5.7710,4022900
2007-12-11 15:31:00,5.7700,5.7830,5.7570,5.7710,4485936
2007-12-11 15:30:00,5.7630,5.7820,5.7520,5.7670,4782624
2007-12-11 15:29:00,5.7620,5.7730,5.7450,5.7610,3571344
2007-12-11 15:28:00,5.7610,5.7700,5.7470,5.7600,4400760
2007-12-11 15:27:00,5.7520,5.7670,5.7390,5.7590,4473700
2007-12-11 15:26:00,5.7410,5.7580,5.7290,5.7500,3688076
2007-12-11 15:25:00,5.7420,5.8490,5.7260,5.7390,2665348
2007-12-11 15:24:00,5.7320,5.7540,5.7210,5.7390,3257800
2007-12-11 15:23:00,5.7400,5.7460,5.7140,5.7290,4707500
2007-12-11 15:22:00,5.7400,5.7530,5.7280,5.7380,2485924
2007-12-11 15:21:00,5.7380,5.7550,5.7190,5.7390,4874016
2007-12-11 15:20:00,5.7450,5.7520,5.7210,5.7360,6696788
2007-12-11 15:19:00,5.7490,5.7670,5.7320,5.7420,3943940
2007-12-11 15:18:00,5.7540,5.7630,5.7350,5.7470,3869852
2007-12-11 15:17:00,5.7710,5.7790,5.7420,5.7510,2667504
2007-12-11 15:16:00,5.7760,5.7900,5.7570,5.7690,3920168
2007-12-11 15:15:00,5.7660,5.7850,5.7530,5.7770,3827320
2007-12-11 15:14:00,5.7550,5.7720,5.7350,5.7630,5808796
2007-12-11 15:13:00,5.7690,5.7760,5.7440,5.7530,4831372
2007-12-11 15:12:00,5.7780,5.7860,5.7580,5.7680,2139144
2007-12-11 15:11:00,5.7780,5.7940,5.7650,5.7760,2766960
2007-12-11 15:10:00,5.7820,5.7920,5.7620,5.7760,2325372
2007-12-11 15:09:00,5.7690,5.7920,5.7580,5.7790,2997988
2007-12-11 15:08:00,5.7850,5.7910,5.7580,5.7680,3768436
2007-12-11 15:07:00,5.7880,5.7970,5.7650,5.7840,2677248
2007-12-11 15:06:00,5.7910,5.8040,5.7740,5.7860,3649828
2007-12-11 15:05:00,5.7820,5.8070,5.7690,5.7890,4117960
2007-12-11 15:04:00,5.7710,5.8000,5.7560,5.7820,4863236
2007-12-11 15:03:00,5.7730,5.7820,5.7530,5.7680,6903456
2007-12-11 15:02:00,5.7740,5.7990,5.7590,5.7720,4859848
2007-12-11 15:01:00,5.7910,5.7970,5.7540,5.7700,4738888
2007-12-11 15:00:00,5.8040,5.8140,5.7770,5.7880,4666144
2007-12-11 14:59:00,5.8160,5.8220,5.7900,5.8010,5629904
2007-12-11 14:58:00,5.8200,5.8260,5.7990,5.8140,6090756
2007-12-11 14:57:00,5.8240,5.8330,5.8050,5.8180,5966856
2007-12-11 14:56:00,5.8210,5.8320,5.8020,5.8230,6174784
2007-12-11 14:55:00,5.8060,5.8270,5.7940,5.8190,7079996
2007-12-11 14:54:00,5.7910,5.8120,5.7770,5.8030,5402544
2007-12-11 14:53:00,5.7740,5.7970,5.7620,5.7880,3651368
2007-12-11 14:52:00,5.7910,5.7990,5.7620,5.7740,5542824
2007-12-11 14:51:00,5.8020,5.8090,5.7790,5.7900,5607756
2007-12-11 14:50:00,5.7900,5.8120,5.7770,5.8000,6544804
2007-12-11 14:49:00,5.7850,5.8050,5.7700,5.7870,6383300
2007-12-11 14:48:00,5.7700,5.7910,5.7570,5.7830,5641300
2007-12-11 14:47:00,5.7630,5.7850,5.7490,5.7690,6079052
2007-12-11 14:46:00,5.7570,5.7760,5.7410,5.7610,8448188
2007-12-11 14:45:00,5.7270,5.7670,5.7140,5.7560,9972480
2007-12-11 14:44:00,5.7650,5.7740,5.7060,5.7250,17368148
2007-12-11 14:43:00,5.7960,5.8020,5.7530,5.7630,7774760
2007-12-11 14:42:00,5.7980,5.8070,5.7750,5.7940,8028188
2007-12-11 14:41:00,5.8020,5.8100,5.7820,5.7960,7091420
2007-12-11 14:40:00,5.8160,5.8250,5.7890,5.8000,6443220
2007-12-11 14:39:00,5.8260,5.8350,5.7820,5.8150,6141660
2007-12-11 14:38:00,5.8220,5.8350,5.8070,5.8240,5704888
2007-12-11 14:37:00,5.8430,5.8500,5.8110,5.8200,5229392
2007-12-11 14:36:00,5.8400,5.8490,5.8110,5.8410,6135668
2007-12-11 14:35:00,5.8660,5.8730,5.8280,5.8370,5254480
2007-12-11 14:34:00,5.8650,5.8810,5.8470,5.8640,5936224
2007-12-11 14:33:00,5.8460,5.8730,5.8290,5.8630,5552428
2007-12-11 14:32:00,5.8470,5.8570,5.8250,5.8440,5783596
2007-12-11 14:31:00,5.8470,5.8720,5.8330,5.8450,5782196
2007-12-11 14:30:00,5.8620,5.8720,5.8330,5.8440,7548044
2007-12-11 14:29:00,5.8580,5.8770,5.8380,5.8600,9271724
2007-12-11 14:28:00,5.8350,5.8640,5.8240,5.8540,7813848
2007-12-11 14:27:00,5.8410,5.8510,5.8220,5.8340,8602580
2007-12-11 14:26:00,5.8370,5.8540,5.8210,5.8390,7888244
2007-12-11 14:25:00,5.8190,5.8470,5.8080,5.8360,9428440
2007-12-11 14:24:00,5.7920,5.8270,5.7790,5.8170,9829512
2007-12-11 14:23:00,5.7940,5.8070,5.7770,5.7900,11053364
2007-12-11 14:22:00,5.7850,5.8030,5.7720,5.7930,10670968
2007-12-11 14:21:00,5.7730,5.7970,5.7540,5.7840,10644592
2007-12-11 14:20:00,5.7910,5.8070,5.7530,5.7710,12570068
2007-12-11 14:19:00,5.8060,5.8560,5.7530,5.7890,17738924
2007-12-11 14:18:00,5.8350,5.9080,5.7850,5.8060,13368516
2007-12-11 14:17:00,5.8950,5.9230,5.8230,5.8340,15274420
2007-12-11 14:16:00,5.9430,5.9490,5.8820,5.8960,7746172
2007-12-11 14:15:00,5.9470,5.9530,5.9130,5.9420,5924800
2007-12-11 14:14:00,5.9440,5.9550,5.9310,5.9440,2741760
2007-12-11 14:13:00,5.9420,5.9510,5.9260,5.9420,1834196
2007-12-11 14:12:00,5.9420,5.9510,5.9270,5.9400,2094848
2007-12-11 14:11:00,5.9450,5.9510,5.9310,5.9410,1129688
2007-12-11 14:10:00,5.9430,5.9510,5.9310,5.9420,1851612
2007-12-11 14:09:00,5.9410,5.9500,5.9280,5.9410,1474592
2007-12-11 14:08:00,5.9400,5.9500,5.9260,5.9380,1161048
2007-12-11 14:07:00,5.9370,5.9460,5.9240,5.9370,776076
2007-12-11 14:06:00,5.9400,5.9460,5.9220,5.9340,1849176
2007-12-11 14:05:00,5.9420,5.9490,5.9270,5.9380,818524
2007-12-11 14:04:00,5.9410,5.9510,5.9290,5.9400,574672
2007-12-11 14:03:00,5.9410,5.9480,5.9260,5.9390,989716
2007-12-11 14:02:00,5.9440,5.9500,5.9290,5.9380,754012
2007-12-11 14:01:00,5.9450,5.9510,5.9320,5.9420,1253504
2007-12-11 14:00:00,5.9450,5.9520,5.9320,5.9430,1225084
2007-12-11 13:59:00,5.9430,5.9520,5.9320,5.9430,825636
2007-12-11 13:58:00,5.9470,5.9530,5.9310,5.9410,1697892
2007-12-11 13:57:00,5.9470,5.9540,5.9320,5.9440,2746044
2007-12-11 13:56:00,5.9450,5.9550,5.9330,5.9450,1795360
2007-12-11 13:55:00,5.9470,5.9550,5.9320,5.9430,954240
2007-12-11 13:54:00,5.9430,5.9530,5.9290,5.9440,2010176
2007-12-11 13:53:00,5.9440,5.9520,5.9310,5.9410,1288224
2007-12-11 13:52:00,5.9460,5.9530,5.9310,5.9410,1719200
2007-12-11 13:51:00,5.9440,5.9520,5.9280,5.9440,1310176
2007-12-11 13:50:00,5.9440,5.9500,5.9290,5.9420,1669360
2007-12-11 13:49:00,5.9440,5.9510,5.9300,5.9410,766808
2007-12-11 13:48:00,5.9430,5.9500,5.9300,5.9410,1179892
2007-12-11 13:47:00,5.9410,5.9500,5.9290,5.9410,1199548
2007-12-11 13:46:00,5.9420,5.9510,5.9290,5.9380,2006396
2007-12-11 13:45:00,5.9380,5.9540,5.9240,5.9400,2327164
2007-12-11 13:44:00,5.9350,5.9430,5.9230,5.9340,970760
2007-12-11 13:43:00,5.9330,5.9410,5.9210,5.9320,534380
2007-12-11 13:42:00,5.9360,5.9420,5.9210,5.9310,1344000
2007-12-11 13:41:00,5.9360,5.9420,5.9230,5.9340,1009120
2007-12-11 13:40:00,5.9360,5.9420,5.9230,5.9330,2341500
2007-12-11 13:39:00,5.9370,5.9430,5.9250,5.9340,883120
2007-12-11 13:38:00,5.9370,5.9430,5.9230,5.9350,1173256
2007-12-11 13:37:00,5.9340,5.9440,5.9210,5.9350,1586424
2007-12-11 13:36:00,5.9320,5.9400,5.9160,5.9310,2566228
2007-12-11 13:35:00,5.9350,5.9410,5.9200,5.9300,1799840
2007-12-11 13:34:00,5.9350,5.9420,5.9230,5.9330,1968008
2007-12-11 13:33:00,5.9380,5.9460,5.9230,5.9330,2290092
2007-12-11 13:32:00,5.9410,5.9470,5.9260,5.9360,2201780
2007-12-11 13:31:00,5.9440,5.9510,5.9280,5.9390,3209164
2007-12-11 13:30:00,5.9450,5.9520,5.9320,5.9420,891100
2007-12-11 13:29:00,5.9460,5.9520,5.9330,5.9440,893396
2007-12-11 13:28:00,5.9490,5.9560,5.9340,5.9440,1815492
2007-12-11 13:27:00,5.9510,5.9570,5.9360,5.9460,783720
2007-12-11 13:26:00,5.9520,5.9590,5.9390,5.9490,604744
2007-12-11 13:25:00,5.9560,5.9640,5.9410,5.9500,1779988
2007-12-11 13:24:00,5.9530,5.9640,5.9410,5.9540,1391544
2007-12-11 13:23:00,5.9560,5.9630,5.9410,5.9500,877716
2007-12-11 13:22:00,5.9530,5.9630,5.9410,5.9540,1324316
2007-12-11 13:21:00,5.9510,5.9600,5.9390,5.9510,779884
2007-12-11 13:20:00,5.9480,5.9580,5.9360,5.9490,1396752
2007-12-11 13:19:00,5.9470,5.9550,5.9350,5.9460,848820
2007-12-11 13:18:00,5.9470,5.9540,5.9350,5.9440,313600
2007-12-11 13:17:00,5.9490,5.9550,5.9340,5.9440,832804
2007-12-11 13:16:00,5.9480,5.9550,5.9340,5.9470,1058372
2007-12-11 13:15:00,5.9480,5.9550,5.9350,5.9450,420700
2007-12-11 13:14:00,5.9450,5.9550,5.9340,5.9460,639716
2007-12-11 13:13:00,5.9460,5.9540,5.9340,5.9430,523936
2007-12-11 13:12:00,5.9470,5.9530,5.9330,5.9440,782936
2007-12-11 13:11:00,5.9450,5.9540,5.9330,5.9450,869008
2007-12-11 13:10:00,5.9490,5.9550,5.9330,5.9430,517384
2007-12-11 13:09:00,5.9460,5.9550,5.9340,5.9460,415968
2007-12-11 13:08:00,5.9450,5.9540,5.9330,5.9450,675808
2007-12-11 13:07:00,5.9470,5.9540,5.9340,5.9440,833784
2007-12-11 13:06:00,5.9480,5.9560,5.9360,5.9450,698572
2007-12-11 13:05:00,5.9480,5.9560,5.9360,5.9470,935396
2007-12-11 13:04:00,5.9490,5.9550,5.9350,5.9450,674912
2007-12-11 13:03:00,5.9500,5.9580,5.9360,5.9470,1058316
2007-12-11 13:02:00,5.9520,5.9580,5.9390,5.9480,357896
2007-12-11 13:01:00,5.9530,5.9590,5.9390,5.9490,542080
2007-12-11 13:00:00,5.9530,5.9610,5.9390,5.9510,955976
2007-12-11 12:59:00,5.9520,5.9610,5.9390,5.9510,463652
2007-12-11 12:58:00,5.9530,5.9610,5.9390,5.9500,794976
2007-12-11 12:57:00,5.9500,5.9590,5.9380,5.9510,824096
2007-12-11 12:56:00,5.9490,5.9570,5.9370,5.9480,542024
2007-12-11 12:55:00,5.9500,5.9560,5.9380,5.9470,606144
2007-12-11 12:54:00,5.9500,5.9560,5.9370,5.9480,310800
2007-12-11 12:53:00,5.9490,5.9570,5.9370,5.9480,326256
2007-12-11 12:52:00,5.9490,5.9570,5.9370,5.9470,547008
2007-12-11 12:51:00,5.9490,5.9570,5.9370,5.9470,511280
2007-12-11 12:50:00,5.9470,5.9580,5.9360,5.9480,1106280
2007-12-11 12:49:00,5.9510,5.9570,5.9360,5.9450,619640
2007-12-11 12:48:00,5.9540,5.9600,5.9390,5.9490,1092560
2007-12-11 12:47:00,5.9520,5.9600,5.9410,5.9520,322896
2007-12-11 12:46:00,5.9530,5.9600,5.9380,5.9500,1227184
2007-12-11 12:45:00,5.9560,5.9630,5.9410,5.9510,1372672
2007-12-11 12:44:00,5.9540,5.9640,5.9420,5.9540,1213548
2007-12-11 12:43:00,5.9530,5.9610,5.9410,5.9510,834400
2007-12-11 12:42:00,5.9550,5.9620,5.9410,5.9510,1287972
2007-12-11 12:41:00,5.9530,5.9620,5.9410,5.9530,1059744
2007-12-11 12:40:00,5.9520,5.9610,5.9410,5.9510,1347220
2007-12-11 12:39:00,5.9520,5.9590,5.9390,5.9500,767788
2007-12-11 12:38:00,5.9530,5.9590,5.9390,5.9490,1114568
2007-12-11 12:37:00,5.9480,5.9590,5.9360,5.9510,941220
2007-12-11 12:36:00,5.9490,5.9560,5.9360,5.9460,428904
2007-12-11 12:35:00,5.9480,5.9560,5.9360,5.9470,393400
2007-12-11 12:34:00,5.9490,5.9550,5.9360,5.9460,356944
2007-12-11 12:33:00,5.9500,5.9560,5.9370,5.9470,1343916
2007-12-11 12:32:00,5.9470,5.9560,5.9360,5.9480,889364
2007-12-11 12:31:00,5.9440,5.9530,5.9300,5.9450,1030400
2007-12-11 12:30:00,5.9450,5.9520,5.9320,5.9420,556080
2007-12-11 12:29:00,5.9470,5.9530,5.9330,5.9420,441140
2007-12-11 12:28:00,5.9460,5.9530,5.9340,5.9440,433272
2007-12-11 12:27:00,5.9460,5.9530,5.9320,5.9440,774200
2007-12-11 12:26:00,5.9420,5.9520,5.9290,5.9440,903392
2007-12-11 12:25:00,5.9460,5.9520,5.9290,5.9400,1649928
2007-12-11 12:24:00,5.9480,5.9560,5.9330,5.9440,1131788
2007-12-11 12:23:00,5.9500,5.9580,5.9350,5.9460,1053864
2007-12-11 12:22:00,5.9450,5.9550,5.9330,5.9450,676396
2007-12-11 12:21:00,5.9440,5.9520,5.9320,5.9420,738164
2007-12-11 12:20:00,5.9450,5.9520,5.9320,5.9420,812700
2007-12-11 12:19:00,5.9460,5.9520,5.9330,5.9440,599368
2007-12-11 12:18:00,5.9460,5.9520,5.9320,5.9440,1114904
2007-12-11 12:17:00,5.9470,5.9540,5.9340,5.9440,1162840
2007-12-11 12:16:00,5.9460,5.9530,5.9340,5.9440,446320
2007-12-11 12:15:00,5.9470,5.9540,5.9350,5.9440,639940
2007-12-11 12:14:00,5.9470,5.9540,5.9350,5.9440,389760
2007-12-11 12:13:00,5.9480,5.9560,5.9350,5.9440,958272
2007-12-11 12:12:00,5.9470,5.9550,5.9350,5.9460,923440
2007-12-11 12:11:00,5.9530,5.9590,5.9360,5.9450,861644
2007-12-11 12:10:00,5.9540,5.9600,5.9410,5.9510,255528
2007-12-11 12:09:00,5.9530,5.9600,5.9410,5.9520,517664
2007-12-11 12:08:00,5.9520,5.9600,5.9410,5.9510,409724
2007-12-11 12:07:00,5.9520,5.9590,5.9410,5.9510,327796
2007-12-11 12:06:00,5.9530,5.9590,5.9400,5.9500,244776
2007-12-11 12:05:00,5.9550,5.9610,5.9400,5.9510,479668
2007-12-11 12:04:00,5.9550,5.9620,5.9430,5.9530,641312
2007-12-11 12:03:00,5.9530,5.9610,5.9410,5.9530,581000
2007-12-11 12:02:00,5.9520,5.9590,5.9400,5.9500,529900
2007-12-11 12:01:00,5.9530,5.9610,5.9400,5.9490,841624
2007-12-11 12:00:00,5.9560,5.9620,5.9410,5.9510,1184204
2007-12-11 11:59:00,5.9550,5.9650,5.9440,5.9530,769664
2007-12-11 11:58:00,5.9560,5.9650,5.9440,5.9530,1139656
2007-12-11 11:57:00,5.9580,5.9650,5.9440,5.9540,1243452
2007-12-11 11:56:00,5.9550,5.9640,5.9430,5.9560,1186472
2007-12-11 11:55:00,5.9550,5.9610,5.9420,5.9520,490420
2007-12-11 11:54:00,5.9550,5.9630,5.9410,5.9540,1306060
2007-12-11 11:53:00,5.9520,5.9620,5.9410,5.9530,1516004
2007-12-11 11:52:00,5.9510,5.9580,5.9390,5.9490,674856
2007-12-11 11:51:00,5.9500,5.9580,5.9390,5.9480,807800
2007-12-11 11:50:00,5.9460,5.9570,5.9350,5.9480,1063104
2007-12-11 11:49:00,5.9480,5.9540,5.9340,5.9450,928004
2007-12-11 11:48:00,5.9490,5.9560,5.9330,5.9450,1314992
2007-12-11 11:47:00,5.9480,5.9560,5.9350,5.9470,1165640
2007-12-11 11:46:00,5.9430,5.9540,5.9310,5.9450,1488424
2007-12-11 11:45:00,5.9420,5.9510,5.9290,5.9400,1476720
2007-12-11 11:44:00,5.9420,5.9480,5.9270,5.9390,1519952
2007-12-11 11:43:00,5.9380,5.9480,5.9260,5.9400,1067192
2007-12-11 11:42:00,5.9430,5.9520,5.9250,5.9360,2486680
2007-12-11 11:41:00,5.9370,5.9500,5.9250,5.9410,1628088
2007-12-11 11:40:00,5.9420,5.9490,5.9210,5.9350,4158504
2007-12-11 11:39:00,5.9480,5.9540,5.9290,5.9390,2784600
2007-12-11 11:38:00,5.9460,5.9550,5.9350,5.9460,2105852
2007-12-11 11:37:00,5.9490,5.9570,5.9350,5.9440,1601460
2007-12-11 11:36:00,5.9500,5.9580,5.9360,5.9470,1362368
2007-12-11 11:35:00,5.9480,5.9650,5.9350,5.9480,1808380
2007-12-11 11:34:00,5.9550,5.9610,5.9360,5.9460,2279676
2007-12-11 11:33:00,5.9590,5.9660,5.9410,5.9530,2510928
2007-12-11 11:32:00,5.9640,5.9720,5.9460,5.9570,2982980
2007-12-11 11:31:00,5.9650,5.9710,5.9520,5.9620,1342740
2007-12-11 11:30:00,5.9650,5.9720,5.9480,5.9630,1945412
2007-12-11 11:29:00,5.9630,5.9720,5.9520,5.9630,1697360
2007-12-11 11:28:00,5.9640,5.9730,5.9510,5.9620,2219616
2007-12-11 11:27:00,5.9640,5.9720,5.9510,5.9610,847028
2007-12-11 11:26:00,5.9590,5.9710,5.9470,5.9620,1804236
2007-12-11 11:25:00,5.9600,5.9670,5.9450,5.9560,1986460
2007-12-11 11:24:00,5.9590,5.9670,5.9470,5.9590,1170960
2007-12-11 11:23:00,5.9590,5.9670,5.9470,5.9570,2019976
2007-12-11 11:22:00,5.9550,5.9650,5.9430,5.9570,1065176
2007-12-11 11:21:00,5.9540,5.9620,5.9420,5.9530,1934436
2007-12-11 11:20:00,5.9570,5.9630,5.9410,5.9520,1341368
2007-12-11 11:19:00,5.9520,5.9640,5.9400,5.9550,2103584
2007-12-11 11:18:00,5.9520,5.9600,5.9400,5.9500,1237488
2007-12-11 11:17:00,5.9540,5.9600,5.9390,5.9500,2223984
2007-12-11 11:16:00,5.9540,5.9610,5.9400,5.9520,2881732
2007-12-11 11:15:00,5.9620,5.9680,5.9420,5.9520,3389988
2007-12-11 11:14:00,5.9630,5.9740,5.9490,5.9590,4137644
2007-12-11 11:13:00,5.9650,5.9730,5.9480,5.9610,3921316
2007-12-11 11:12:00,5.9620,5.9720,5.9500,5.9620,3819760
2007-12-11 11:11:00,5.9570,5.9700,5.9450,5.9600,4883060
2007-12-11 11:10:00,5.9520,5.9630,5.9390,5.9540,2324364
2007-12-11 11:09:00,5.9530,5.9600,5.9390,5.9490,2508212
2007-12-11 11:08:00,5.9530,5.9610,5.9390,5.9500,3170860
2007-12-11 11:07:00,5.9490,5.9590,5.9360,5.9500,2301040
2007-12-11 11:06:00,5.9440,5.9560,5.9320,5.9470,3413368
2007-12-11 11:05:00,5.9420,5.9510,5.9300,5.9420,2166556
2007-12-11 11:04:00,5.9430,5.9520,5.9300,5.9400,4832800
2007-12-11 11:03:00,5.9390,5.9490,5.9250,5.9410,2836820
2007-12-11 11:02:00,5.9400,5.9480,5.9260,5.9370,2176496
2007-12-11 11:01:00,5.9390,5.9490,5.9270,5.9380,4626580
2007-12-11 11:00:00,5.9380,5.9450,5.9250,5.9370,1989036
2007-12-11 10:59:00,5.9350,5.9460,5.9240,5.9350,1725388
2007-12-11 10:58:00,5.9360,5.9450,5.9230,5.9330,2583000
2007-12-11 10:57:00,5.9350,5.9440,5.9230,5.9340,1864352
2007-12-11 10:56:00,5.9360,5.9430,5.9190,5.9320,1908340
2007-12-11 10:55:00,5.9280,5.9430,5.9160,5.9340,2726276
2007-12-11 10:54:00,5.9270,5.9350,5.9150,5.9270,795060
2007-12-11 10:53:00,5.9260,5.9360,5.9150,5.9250,1976100
2007-12-11 10:52:00,5.9260,5.9330,5.9140,5.9240,879424
2007-12-11 10:51:00,5.9250,5.9340,5.9120,5.9240,1364216
2007-12-11 10:50:00,5.9240,5.9340,5.9110,5.9230,1185324
2007-12-11 10:49:00,5.9220,5.9330,5.9100,5.9220,1484140
2007-12-11 10:48:00,5.9270,5.9340,5.9070,5.9200,2989840
2007-12-11 10:47:00,5.9270,5.9350,5.9150,5.9250,946148
2007-12-11 10:46:00,5.9240,5.9350,5.9130,5.9250,1950060
2007-12-11 10:45:00,5.9240,5.9310,5.9080,5.9220,2576112
2007-12-11 10:44:00,5.9270,5.9340,5.9110,5.9220,1846068
2007-12-11 10:43:00,5.9270,5.9360,5.9150,5.9250,977172
2007-12-11 10:42:00,5.9260,5.9370,5.9130,5.9250,1247288
2007-12-11 10:41:00,5.9300,5.9370,5.9130,5.9240,1854216
2007-12-11 10:40:00,5.9350,5.9420,5.9140,5.9270,2533384
2007-12-11 10:39:00,5.9260,5.9440,5.9150,5.9340,4549916
2007-12-11 10:38:00,5.9270,5.9350,5.9120,5.9240,1695120
2007-12-11 10:37:00,5.9240,5.9340,5.9120,5.9240,1787128
2007-12-11 10:36:00,5.9270,5.9370,5.9130,5.9220,2398032
2007-12-11 10:35:00,5.9240,5.9340,5.9130,5.9240,2153032
2007-12-11 10:34:00,5.9250,5.9320,5.9130,5.9220,1055180
2007-12-11 10:33:00,5.9250,5.9320,5.9120,5.9240,942424
2007-12-11 10:32:00,5.9240,5.9340,5.9130,5.9240,1622124
2007-12-11 10:31:00,5.9250,5.9320,5.9100,5.9220,2129036
2007-12-11 10:30:00,5.9250,5.9340,5.9130,5.9230,1940708
2007-12-11 10:29:00,5.9230,5.9340,5.9110,5.9230,1722084
2007-12-11 10:28:00,5.9280,5.9340,5.9090,5.9210,2100056
2007-12-11 10:27:00,5.9290,5.9370,5.9140,5.9260,1981588
2007-12-11 10:26:00,5.9310,5.9370,5.9160,5.9270,1879248
2007-12-11 10:25:00,5.9310,5.9380,5.9160,5.9280,2400776
2007-12-11 10:24:00,5.9250,5.9410,5.9130,5.9290,5836572
2007-12-11 10:23:00,5.9220,5.9310,5.9100,5.9220,820988
2007-12-11 10:22:00,5.9200,5.9290,5.9070,5.9200,1637328
2007-12-11 10:21:00,5.9200,5.9280,5.9070,5.9170,896000
2007-12-11 10:20:00,5.9170,5.9290,5.9060,5.9180,1521716
2007-12-11 10:19:00,5.9190,5.9260,5.9040,5.9150,829332
2007-12-11 10:18:00,5.9190,5.9290,5.9060,5.9160,1286068
2007-12-11 10:17:00,5.9190,5.9280,5.9060,5.9150,1692852
2007-12-11 10:16:00,5.9180,5.9250,5.9030,5.9170,1803900
2007-12-11 10:15:00,5.9240,5.9330,5.9060,5.9160,3442460
2007-12-11 10:14:00,5.9220,5.9310,5.9100,5.9220,1328012
2007-12-11 10:13:00,5.9250,5.9310,5.9090,5.9200,1345848
2007-12-11 10:12:00,5.9210,5.9310,5.9090,5.9220,1975288
2007-12-11 10:11:00,5.9210,5.9280,5.9090,5.9190,819168
2007-12-11 10:10:00,5.9220,5.9280,5.9070,5.9170,966504
2007-12-11 10:09:00,5.9200,5.9290,5.9080,5.9200,2152500
2007-12-11 10:08:00,5.9180,5.9260,5.9040,5.9170,1605044
2007-12-11 10:07:00,5.9150,5.9240,5.9030,5.9160,1504720
2007-12-11 10:06:00,5.9170,5.9230,5.9020,5.9120,2017120
2007-12-11 10:05:00,5.9120,5.9250,5.8980,5.9150,3159436
2007-12-11 10:04:00,5.9070,5.9180,5.8950,5.9100,1910496
2007-12-11 10:03:00,5.9060,5.9150,5.8930,5.9050,2071776
2007-12-11 10:02:00,5.9080,5.9170,5.8920,5.9040,2911804
2007-12-11 10:01:00,5.9120,5.9190,5.8960,5.9060,1282988
2007-12-11 10:00:00,5.9110,5.9190,5.8970,5.9100,1757896
2007-12-11 09:59:00,5.9120,5.9190,5.8950,5.9090,1475096
2007-12-11 09:58:00,5.9130,5.9210,5.9010,5.9110,958076
2007-12-11 09:57:00,5.9130,5.9200,5.8980,5.9100,1569960
2007-12-11 09:56:00,5.9120,5.9230,5.8990,5.9110,2016420
2007-12-11 09:55:00,5.9060,5.9180,5.8940,5.9100,2352420
2007-12-11 09:54:00,5.9140,5.9200,5.8940,5.9040,4809952
2007-12-11 09:53:00,5.9230,5.9300,5.9020,5.9110,2992276
2007-12-11 09:52:00,5.9200,5.9310,5.9070,5.9210,3125332
2007-12-11 09:51:00,5.9240,5.9310,5.9090,5.9180,2631804
2007-12-11 09:50:00,5.9210,5.9350,5.9080,5.9210,4087440
2007-12-11 09:49:00,5.9240,5.9300,5.9080,5.9180,1601684
2007-12-11 09:48:00,5.9180,5.9310,5.9060,5.9210,1959664
2007-12-11 09:47:00,5.9150,5.9240,5.9020,5.9150,1327116
2007-12-11 09:46:00,5.9120,5.9210,5.9000,5.9120,1312668
2007-12-11 09:45:00,5.9180,5.9240,5.8990,5.9100,2634996
2007-12-11 09:44:00,5.9170,5.9270,5.9050,5.9150,1971340
2007-12-11 09:43:00,5.9240,5.9310,5.9060,5.9160,2202900
2007-12-11 09:42:00,5.9250,5.9310,5.9070,5.9220,3011988
2007-12-11 09:41:00,5.9250,5.9320,5.9100,5.9220,3107188
2007-12-11 09:40:00,5.9180,5.9320,5.8990,5.9240,4352376
2007-12-11 09:39:00,5.9150,5.9310,5.8900,5.9160,5716928
2007-12-11 09:38:00,5.9050,5.9220,5.8900,5.9130,2967888
2007-12-11 09:37:00,5.9020,5.9140,5.8900,5.9030,1439816
2007-12-11 09:36:00,5.9100,5.9170,5.8900,5.9000,2929248
2007-12-11 09:35:00,5.9070,5.9190,5.8950,5.9070,2327388
2007-12-11 09:34:00,5.9060,5.9170,5.8940,5.9060,2331896
2007-12-11 09:33:00,5.8980,5.9140,5.8850,5.9040,3337656
2007-12-11 09:32:00,5.9130,5.9230,5.8860,5.8950,3746540
2007-12-11 09:31:00,5.9090,5.9250,5.8960,5.9110,3902612
2007-12-11 09:30:00,5.9060,5.9180,5.8910,5.9060,7500556
2007-12-11 09:29:00,5.9120,5.9180,5.8930,5.9040,148400
2007-12-11 09:28:00,5.9050,5.9190,5.8940,5.9100,208292
2007-12-11 09:27:00,5.9050,5.9130,5.8920,5.9010,109200
2007-12-11 09:26:00,5.9040,5.9120,5.8920,5.9040,127260
2007-12-11 09:25:00,5.9020,5.9090,5.8900,5.9010,76160
2007-12-11 09:24:00,5.9040,5.9100,5.8910,5.9000,92400
2007-12-11 09:23:00,5.9040,5.9100,5.8920,5.9010,2800
2007-12-11 09:22:00,5.9040,5.9100,5.8910,5.9010,63840
2007-12-11 09:21:00,5.9040,5.9100,5.8920,5.9010,25200
2007-12-11 09:20:00,5.9040,5.9100,5.8910,5.9010,8400
2007-12-11 09:18:00,5.9060,5.9120,5.8940,5.9030,16800
2007-12-11 09:17:00,5.9070,5.9150,5.8950,5.9040,37800
2007-12-11 09:16:00,5.9060,5.9130,5.8940,5.9050,39200
2007-12-11 09:15:00,5.9050,5.9120,5.8920,5.9030,25200
2007-12-11 09:14:00,5.9040,5.9100,5.8920,5.9010,25200
2007-12-11 09:13:00,5.9040,5.9100,5.8920,5.9010,8400
2007-12-11 09:12:00,5.9030,5.9090,5.8920,5.9010,5600
2007-12-11 09:11:00,5.9040,5.9100,5.8860,5.9010,219688
2007-12-11 09:09:00,5.9080,5.9150,5.8950,5.9040,229600
2007-12-11 09:08:00,5.9070,5.9150,5.8950,5.9070,141400
2007-12-11 09:07:00,5.9040,5.9140,5.8920,5.9060,31640
2007-12-11 09:06:00,5.9050,5.9130,5.8930,5.9020,83860
2007-12-11 09:05:00,5.9050,5.9110,5.8930,5.9020,5600
2007-12-11 09:04:00,5.9050,5.9110,5.8920,5.9010,33348
2007-12-11 09:03:00,5.9050,5.9110,5.8930,5.9030,2800
2007-12-11 09:02:00,5.9050,5.9110,5.8930,5.9030,28000
2007-12-11 09:01:00,5.9050,5.9110,5.8940,5.9030,8400
2007-12-11 09:00:00,5.9060,5.9120,5.8950,5.9040,14000
2007-12-11 08:59:00,5.9020,5.9120,5.8910,5.9030,40600
2007-12-11 08:58:00,5.9020,5.9110,5.8910,5.9020,50400
2007-12-11 08:57:00,5.9010,5.9070,5.8880,5.8990,145740
2007-12-11 08:52:00,5.8980,5.9050,5.8860,5.8970,20132
2007-12-11 08:51:00,5.8970,5.9030,5.8850,5.8940,2800
2007-12-11 08:50:00,5.8950,5.9010,5.8830,5.8920,21280
2007-12-11 08:49:00,5.8950,5.9010,5.8820,5.8910,39200
2007-12-11 08:48:00,5.8980,5.9050,5.8860,5.8950,14532
2007-12-11 08:47:00,5.8980,5.9040,5.8860,5.8960,8708
2007-12-11 08:46:00,5.8980,5.9040,5.8860,5.8950,3724
2007-12-11 08:45:00,5.8970,5.9040,5.8860,5.8950,14000
2007-12-11 08:44:00,5.8980,5.9050,5.8860,5.8950,54096
2007-12-11 08:40:00,5.9010,5.9070,5.8900,5.8990,2800
2007-12-11 08:38:00,5.8990,5.9080,5.8880,5.9000,39200
2007-12-11 08:35:00,5.8980,5.9040,5.8860,5.8960,34944
2007-12-11 08:34:00,5.8990,5.9050,5.8860,5.8960,29400
2007-12-11 08:33:00,5.8990,5.9050,5.8880,5.8970,9800
2007-12-11 08:32:00,5.9020,5.9080,5.8910,5.9000,42000
2007-12-11 08:31:00,5.9010,5.9070,5.8880,5.8970,5600
2007-12-11 08:29:00,5.9010,5.9070,5.8880,5.8990,61600
2007-12-11 08:28:00,5.9050,5.9110,5.8920,5.9010,9800
2007-12-11 08:27:00,5.9050,5.9110,5.8920,5.9010,42000
2007-12-11 08:26:00,5.9050,5.9120,5.8930,5.9040,32620
2007-12-11 08:25:00,5.9020,5.9110,5.8910,5.9030,121912
2007-12-11 08:24:00,5.8980,5.9040,5.8870,5.8960,16548
2007-12-11 08:22:00,5.9020,5.9090,5.8860,5.8950,55132
2007-12-11 08:21:00,5.9020,5.9080,5.8900,5.9000,22400
2007-12-11 08:20:00,5.9010,5.9070,5.8900,5.8990,26600
2007-12-11 08:19:00,5.8980,5.9070,5.8860,5.8950,14000
2007-12-11 08:18:00,5.9000,5.9090,5.8860,5.8950,80108
2007-12-11 08:17:00,5.9040,5.9100,5.8890,5.8980,30800
2007-12-11 08:16:00,5.9040,5.9100,5.8920,5.9010,19600
2007-12-11 08:15:00,5.9030,5.9090,5.8900,5.9000,11200
2007-12-11 08:14:00,5.9050,5.9110,5.8900,5.9010,31976
2007-12-11 08:10:00,5.9070,5.9130,5.8930,5.9030,74424
2007-12-11 08:09:00,5.9040,5.9110,5.8920,5.9030,53200
2007-12-11 08:08:00,5.8990,5.9050,5.8870,5.8970,11200
2007-12-11 08:06:00,5.9030,5.9140,5.8900,5.8990,44800
2007-12-11 08:05:00,5.9000,5.9060,5.8880,5.8980,25424
2007-12-11 08:03:00,5.8980,5.9070,5.8860,5.8980,50568
2007-12-11 08:02:00,5.9010,5.9070,5.8870,5.8960,33600
2007-12-11 08:01:00,5.9030,5.9090,5.8900,5.8990,69664
2007-12-11 08:00:00,5.9080,5.9140,5.8920,5.9010,60592
2007-12-11 07:59:00,5.9070,5.9130,5.8950,5.9040,11200
2007-12-11 07:57:00,5.9080,5.9140,5.8950,5.9040,133280
2007-12-11 07:56:00,5.9080,5.9140,5.8970,5.9060,14000
2007-12-11 07:55:00,5.9070,5.9130,5.8950,5.9040,8400
2007-12-11 07:53:00,5.9070,5.9130,5.8950,5.9040,8400
2007-12-11 07:52:00,5.9070,5.9170,5.8950,5.9040,18284
2007-12-11 07:49:00,5.9060,5.9120,5.8950,5.9040,11536
2007-12-11 07:48:00,5.8910,5.9110,5.8800,5.8950,45164
2007-12-11 07:45:00,5.8910,5.8970,5.8800,5.8890,5600
2007-12-11 07:41:00,5.8880,5.8940,5.8770,5.8860,11900
2007-12-11 07:35:00,5.8850,5.8910,5.8740,5.8830,8400
2007-12-11 07:04:00,5.8820,5.8880,5.8710,5.8800,2800
2007-12-11 07:02:00,5.8820,5.8880,5.8710,5.8800,6300
2007-12-11 06:44:00,5.8640,5.8700,5.8500,5.8600,5600
2007-12-10 19:59:00,5.9010,5.9070,5.8890,5.8980,19600
2007-12-10 19:58:00,5.9050,5.9110,5.8930,5.9030,2800
2007-12-10 19:53:00,5.9010,5.9070,5.8880,5.8970,33488
2007-12-10 19:52:00,5.9040,5.9100,5.8930,5.9020,4984
2007-12-10 19:51:00,5.9040,5.9110,5.8920,5.9020,143528
2007-12-10 19:50:00,5.9030,5.9100,5.8860,5.9010,67368
2007-12-10 19:48:00,5.9020,5.9080,5.8910,5.9000,2800
2007-12-10 19:46:00,5.9020,5.9080,5.8910,5.9000,18172
2007-12-10 19:45:00,5.9020,5.9070,5.8900,5.8990,2800
2007-12-10 19:43:00,5.9020,5.9080,5.8900,5.9000,27440
2007-12-10 19:42:00,5.9020,5.9070,5.8900,5.8990,5600
2007-12-10 19:35:00,5.9000,5.9060,5.8890,5.8980,2800
2007-12-10 19:34:00,5.9000,5.9060,5.8890,5.8980,5600
2007-12-10 19:31:00,5.9000,5.9060,5.8890,5.8980,5600
2007-12-10 19:30:00,5.8990,5.9060,5.8880,5.8980,33740
2007-12-10 19:26:00,5.9000,5.9060,5.8890,5.8980,16380
2007-12-10 19:25:00,5.9000,5.9060,5.8890,5.8980,19600
2007-12-10 19:24:00,5.9000,5.9060,5.8890,5.8980,11200
2007-12-10 19:23:00,5.9000,5.9060,5.8890,5.8980,5320
2007-12-10 19:21:00,5.8990,5.9050,5.8880,5.8970,4452
2007-12-10 18:51:00,5.8980,5.9040,5.8860,5.8950,5600
2007-12-10 18:49:00,5.8990,5.9050,5.8850,5.8940,16800
2007-12-10 18:47:00,5.8990,5.9050,5.8870,5.8970,14000
2007-12-10 18:43:00,5.8980,5.9040,5.8860,5.8950,3864
2007-12-10 18:42:00,5.8990,5.9050,5.8880,5.8970,14000
2007-12-10 18:41:00,5.8990,5.9050,5.8880,5.8970,6356
2007-12-10 18:37:00,5.9000,5.9060,5.8890,5.8980,5600
2007-12-10 18:33:00,5.8980,5.9070,5.8860,5.8980,30800
2007-12-10 18:28:00,5.9010,5.9070,5.8890,5.8980,5600
2007-12-10 18:27:00,5.9010,5.9070,5.8890,5.8980,11200
2007-12-10 18:23:00,5.9010,5.9070,5.8890,5.8980,11144
2007-12-10 18:22:00,5.8960,5.9040,5.8840,5.8950,21000
2007-12-10 18:20:00,5.8980,5.9040,5.8860,5.8960,5600
2007-12-10 18:17:00,5.9010,5.9070,5.8890,5.8980,2800
2007-12-10 18:11:00,5.9010,5.9070,5.8890,5.8980,5600
2007-12-10 18:10:00,5.9010,5.9070,5.8890,5.8980,28000
2007-12-10 18:08:00,5.9010,5.9070,5.8890,5.8980,2800
2007-12-10 18:07:00,5.9020,5.9070,5.8900,5.8990,3472
2007-12-10 18:05:00,5.9030,5.9090,5.8920,5.9010,5600
2007-12-10 17:56:00,5.9010,5.9070,5.8890,5.8980,11256
2007-12-10 17:55:00,5.9020,5.9100,5.8900,5.9010,13888
2007-12-10 17:53:00,5.9010,5.9070,5.8890,5.8980,27664
2007-12-10 17:52:00,5.9020,5.9080,5.8890,5.8980,36400
2007-12-10 17:48:00,5.9020,5.9080,5.8900,5.9000,28000
2007-12-10 17:43:00,5.9010,5.9080,5.8900,5.9000,138460
2007-12-10 17:36:00,5.8990,5.9050,5.8880,5.8970,26600
2007-12-10 17:35:00,5.9000,5.9060,5.8890,5.8980,3080
2007-12-10 17:33:00,5.9010,5.9070,5.8890,5.8980,26600
2007-12-10 17:32:00,5.8990,5.9050,5.8880,5.8970,26600
2007-12-10 17:31:00,5.8980,5.9040,5.8860,5.8950,2800
2007-12-10 17:30:00,5.9140,5.9200,5.8890,5.8980,61600
2007-12-10 17:29:00,5.9010,5.9070,5.8890,5.8980,5600
2007-12-10 17:28:00,5.9000,5.9060,5.8890,5.8980,16800
2007-12-10 17:27:00,5.9000,5.9060,5.8890,5.8980,14000
2007-12-10 17:26:00,5.9190,5.9250,5.9080,5.9170,2800
2007-12-10 17:25:00,5.8980,5.9060,5.8820,5.8910,33600
2007-12-10 17:24:00,5.8980,5.9040,5.8860,5.8950,88200
2007-12-10 17:23:00,5.8970,5.9030,5.8860,5.8950,8400
2007-12-10 17:22:00,5.8960,5.9030,5.8850,5.8950,16800
2007-12-10 17:14:00,5.8930,5.9020,5.8820,5.8910,8400
2007-12-10 17:06:00,5.8960,5.9020,5.8840,5.8940,2800
2007-12-10 17:05:00,5.8930,5.8990,5.8820,5.8910,7952
2007-12-10 17:04:00,5.8930,5.8990,5.8820,5.8910,27580
2007-12-10 16:56:00,5.8960,5.9020,5.8850,5.8940,28000
2007-12-10 16:54:00,5.8970,5.9030,5.8850,5.8940,5600
2007-12-10 16:52:00,5.8950,5.9050,5.8840,5.8940,107044
2007-12-10 16:51:00,5.8940,5.9000,5.8830,5.8920,19600
2007-12-10 16:47:00,5.8930,5.8990,5.8820,5.8910,2800
2007-12-10 16:46:00,5.8930,5.8990,5.8820,5.8910,56000
2007-12-10 16:45:00,5.8930,5.8990,5.8770,5.8870,61600
2007-12-10 16:43:00,5.8930,5.8990,5.8810,5.8910,11452
2007-12-10 16:42:00,5.8870,5.8980,5.8760,5.8900,22848
2007-12-10 16:41:00,5.8950,5.9000,5.8830,5.8920,11200
2007-12-10 16:40:00,5.8950,5.9020,5.8830,5.8940,159852
2007-12-10 16:38:00,5.8940,5.9000,5.8770,5.8920,61180
2007-12-10 16:37:00,5.8940,5.9000,5.8830,5.8920,2800
2007-12-10 16:36:00,5.8920,5.8990,5.8800,5.8910,18452
2007-12-10 16:35:00,5.8900,5.8960,5.8790,5.8880,5600
2007-12-10 16:34:00,5.8880,5.8940,5.8770,5.8860,6524
2007-12-10 16:33:00,5.8880,5.8940,5.8770,5.8860,48860
2007-12-10 16:32:00,5.8880,5.8940,5.8770,5.8860,28000
2007-12-10 16:31:00,5.8840,5.8900,5.8730,5.8820,17080
2007-12-10 16:30:00,5.8870,5.8940,5.8750,5.8860,54404
2007-12-10 16:29:00,5.8830,5.8950,5.8710,5.8870,37408
2007-12-10 16:28:00,5.8840,5.8900,5.8730,5.8820,14000
2007-12-10 16:26:00,5.8840,5.8900,5.8730,5.8820,8400
2007-12-10 16:25:00,5.8850,5.8910,5.8740,5.8830,2800
2007-12-10 16:24:00,5.8860,5.8920,5.8740,5.8840,3584
2007-12-10 16:22:00,5.8840,5.8900,5.8730,5.8820,25200
2007-12-10 16:21:00,5.8840,5.8900,5.8730,5.8820,2800
2007-12-10 16:20:00,5.9190,5.9250,5.8740,5.8840,86492
2007-12-10 16:19:00,5.8860,5.8940,5.8740,5.8860,17276
2007-12-10 16:18:00,5.8890,5.8950,5.8770,5.8870,19012
2007-12-10 16:17:00,5.8900,5.8960,5.8790,5.8880,3556
2007-12-10 16:16:00,5.8900,5.9110,5.8740,5.8840,3619924
2007-12-10 16:15:00,5.8870,5.8930,5.8750,5.8840,99680
2007-12-10 16:14:00,5.8870,5.8930,5.8740,5.8840,60368
2007-12-10 16:13:00,5.8900,5.8960,5.8740,5.8840,147644
2007-12-10 16:12:00,5.8900,5.8960,5.8790,5.8880,100296
2007-12-10 16:11:00,5.8870,5.8930,5.8760,5.8850,5600
2007-12-10 16:10:00,5.8900,5.8960,5.8760,5.8850,30800
2007-12-10 16:09:00,5.8890,5.8960,5.8770,5.8880,288680
2007-12-10 16:07:00,5.8880,5.8940,5.8770,5.8860,2800
2007-12-10 16:06:00,5.8890,5.8950,5.8770,5.8860,54908
2007-12-10 16:03:00,5.8860,5.8940,5.8750,5.8860,24444
2007-12-10 16:02:00,5.8870,5.8940,5.8750,5.8840,5408228
2007-12-10 16:01:00,5.8870,5.8940,5.8760,5.8850,83160
2007-12-10 16:00:00,5.8890,5.8950,5.8730,5.8850,8070608
2007-12-10 15:59:00,5.8890,5.8960,5.8750,5.8850,3903956
2007-12-10 15:58:00,5.8890,5.8960,5.8760,5.8870,2786784
2007-12-10 15:57:00,5.8880,5.8960,5.8740,5.8870,1810032
2007-12-10 15:56:00,5.8910,5.8970,5.8740,5.8860,2168628
2007-12-10 15:55:00,5.8930,5.8990,5.8780,5.8890,2223788
2007-12-10 15:54:00,5.8880,5.8990,5.8770,5.8910,2436196
2007-12-10 15:53:00,5.8860,5.8960,5.8720,5.8870,2533048
2007-12-10 15:52:00,5.8830,5.8930,5.8710,5.8840,2154264
2007-12-10 15:51:00,5.8830,5.8910,5.8700,5.8810,1681204
2007-12-10 15:50:00,5.8850,5.8920,5.8700,5.8810,3501428
2007-12-10 15:49:00,5.8840,5.8920,5.8700,5.8830,2215892
2007-12-10 15:48:00,5.8860,5.8920,5.8700,5.8820,2513532
2007-12-10 15:47:00,5.8870,5.8950,5.8730,5.8840,2210880
2007-12-10 15:46:00,5.8910,5.8970,5.8750,5.8840,726320
2007-12-10 15:45:00,5.8920,5.8990,5.8770,5.8890,1233792
2007-12-10 15:44:00,5.8920,5.8990,5.8750,5.8890,1936312
2007-12-10 15:43:00,5.8910,5.8980,5.8750,5.8900,1862420
2007-12-10 15:42:00,5.8890,5.8980,5.8750,5.8900,1857352
2007-12-10 15:41:00,5.8920,5.8980,5.8770,5.8870,1389108
2007-12-10 15:40:00,5.8940,5.9000,5.8790,5.8900,1236872
2007-12-10 15:39:00,5.8950,5.9010,5.8800,5.8920,982296
2007-12-10 15:38:00,5.8980,5.9050,5.8810,5.8910,1637748
2007-12-10 15:37:00,5.8940,5.9040,5.8810,5.8950,1041236
2007-12-10 15:36:00,5.8930,5.9020,5.8790,5.8920,1191148
2007-12-10 15:35:00,5.8930,5.9020,5.8790,5.8910,1489544
2007-12-10 15:34:00,5.8940,5.9010,5.8810,5.8920,813624
2007-12-10 15:33:00,5.8930,5.9010,5.8780,5.8910,1430576
2007-12-10 15:32:00,5.8860,5.8990,5.8740,5.8900,1793288
2007-12-10 15:31:00,5.8900,5.8970,5.8740,5.8830,2500904
2007-12-10 15:30:00,5.9000,5.9100,5.8770,5.8870,3732764
2007-12-10 15:29:00,5.9050,5.9110,5.8880,5.8970,1843240
2007-12-10 15:28:00,5.9050,5.9130,5.8930,5.9040,790468
2007-12-10 15:27:00,5.9080,5.9150,5.8930,5.9020,971544
2007-12-10 15:26:00,5.9080,5.9170,5.8950,5.9050,2332848
2007-12-10 15:25:00,5.9030,5.9140,5.8910,5.9060,1008336
2007-12-10 15:24:00,5.9000,5.9110,5.8880,5.9010,1185604
2007-12-10 15:23:00,5.9060,5.9120,5.8890,5.8990,1019368
2007-12-10 15:22:00,5.9020,5.9160,5.8900,5.9040,1732164
2007-12-10 15:21:00,5.9020,5.9100,5.8900,5.9000,1311772
2007-12-10 15:20:00,5.9040,5.9130,5.8870,5.9000,2108680
2007-12-10 15:19:00,5.9080,5.9150,5.8910,5.9020,1012592
2007-12-10 15:18:00,5.9030,5.9150,5.8910,5.9060,2189292
2007-12-10 15:17:00,5.9010,5.9110,5.8890,5.9010,839664
2007-12-10 15:16:00,5.9020,5.9090,5.8880,5.8980,1032528
2007-12-10 15:15:00,5.9010,5.9070,5.8870,5.8980,384720
2007-12-10 15:14:00,5.9000,5.9090,5.8870,5.8980,816060
2007-12-10 15:13:00,5.9050,5.9120,5.8870,5.8980,966308
2007-12-10 15:12:00,5.9010,5.9120,5.8880,5.9020,1187648
2007-12-10 15:11:00,5.9060,5.9120,5.8900,5.8990,1210216
2007-12-10 15:10:00,5.9000,5.9130,5.8880,5.9040,4271680
2007-12-10 15:09:00,5.8960,5.9090,5.8840,5.8970,2847656
2007-12-10 15:08:00,5.8950,5.9010,5.8780,5.8930,1625596
2007-12-10 15:07:00,5.8890,5.9020,5.8780,5.8920,1838676
2007-12-10 15:06:00,5.8840,5.8960,5.8720,5.8870,949340
2007-12-10 15:05:00,5.8850,5.8910,5.8700,5.8810,865788
2007-12-10 15:04:00,5.8850,5.8940,5.8730,5.8820,912912
2007-12-10 15:03:00,5.8860,5.8920,5.8720,5.8830,1143548
2007-12-10 15:02:00,5.8810,5.8940,5.8690,5.8840,1397620
2007-12-10 15:01:00,5.8800,5.8890,5.8680,5.8790,837312
2007-12-10 15:00:00,5.8820,5.8890,5.8670,5.8770,724220
2007-12-10 14:59:00,5.8780,5.8900,5.8660,5.8810,1142008
2007-12-10 14:58:00,5.8810,5.8900,5.8650,5.8740,1857912
2007-12-10 14:57:00,5.8740,5.8880,5.8630,5.8790,2115680
2007-12-10 14:56:00,5.8770,5.8850,5.8600,5.8710,2830604
2007-12-10 14:55:00,5.8840,5.8910,5.8640,5.8750,3147116
2007-12-10 14:54:00,5.8950,5.9000,5.8730,5.8830,2189040
2007-12-10 14:53:00,5.8930,5.9030,5.8800,5.8930,1196328
2007-12-10 14:52:00,5.8970,5.9030,5.8820,5.8910,1046724
2007-12-10 14:51:00,5.8960,5.9060,5.8840,5.8950,545832
2007-12-10 14:50:00,5.8990,5.9050,5.8830,5.8940,907088
2007-12-10 14:49:00,5.9000,5.9070,5.8860,5.8970,769160
2007-12-10 14:48:00,5.9040,5.9100,5.8870,5.8980,1117312
2007-12-10 14:47:00,5.9040,5.9100,5.8900,5.9010,1039136
2007-12-10 14:46:00,5.8960,5.9100,5.8840,5.9010,1021748
2007-12-10 14:45:00,5.8950,5.9030,5.8830,5.8940,514444
2007-12-10 14:44:00,5.9010,5.9070,5.8850,5.8940,928116
2007-12-10 14:43:00,5.8980,5.9070,5.8850,5.8980,550060
2007-12-10 14:42:00,5.8950,5.9050,5.8840,5.8940,389480
2007-12-10 14:41:00,5.8980,5.9040,5.8830,5.8940,621264
2007-12-10 14:40:00,5.8970,5.9060,5.8860,5.8960,1097264
2007-12-10 14:39:00,5.8940,5.9040,5.8820,5.8950,866236
2007-12-10 14:38:00,5.8930,5.9020,5.8810,5.8910,483000
2007-12-10 14:37:00,5.8960,5.9030,5.8790,5.8910,1937544
2007-12-10 14:36:00,5.8980,5.9040,5.8840,5.8940,884212
2007-12-10 14:35:00,5.8990,5.9060,5.8830,5.8940,1026816
2007-12-10 14:34:00,5.8980,5.9060,5.8860,5.8970,1129408
2007-12-10 14:33:00,5.9030,5.9110,5.8870,5.8970,1025948
2007-12-10 14:32:00,5.9000,5.9090,5.8870,5.9010,1421308
2007-12-10 14:31:00,5.8980,5.9110,5.8860,5.8970,1647408
2007-12-10 14:30:00,5.8970,5.9050,5.8840,5.8960,1389332
2007-12-10 14:29:00,5.8930,5.9080,5.8810,5.8940,2869356
2007-12-10 14:28:00,5.8890,5.8980,5.8760,5.8890,850640
2007-12-10 14:27:00,5.8890,5.8970,5.8760,5.8860,406364
2007-12-10 14:26:00,5.8890,5.8970,5.8750,5.8860,679700
2007-12-10 14:25:00,5.8920,5.8980,5.8770,5.8870,494508
2007-12-10 14:24:00,5.8880,5.9000,5.8770,5.8900,1697248
2007-12-10 14:23:00,5.8870,5.8940,5.8750,5.8860,840840
2007-12-10 14:22:00,5.8860,5.8940,5.8730,5.8850,1021972
2007-12-10 14:21:00,5.8810,5.8920,5.8690,5.8840,1049048
2007-12-10 14:20:00,5.8790,5.8870,5.8670,5.8780,240800
2007-12-10 14:19:00,5.8830,5.8900,5.8670,5.8770,981652
2007-12-10 14:18:00,5.8820,5.8890,5.8690,5.8810,779548
2007-12-10 14:17:00,5.8810,5.8900,5.8670,5.8810,1027796
2007-12-10 14:16:00,5.8780,5.8870,5.8660,5.8790,742700
2007-12-10 14:15:00,5.8800,5.8870,5.8640,5.8750,1139824
2007-12-10 14:14:00,5.8800,5.8880,5.8670,5.8790,501508
2007-12-10 14:13:00,5.8780,5.8860,5.8650,5.8780,799932
2007-12-10 14:12:00,5.8770,5.8870,5.8650,5.8760,1208928
2007-12-10 14:11:00,5.8810,5.8880,5.8640,5.8750,1231188
2007-12-10 14:10:00,5.8870,5.8950,5.8700,5.8800,1749356
2007-12-10 14:09:00,5.8820,5.8930,5.8690,5.8840,1190952
2007-12-10 14:08:00,5.8820,5.8900,5.8650,5.8780,1613948
2007-12-10 14:07:00,5.8850,5.8940,5.8710,5.8800,2127972
2007-12-10 14:06:00,5.8750,5.8950,5.8630,5.8830,3187324
2007-12-10 14:05:00,5.8780,5.8850,5.8620,5.8730,1987076
2007-12-10 14:04:00,5.8840,5.8900,5.8660,5.8760,2124472
2007-12-10 14:03:00,5.8710,5.8910,5.8580,5.8820,2940224
2007-12-10 14:02:00,5.8780,5.8840,5.8580,5.8690,2876384
2007-12-10 14:01:00,5.8820,5.8880,5.8640,5.8750,2414972
2007-12-10 14:00:00,5.8850,5.8920,5.8690,5.8790,3604552
2007-12-10 13:59:00,5.8840,5.8920,5.8720,5.8840,2591904
2007-12-10 13:58:00,5.8990,5.9060,5.8720,5.8820,5358192
2007-12-10 13:57:00,5.9040,5.9110,5.8870,5.8970,1631252
2007-12-10 13:56:00,5.9030,5.9130,5.8900,5.9010,1141784
2007-12-10 13:55:00,5.9030,5.9130,5.8920,5.9010,1069768
2007-12-10 13:54:00,5.9050,5.9110,5.8900,5.9010,844676
2007-12-10 13:53:00,5.9040,5.9140,5.8910,5.9020,1372504
2007-12-10 13:52:00,5.9020,5.9130,5.8890,5.9010,1452584
2007-12-10 13:51:00,5.9050,5.9120,5.8890,5.9000,1860096
2007-12-10 13:50:00,5.9100,5.9170,5.8940,5.9030,677320
2007-12-10 13:49:00,5.9140,5.9210,5.8980,5.9080,497840
2007-12-10 13:48:00,5.9110,5.9230,5.9000,5.9120,2656808
2007-12-10 13:47:00,5.9090,5.9180,5.8970,5.9100,679056
2007-12-10 13:46:00,5.9070,5.9190,5.8930,5.9060,1337028
2007-12-10 13:45:00,5.9120,5.9180,5.8950,5.9050,1414476
2007-12-10 13:44:00,5.9150,5.9230,5.9000,5.9110,865228
2007-12-10 13:43:00,5.9170,5.9240,5.9030,5.9130,1341984
2007-12-10 13:42:00,5.9150,5.9240,5.9030,5.9140,741300
2007-12-10 13:41:00,5.9140,5.9220,5.9020,5.9130,578704
2007-12-10 13:40:00,5.9150,5.9210,5.9000,5.9120,564788
2007-12-10 13:39:00,5.9120,5.9210,5.9000,5.9130,771624
2007-12-10 13:38:00,5.9100,5.9190,5.8980,5.9100,454580
2007-12-10 13:37:00,5.9110,5.9170,5.8970,5.9070,391440
2007-12-10 13:36:00,5.9110,5.9190,5.8980,5.9090,1030036
2007-12-10 13:35:00,5.9090,5.9180,5.8970,5.9080,657440
2007-12-10 13:34:00,5.9100,5.9170,5.8930,5.9070,831264
2007-12-10 13:33:00,5.9060,5.9160,5.8930,5.9070,714728
2007-12-10 13:32:00,5.9040,5.9130,5.8890,5.9040,1015476
2007-12-10 13:31:00,5.9060,5.9120,5.8920,5.9010,714000
2007-12-10 13:30:00,5.9080,5.9150,5.8910,5.9030,1238132
2007-12-10 13:29:00,5.9060,5.9140,5.8910,5.9050,1465408
2007-12-10 13:28:00,5.9070,5.9150,5.8940,5.9040,639520
2007-12-10 13:27:00,5.9130,5.9200,5.8950,5.9050,1538376
2007-12-10 13:26:00,5.9110,5.9190,5.8980,5.9110,463344
2007-12-10 13:25:00,5.9120,5.9180,5.8980,5.9090,1000888
2007-12-10 13:24:00,5.9160,5.9220,5.9000,5.9090,824684
2007-12-10 13:23:00,5.9180,5.9240,5.9040,5.9140,887096
2007-12-10 13:22:00,5.9180,5.9260,5.9050,5.9150,1143940
2007-12-10 13:21:00,5.9210,5.9280,5.9060,5.9150,1170568
2007-12-10 13:20:00,5.9190,5.9270,5.9060,5.9190,1154552
2007-12-10 13:19:00,5.9160,5.9260,5.9040,5.9170,2045652
2007-12-10 13:18:00,5.9120,5.9240,5.9000,5.9130,850220
2007-12-10 13:17:00,5.9120,5.9180,5.8990,5.9090,478912
2007-12-10 13:16:00,5.9150,5.9220,5.9010,5.9110,791392
2007-12-10 13:15:00,5.9100,5.9220,5.8970,5.9120,1283800
2007-12-10 13:14:00,5.9100,5.9160,5.8970,5.9070,420308
2007-12-10 13:13:00,5.9090,5.9170,5.8960,5.9070,1092896
2007-12-10 13:12:00,5.9070,5.9150,5.8950,5.9070,706384
2007-12-10 13:11:00,5.9030,5.9130,5.8910,5.9050,588140
2007-12-10 13:10:00,5.9030,5.9100,5.8900,5.9010,741300
2007-12-10 13:09:00,5.9020,5.9130,5.8910,5.9010,835520
2007-12-10 13:08:00,5.9010,5.9090,5.8880,5.9000,1483244
2007-12-10 13:07:00,5.9040,5.9120,5.8880,5.8980,1259104
2007-12-10 13:06:00,5.9080,5.9150,5.8930,5.9030,308280
2007-12-10 13:05:00,5.9090,5.9150,5.8950,5.9060,592536
2007-12-10 13:04:00,5.9050,5.9160,5.8940,5.9060,729400
2007-12-10 13:03:00,5.9080,5.9140,5.8920,5.9030,966924
2007-12-10 13:02:00,5.9080,5.9140,5.8920,5.9050,1762516
2007-12-10 13:01:00,5.9030,5.9140,5.8900,5.9060,1011836
2007-12-10 13:00:00,5.9000,5.9130,5.8890,5.9000,1430632
2007-12-10 12:59:00,5.8980,5.9070,5.8860,5.8980,1195124
2007-12-10 12:58:00,5.9060,5.9130,5.8810,5.8950,4080496
2007-12-10 12:57:00,5.9120,5.9190,5.8940,5.9040,1475320
2007-12-10 12:56:00,5.9130,5.9190,5.9000,5.9100,2721292
2007-12-10 12:55:00,5.9150,5.9220,5.9010,5.9110,883316
2007-12-10 12:54:00,5.9130,5.9210,5.9020,5.9120,597072
2007-12-10 12:53:00,5.9160,5.9220,5.9000,5.9110,1844108
2007-12-10 12:52:00,5.9190,5.9250,5.9040,5.9140,540036
2007-12-10 12:51:00,5.9190,5.9260,5.9060,5.9170,519792
2007-12-10 12:50:00,5.9190,5.9270,5.9050,5.9180,860524
2007-12-10 12:49:00,5.9180,5.9250,5.9060,5.9160,373884
2007-12-10 12:48:00,5.9200,5.9260,5.9060,5.9160,815388
2007-12-10 12:47:00,5.9210,5.9270,5.9070,5.9180,783608
2007-12-10 12:46:00,5.9180,5.9280,5.9060,5.9190,653324
2007-12-10 12:45:00,5.9180,5.9260,5.9060,5.9160,525952
2007-12-10 12:44:00,5.9190,5.9250,5.9060,5.9170,1462440
2007-12-10 12:43:00,5.9180,5.9250,5.9060,5.9160,218904
2007-12-10 12:42:00,5.9180,5.9260,5.9060,5.9160,702828
2007-12-10 12:41:00,5.9190,5.9260,5.9060,5.9150,877884
2007-12-10 12:40:00,5.9170,5.9250,5.9040,5.9170,1301440
2007-12-10 12:39:00,5.9150,5.9230,5.9040,5.9140,890988
2007-12-10 12:38:00,5.9170,5.9230,5.9040,5.9140,490672
2007-12-10 12:37:00,5.9150,5.9230,5.9030,5.9150,838600
2007-12-10 12:36:00,5.9130,5.9220,5.9020,5.9140,831852
2007-12-10 12:35:00,5.9130,5.9200,5.9000,5.9110,1433432
2007-12-10 12:34:00,5.9140,5.9210,5.9010,5.9110,794220
2007-12-10 12:33:00,5.9150,5.9210,5.9010,5.9110,1201004
2007-12-10 12:32:00,5.9150,5.9220,5.9030,5.9130,847168
2007-12-10 12:31:00,5.9170,5.9230,5.9040,5.9130,575092
2007-12-10 12:30:00,5.9180,5.9250,5.9040,5.9140,808136
2007-12-10 12:29:00,5.9230,5.9290,5.9060,5.9160,661416
2007-12-10 12:28:00,5.9220,5.9310,5.9100,5.9210,1302364
2007-12-10 12:27:00,5.9180,5.9290,5.9070,5.9200,1804852
2007-12-10 12:26:00,5.9150,5.9240,5.9030,5.9150,973896
2007-12-10 12:25:00,5.9130,5.9210,5.9000,5.9120,1058652
2007-12-10 12:24:00,5.9160,5.9230,5.9010,5.9110,1651524
2007-12-10 12:23:00,5.9160,5.9230,5.9040,5.9140,795396
2007-12-10 12:22:00,5.9150,5.9220,5.9040,5.9140,377384
2007-12-10 12:21:00,5.9180,5.9240,5.9040,5.9140,1095668
2007-12-10 12:20:00,5.9190,5.9260,5.9060,5.9160,699524
2007-12-10 12:19:00,5.9190,5.9250,5.9070,5.9160,819224
2007-12-10 12:18:00,5.9210,5.9270,5.9050,5.9170,705320
2007-12-10 12:17:00,5.9180,5.9270,5.9060,5.9180,946064
2007-12-10 12:16:00,5.9160,5.9260,5.9030,5.9160,978404
2007-12-10 12:15:00,5.9170,5.9230,5.9030,5.9140,738724
2007-12-10 12:14:00,5.9170,5.9250,5.9050,5.9140,696780
2007-12-10 12:13:00,5.9160,5.9240,5.9040,5.9140,836528
2007-12-10 12:12:00,5.9150,5.9230,5.9020,5.9120,773472
2007-12-10 12:11:00,5.9180,5.9250,5.8980,5.9120,2281552
2007-12-10 12:10:00,5.9200,5.9280,5.9040,5.9160,2182880
2007-12-10 12:09:00,5.9220,5.9280,5.9080,5.9170,560252
2007-12-10 12:08:00,5.9200,5.9290,5.9080,5.9200,1326640
2007-12-10 12:07:00,5.9160,5.9270,5.9040,5.9170,1728804
2007-12-10 12:06:00,5.9180,5.9250,5.9050,5.9140,953484
2007-12-10 12:05:00,5.9180,5.9260,5.9050,5.9160,1441020
2007-12-10 12:04:00,5.9220,5.9290,5.9050,5.9160,2354856
2007-12-10 12:03:00,5.9250,5.9310,5.9110,5.9200,1293264
2007-12-10 12:02:00,5.9300,5.9370,5.9130,5.9220,1836184
2007-12-10 12:01:00,5.9270,5.9360,5.9150,5.9270,1767668
2007-12-10 12:00:00,5.9250,5.9340,5.9130,5.9250,1392020
2007-12-10 11:59:00,5.9320,5.9390,5.9110,5.9230,2890216
2007-12-10 11:58:00,5.9270,5.9380,5.9150,5.9290,2845836
2007-12-10 11:57:00,5.9210,5.9340,5.9090,5.9250,2058280
2007-12-10 11:56:00,5.9210,5.9300,5.9090,5.9190,2875628
2007-12-10 11:55:00,5.9180,5.9280,5.9040,5.9190,2168320
2007-12-10 11:54:00,5.9140,5.9270,5.9010,5.9140,3695300
2007-12-10 11:53:00,5.9060,5.9250,5.8940,5.9110,8588020
2007-12-10 11:52:00,5.9030,5.9140,5.8910,5.9040,1023540
2007-12-10 11:51:00,5.9010,5.9100,5.8890,5.9010,1156596
2007-12-10 11:50:00,5.9080,5.9140,5.8870,5.9000,2147544
2007-12-10 11:49:00,5.9090,5.9170,5.8950,5.9050,1443820
2007-12-10 11:48:00,5.9110,5.9180,5.8960,5.9060,1789144
2007-12-10 11:47:00,5.9080,5.9180,5.8960,5.9080,2958760
2007-12-10 11:46:00,5.9060,5.9150,5.8930,5.9060,2734788
2007-12-10 11:45:00,5.9050,5.9150,5.8930,5.9040,1885772
2007-12-10 11:44:00,5.9050,5.9130,5.8920,5.9020,1281280
2007-12-10 11:43:00,5.9080,5.9140,5.8930,5.9020,1348088
2007-12-10 11:42:00,5.9050,5.9160,5.8920,5.9060,2732632
2007-12-10 11:41:00,5.9060,5.9130,5.8860,5.9030,2299556
2007-12-10 11:40:00,5.9050,5.9150,5.8930,5.9040,3020892
2007-12-10 11:39:00,5.9010,5.9110,5.8870,5.9010,2122260
2007-12-10 11:38:00,5.8970,5.9070,5.8860,5.8980,1093848
2007-12-10 11:37:00,5.9010,5.9080,5.8860,5.8950,2183580
2007-12-10 11:36:00,5.8920,5.9080,5.8810,5.8990,4054680
2007-12-10 11:35:00,5.8890,5.9000,5.8780,5.8900,1757868
2007-12-10 11:34:00,5.8880,5.8960,5.8730,5.8870,855876
2007-12-10 11:33:00,5.8860,5.8940,5.8730,5.8860,1315216
2007-12-10 11:32:00,5.8860,5.8920,5.8720,5.8830,989436
2007-12-10 11:31:00,5.8850,5.8930,5.8730,5.8840,1316532
2007-12-10 11:30:00,5.8840,5.8910,5.8710,5.8820,371560
2007-12-10 11:29:00,5.8790,5.8900,5.8680,5.8810,1237656
2007-12-10 11:28:00,5.8810,5.8880,5.8680,5.8770,1104320
2007-12-10 11:27:00,5.8840,5.8910,5.8700,5.8790,403312
2007-12-10 11:26:00,5.8850,5.8930,5.8700,5.8820,752780
2007-12-10 11:25:00,5.8820,5.8920,5.8700,5.8830,2491748
2007-12-10 11:24:00,5.8770,5.8880,5.8620,5.8800,2517424
2007-12-10 11:23:00,5.8790,5.8860,5.8620,5.8750,1903356
2007-12-10 11:22:00,5.8790,5.8860,5.8670,5.8770,671720
2007-12-10 11:21:00,5.8780,5.8880,5.8650,5.8780,1055404
2007-12-10 11:20:00,5.8810,5.8910,5.8650,5.8750,2065000
2007-12-10 11:19:00,5.8860,5.8950,5.8690,5.8780,1090992
2007-12-10 11:18:00,5.8880,5.8960,5.8750,5.8850,1077496
2007-12-10 11:17:00,5.8800,5.8930,5.8680,5.8850,960624
2007-12-10 11:16:00,5.8810,5.8870,5.8680,5.8780,562100
2007-12-10 11:15:00,5.8830,5.8890,5.8680,5.8780,567924
2007-12-10 11:14:00,5.8830,5.8940,5.8720,5.8820,1675128
2007-12-10 11:13:00,5.8810,5.8900,5.8690,5.8820,1032724
2007-12-10 11:12:00,5.8800,5.8880,5.8690,5.8790,834624
2007-12-10 11:11:00,5.8780,5.8870,5.8660,5.8780,882700
2007-12-10 11:10:00,5.8770,5.8870,5.8660,5.8760,606424
2007-12-10 11:09:00,5.8770,5.8850,5.8650,5.8750,1941912
2007-12-10 11:08:00,5.8790,5.8860,5.8660,5.8750,978600
2007-12-10 11:07:00,5.8790,5.8890,5.8670,5.8770,2211972
2007-12-10 11:06:00,5.8850,5.8910,5.8670,5.8770,2147124
2007-12-10 11:05:00,5.8870,5.8940,5.8730,5.8830,1281140
2007-12-10 11:04:00,5.8870,5.8940,5.8730,5.8850,904764
2007-12-10 11:03:00,5.8870,5.8940,5.8720,5.8850,1518916
2007-12-10 11:02:00,5.8890,5.8960,5.8760,5.8850,664496
2007-12-10 11:01:00,5.8900,5.8980,5.8760,5.8870,975128
2007-12-10 11:00:00,5.8910,5.8990,5.8760,5.8880,2021712
2007-12-10 10:59:00,5.8880,5.8970,5.8730,5.8880,1215676
2007-12-10 10:58:00,5.8880,5.8960,5.8730,5.8860,1082872
2007-12-10 10:57:00,5.8870,5.8940,5.8750,5.8860,779408
2007-12-10 10:56:00,5.8890,5.8950,5.8700,5.8850,1638028
2007-12-10 10:55:00,5.8860,5.8960,5.8750,5.8870,1665916
2007-12-10 10:54:00,5.8820,5.8920,5.8710,5.8840,1297212
2007-12-10 10:53:00,5.8810,5.8880,5.8700,5.8800,701568
2007-12-10 10:52:00,5.8790,5.8880,5.8670,5.8790,797916
2007-12-10 10:51:00,5.8790,5.8870,5.8670,5.8770,748692
2007-12-10 10:50:00,5.8820,5.8900,5.8670,5.8760,1333612
2007-12-10 10:49:00,5.8830,5.8900,5.8670,5.8810,1351896
2007-12-10 10:48:00,5.8830,5.8920,5.8710,5.8810,1325688
2007-12-10 10:47:00,5.8890,5.8950,5.8720,5.8810,1802752
2007-12-10 10:46:00,5.8830,5.8960,5.8710,5.8870,1499092
2007-12-10 10:45:00,5.8810,5.8900,5.8680,5.8810,1318352
2007-12-10 10:44:00,5.8890,5.8950,5.8700,5.8790,2099804
2007-12-10 10:43:00,5.8900,5.8990,5.8750,5.8870,2484384
2007-12-10 10:42:00,5.8880,5.8990,5.8750,5.8880,2589720
2007-12-10 10:41:00,5.8820,5.8990,5.8710,5.8870,5261788
2007-12-10 10:40:00,5.8780,5.8880,5.8570,5.8800,1304688
2007-12-10 10:39:00,5.8820,5.8880,5.8670,5.8770,1363460
2007-12-10 10:38:00,5.8790,5.8880,5.8670,5.8800,3300192
2007-12-10 10:37:00,5.8770,5.8870,5.8660,5.8760,2339680
2007-12-10 10:36:00,5.8720,5.8830,5.8600,5.8750,1440796
2007-12-10 10:35:00,5.8760,5.8840,5.8610,5.8700,1501528
2007-12-10 10:34:00,5.8760,5.8850,5.8640,5.8750,1602580
2007-12-10 10:33:00,5.8770,5.8850,5.8620,5.8740,1983184
2007-12-10 10:32:00,5.8710,5.8850,5.8570,5.8740,3459708
2007-12-10 10:31:00,5.8630,5.8780,5.8520,5.8690,2289336
2007-12-10 10:30:00,5.8610,5.8710,5.8490,5.8610,2013284
2007-12-10 10:29:00,5.8560,5.8690,5.8440,5.8590,1844948
2007-12-10 10:28:00,5.8500,5.8630,5.8380,5.8540,2604560
2007-12-10 10:27:00,5.8550,5.8680,5.8380,5.8470,3639832
2007-12-10 10:26:00,5.8590,5.8690,5.8430,5.8520,2687160
2007-12-10 10:25:00,5.8600,5.8700,5.8470,5.8570,1686608
2007-12-10 10:24:00,5.8600,5.8700,5.8440,5.8580,2136344
2007-12-10 10:23:00,5.8600,5.8690,5.8460,5.8580,2375520
2007-12-10 10:22:00,5.8590,5.8710,5.8470,5.8580,1613052
2007-12-10 10:21:00,5.8640,5.8720,5.8450,5.8570,2126012
2007-12-10 10:20:00,5.8550,5.8750,5.8430,5.8620,3792964
2007-12-10 10:19:00,5.8660,5.8720,5.8410,5.8530,5277356
2007-12-10 10:18:00,5.8730,5.8790,5.8540,5.8640,2857736
2007-12-10 10:17:00,5.8680,5.8840,5.8560,5.8710,5421192
2007-12-10 10:16:00,5.8720,5.8800,5.8560,5.8660,1525020
2007-12-10 10:15:00,5.8730,5.8810,5.8570,5.8700,1719928
2007-12-10 10:14:00,5.8600,5.8780,5.8470,5.8700,2168712
2007-12-10 10:13:00,5.8660,5.8720,5.8480,5.8570,3353728
2007-12-10 10:12:00,5.8680,5.8780,5.8530,5.8640,3235988
2007-12-10 10:11:00,5.8780,5.8840,5.8540,5.8660,3328304
2007-12-10 10:10:00,5.8820,5.8880,5.8650,5.8750,2163364
2007-12-10 10:09:00,5.8760,5.8880,5.8630,5.8800,2585772
2007-12-10 10:08:00,5.8760,5.8840,5.8640,5.8740,1274532
2007-12-10 10:07:00,5.8760,5.8850,5.8630,5.8740,1788108
2007-12-10 10:06:00,5.8780,5.8860,5.8640,5.8740,1853040
2007-12-10 10:05:00,5.8810,5.8900,5.8670,5.8770,3249540
2007-12-10 10:04:00,5.8740,5.8880,5.8600,5.8770,3392872
2007-12-10 10:03:00,5.8600,5.8800,5.8480,5.8720,2677948
2007-12-10 10:02:00,5.8680,5.8760,5.8480,5.8580,3303132
2007-12-10 10:01:00,5.8730,5.8800,5.8530,5.8670,3834124
2007-12-10 10:00:00,5.8680,5.8860,5.8550,5.8710,3323516
2007-12-10 09:59:00,5.8760,5.8840,5.8550,5.8640,4057116
2007-12-10 09:58:00,5.8830,5.8900,5.8640,5.8740,4015340
2007-12-10 09:57:00,5.8830,5.8950,5.8710,5.8820,2285920
2007-12-10 09:56:00,5.8800,5.8900,5.8680,5.8810,1895404
2007-12-10 09:55:00,5.8780,5.8890,5.8640,5.8780,2709336
2007-12-10 09:54:00,5.8830,5.8950,5.8670,5.8760,2934540
2007-12-10 09:53:00,5.8900,5.8970,5.8680,5.8800,2321620
2007-12-10 09:52:00,5.8890,5.8980,5.8730,5.8880,1492540
2007-12-10 09:51:00,5.8820,5.8960,5.8690,5.8880,2370032
2007-12-10 09:50:00,5.8910,5.8970,5.8670,5.8800,3406312
2007-12-10 09:49:00,5.8890,5.9000,5.8760,5.8880,2724008
2007-12-10 09:48:00,5.8860,5.8980,5.8730,5.8860,2505216
2007-12-10 09:47:00,5.8900,5.9030,5.8700,5.8840,4425428
2007-12-10 09:46:00,5.8930,5.9040,5.8780,5.8880,3708936
2007-12-10 09:45:00,5.9020,5.9100,5.8800,5.8910,5209960
2007-12-10 09:44:00,5.9090,5.9170,5.8890,5.9000,4178300
2007-12-10 09:43:00,5.8990,5.9180,5.8820,5.9070,7118272
2007-12-10 09:42:00,5.8890,5.9090,5.8780,5.8970,5626376
2007-12-10 09:41:00,5.8980,5.9040,5.8730,5.8870,5447036
2007-12-10 09:40:00,5.8770,5.9040,5.8630,5.8950,7839104
2007-12-10 09:39:00,5.8680,5.8830,5.8510,5.8750,3310524
2007-12-10 09:38:00,5.8760,5.8850,5.8520,5.8660,4768176
2007-12-10 09:37:00,5.8700,5.8900,5.8560,5.8740,5043052
2007-12-10 09:36:00,5.8670,5.8800,5.8490,5.8680,3730244
2007-12-10 09:35:00,5.8770,5.8830,5.8530,5.8640,4950456
2007-12-10 09:34:00,5.8830,5.8910,5.8600,5.8740,6088124
2007-12-10 09:33:00,5.8660,5.8900,5.8530,5.8800,6217484
2007-12-10 09:32:00,5.8660,5.8760,5.8470,5.8630,4947236
2007-12-10 09:31:00,5.8540,5.8760,5.8370,5.8630,5591628
2007-12-10 09:30:00,5.8700,5.8760,5.8310,5.8510,12634552
2007-12-10 09:29:00,5.8700,5.8790,5.8550,5.8670,166600
2007-12-10 09:28:00,5.8610,5.8800,5.8500,5.8680,856940
2007-12-10 09:27:00,5.8600,5.8670,5.8480,5.8570,63840
2007-12-10 09:26:00,5.8640,5.8700,5.8490,5.8580,76020
2007-12-10 09:25:00,5.8620,5.8700,5.8500,5.8620,201124
2007-12-10 09:24:00,5.8580,5.8690,5.8470,5.8590,93380
2007-12-10 09:23:00,5.8560,5.8620,5.8440,5.8530,41076
2007-12-10 09:21:00,5.8600,5.8660,5.8450,5.8550,51436
2007-12-10 09:20:00,5.8640,5.8700,5.8490,5.8580,33600
2007-12-10 09:19:00,5.8640,5.8700,5.8500,5.8600,14000
2007-12-10 09:18:00,5.8620,5.8700,5.8500,5.8610,97972
2007-12-10 09:17:00,5.8560,5.8670,5.8440,5.8590,150920
2007-12-10 09:16:00,5.8550,5.8620,5.8430,5.8520,25200
2007-12-10 09:15:00,5.8550,5.8630,5.8440,5.8540,12404
2007-12-10 09:14:00,5.8530,5.8610,5.8410,5.8530,97860
2007-12-10 09:13:00,5.8570,5.8630,5.8410,5.8510,344400
2007-12-10 09:12:00,5.8550,5.8620,5.8410,5.8510,200312
2007-12-10 09:11:00,5.8480,5.8610,5.8370,5.8510,192164
2007-12-10 09:10:00,5.8480,5.8540,5.8330,5.8450,118300
2007-12-10 09:09:00,5.8460,5.8540,5.8350,5.8460,121688
2007-12-10 09:08:00,5.8500,5.8560,5.8330,5.8440,467656
2007-12-10 09:07:00,5.8510,5.8610,5.8380,5.8480,232400
2007-12-10 09:06:00,5.8570,5.8640,5.8380,5.8500,408324
2007-12-10 09:05:00,5.8580,5.8640,5.8430,5.8540,99400
2007-12-10 09:04:00,5.8570,5.8630,5.8440,5.8540,31780
2007-12-10 09:02:00,5.8580,5.8650,5.8440,5.8540,42000
2007-12-10 09:01:00,5.8580,5.8640,5.8450,5.8540,11200
2007-12-10 09:00:00,5.8590,5.8660,5.8470,5.8560,11200
2007-12-10 08:59:00,5.8600,5.8680,5.8440,5.8540,117656
2007-12-10 08:58:00,5.8580,5.8670,5.8470,5.8590,20496
2007-12-10 08:57:00,5.8580,5.8640,5.8420,5.8560,165340
2007-12-10 08:56:00,5.8550,5.8640,5.8410,5.8560,287420
2007-12-10 08:55:00,5.8560,5.8640,5.8450,5.8540,101220
2007-12-10 08:54:00,5.8550,5.8630,5.8410,5.8500,195160
2007-12-10 08:53:00,5.8580,5.8670,5.8410,5.8530,163380
2007-12-10 08:52:00,5.8580,5.8660,5.8410,5.8560,325640
2007-12-10 08:51:00,5.8640,5.8730,5.8440,5.8570,226296
2007-12-10 08:50:00,5.8660,5.8720,5.8480,5.8640,218792
2007-12-10 08:49:00,5.8600,5.8700,5.8440,5.8620,99400
2007-12-10 08:48:00,5.8620,5.8730,5.8430,5.8610,249704
2007-12-10 08:47:00,5.8780,5.8840,5.8440,5.8540,425768
2007-12-10 08:46:00,5.8770,5.8840,5.8660,5.8760,50400
2007-12-10 08:45:00,5.8770,5.8830,5.8650,5.8740,59444
2007-12-10 08:44:00,5.8770,5.8830,5.8640,5.8750,165200
2007-12-10 08:43:00,5.8770,5.8830,5.8650,5.8740,108640
2007-12-10 08:41:00,5.8780,5.8850,5.8670,5.8770,29904
2007-12-10 08:40:00,5.8800,5.8860,5.8680,5.8770,81032
2007-12-10 08:39:00,5.8810,5.8880,5.8690,5.8780,120400
2007-12-10 08:38:00,5.8810,5.8880,5.8690,5.8780,42700
2007-12-10 08:37:00,5.8790,5.8860,5.8650,5.8770,76776
2007-12-10 08:36:00,5.8810,5.8880,5.8680,5.8790,36400
2007-12-10 08:35:00,5.8850,5.8900,5.8700,5.8790,578200
2007-12-10 08:34:00,5.8830,5.8910,5.8700,5.8800,85736
2007-12-10 08:33:00,5.8830,5.8900,5.8720,5.8810,70420
2007-12-10 08:32:00,5.8840,5.8900,5.8720,5.8810,119700
2007-12-10 08:31:00,5.8840,5.8900,5.8710,5.8820,120400
2007-12-10 08:30:00,5.8820,5.8880,5.8700,5.8800,39200
2007-12-10 08:29:00,5.8830,5.8890,5.8710,5.8800,140000
2007-12-10 08:28:00,5.8820,5.8880,5.8700,5.8790,30268
2007-12-10 08:27:00,5.8840,5.8910,5.8710,5.8800,53256
2007-12-10 08:26:00,5.8810,5.8890,5.8700,5.8810,88060
2007-12-10 08:25:00,5.8810,5.8890,5.8700,5.8800,76524
2007-12-10 08:24:00,5.8800,5.8870,5.8680,5.8790,59388
2007-12-10 08:23:00,5.8770,5.8840,5.8660,5.8760,9296
2007-12-10 08:22:00,5.8740,5.8820,5.8620,5.8740,81256
2007-12-10 08:21:00,5.8720,5.8780,5.8600,5.8700,14000
2007-12-10 08:20:00,5.8670,5.8780,5.8560,5.8690,45304
2007-12-10 08:19:00,5.8670,5.8730,5.8550,5.8650,16940
2007-12-10 08:18:00,5.8660,5.8720,5.8540,5.8640,30800
2007-12-10 08:17:00,5.8730,5.8790,5.8540,5.8640,204960
2007-12-10 08:16:00,5.8720,5.8780,5.8590,5.8700,59220
2007-12-10 08:15:00,5.8730,5.8790,5.8600,5.8700,14000
2007-12-10 08:14:00,5.8750,5.8810,5.8580,5.8670,27524
2007-12-10 08:13:00,5.8760,5.8820,5.8590,5.8710,58492
2007-12-10 08:12:00,5.8780,5.8840,5.8650,5.8740,154084
2007-12-10 08:11:00,5.8790,5.8850,5.8670,5.8770,33320
2007-12-10 08:10:00,5.8820,5.8880,5.8680,5.8790,35420
2007-12-10 08:09:00,5.8820,5.8890,5.8710,5.8800,50400
2007-12-10 08:08:00,5.8850,5.8920,5.8700,5.8800,167524
2007-12-10 08:07:00,5.8820,5.8940,5.8680,5.8840,446152
2007-12-10 08:06:00,5.8820,5.8880,5.8680,5.8770,79800
2007-12-10 08:05:00,5.8780,5.8880,5.8650,5.8800,32340
2007-12-10 08:04:00,5.8830,5.8900,5.8580,5.8730,178472
2007-12-10 08:03:00,5.8900,5.8970,5.8710,5.8800,197288
2007-12-10 08:02:00,5.8980,5.9040,5.8770,5.8870,227500
2007-12-10 08:01:00,5.8990,5.9050,5.8830,5.8970,99344
2007-12-10 08:00:00,5.9010,5.9100,5.8810,5.8980,308896
2007-12-10 07:59:00,5.9000,5.9070,5.8890,5.8980,39200
2007-12-10 07:58:00,5.8980,5.9040,5.8860,5.8960,8400
2007-12-10 07:57:00,5.8980,5.9040,5.8830,5.8920,25200
2007-12-10 07:56:00,5.8950,5.9020,5.8830,5.8940,50400
2007-12-10 07:55:00,5.8900,5.9000,5.8790,5.8920,36400
2007-12-10 07:52:00,5.8900,5.8960,5.8770,5.8880,56000
2007-12-10 07:51:00,5.8900,5.8960,5.8790,5.8880,14700
2007-12-10 07:49:00,5.8900,5.8960,5.8790,5.8880,10052
2007-12-10 07:48:00,5.8880,5.8960,5.8770,5.8880,47600
2007-12-10 07:47:00,5.8880,5.8940,5.8770,5.8860,22400
2007-12-10 07:34:00,5.8820,5.8880,5.8710,5.8800,4872
2007-12-10 07:33:00,5.8900,5.8960,5.8790,5.8880,11200
2007-12-10 07:30:00,5.8820,5.8880,5.8710,5.8800,44072
2007-12-10 07:27:00,5.8820,5.8880,5.8710,5.8800,2800
2007-12-10 07:22:00,5.8900,5.8960,5.8790,5.8880,3920
2007-12-10 07:21:00,5.8900,5.8960,5.8790,5.8880,5600
2007-12-10 07:14:00,5.8880,5.8940,5.8770,5.8860,28000
2007-12-10 07:09:00,5.8840,5.8900,5.8730,5.8820,25200
2007-12-10 07:07:00,5.8740,5.8800,5.8630,5.8720,14000
2007-12-10 07:05:00,5.8870,5.8930,5.8710,5.8830,56000
2007-12-10 07:03:00,5.8990,5.9050,5.8760,5.8850,30800
2007-12-10 07:02:00,5.8990,5.9050,5.8880,5.8970,14000
2007-12-10 07:01:00,5.8990,5.9050,5.8880,5.8970,28000
2007-12-10 06:43:00,5.9050,5.9110,5.8940,5.9030,2800
2007-12-10 06:38:00,5.9050,5.9150,5.8940,5.9030,25200
2007-12-10 06:37:00,5.8980,5.9040,5.8870,5.8960,11200
2007-12-10 05:44:00,5.8750,5.8810,5.8560,5.8650,5600
2007-12-10 05:39:00,5.8930,5.8990,5.8810,5.8910,2800
2007-12-10 05:26:00,5.8880,5.8960,5.8760,5.8880,52444
2007-12-07 19:59:00,5.8900,5.8960,5.8750,5.8840,30100
2007-12-07 19:57:00,5.8880,5.8940,5.8770,5.8860,2800
2007-12-07 19:56:00,5.8860,5.8930,5.8750,5.8850,35000
2007-12-07 19:51:00,5.8870,5.8930,5.8760,5.8850,4200
2007-12-07 19:50:00,5.8870,5.8930,5.8760,5.8850,5600
2007-12-07 19:47:00,5.8880,5.8940,5.8760,5.8850,8008
2007-12-07 19:46:00,5.8870,5.8930,5.8760,5.8850,10836
2007-12-07 19:42:00,5.8860,5.8920,5.8750,5.8840,2800
2007-12-07 19:35:00,5.8900,5.8960,5.8790,5.8880,2800
2007-12-07 19:30:00,5.8880,5.8940,5.8750,5.8840,13328
2007-12-07 19:28:00,5.8900,5.8960,5.8790,5.8880,11200
2007-12-07 19:24:00,5.8900,5.8960,5.8790,5.8880,9604
2007-12-07 19:20:00,5.8900,5.8960,5.8790,5.8880,4032
2007-12-07 19:19:00,5.8900,5.8960,5.8790,5.8880,4368
2007-12-07 19:18:00,5.8880,5.8940,5.8770,5.8860,20860
2007-12-07 19:12:00,5.8890,5.8950,5.8770,5.8870,3472
2007-12-07 19:00:00,5.8900,5.8970,5.8790,5.8890,14000
2007-12-07 18:55:00,5.8900,5.8960,5.8780,5.8870,10920
2007-12-07 18:53:00,5.8920,5.8980,5.8800,5.8900,2800
2007-12-07 18:52:00,5.8920,5.8970,5.8800,5.8890,27440
2007-12-07 18:48:00,5.8910,5.8970,5.8780,5.8890,8400
2007-12-07 18:47:00,5.8910,5.8970,5.8800,5.8890,11200
2007-12-07 18:43:00,5.8900,5.8960,5.8790,5.8880,5600
2007-12-07 18:42:00,5.8920,5.8980,5.8810,5.8900,22876
2007-12-07 18:40:00,5.8920,5.8980,5.8810,5.8900,2800
2007-12-07 18:39:00,5.8920,5.8980,5.8810,5.8900,5600
2007-12-07 18:38:00,5.8920,5.8970,5.8800,5.8890,36848
2007-12-07 18:37:00,5.8920,5.8970,5.8800,5.8890,33152
2007-12-07 18:36:00,5.8920,5.8970,5.8800,5.8890,5600
2007-12-07 18:31:00,5.8920,5.8970,5.8800,5.8890,11200
2007-12-07 18:29:00,5.8920,5.8970,5.8800,5.8890,18564
2007-12-07 18:28:00,5.8920,5.8970,5.8800,5.8890,19600
2007-12-07 18:20:00,5.8890,5.8950,5.8770,5.8870,2800
2007-12-07 18:18:00,5.8890,5.8950,5.8780,5.8870,16240
2007-12-07 18:17:00,5.8910,5.8970,5.8800,5.8890,8400
2007-12-07 18:15:00,5.8920,5.8970,5.8800,5.8890,8400
2007-12-07 18:13:00,5.8920,5.8970,5.8800,5.8890,7196
2007-12-07 18:07:00,5.8920,5.8980,5.8800,5.8890,7336
2007-12-07 18:02:00,5.8920,5.8980,5.8800,5.8900,3192
2007-12-07 18:00:00,5.8920,5.8970,5.8800,5.8890,2800
2007-12-07 17:59:00,5.8920,5.8970,5.8790,5.8880,6664
2007-12-07 17:57:00,5.8920,5.8980,5.8800,5.8890,28280
2007-12-07 17:53:00,5.8900,5.8960,5.8770,5.8860,28476
2007-12-07 17:49:00,5.8920,5.8970,5.8790,5.8880,9660
2007-12-07 17:46:00,5.8910,5.8970,5.8790,5.8880,79380
2007-12-07 17:45:00,5.8910,5.8970,5.8790,5.8880,12600
2007-12-07 17:43:00,5.8920,5.8980,5.8800,5.8900,2800
2007-12-07 17:41:00,5.8930,5.8990,5.8820,5.8910,20076
2007-12-07 17:40:00,5.8930,5.8990,5.8800,5.8900,8400
2007-12-07 17:38:00,5.8930,5.8990,5.8820,5.8910,6300
2007-12-07 17:37:00,5.8930,5.8990,5.8820,5.8910,5600
2007-12-07 17:36:00,5.8920,5.8990,5.8740,5.8910,1116500
2007-12-07 17:35:00,5.8930,5.8990,5.8820,5.8910,9520
2007-12-07 17:31:00,5.8940,5.9000,5.8830,5.8920,9856
2007-12-07 17:29:00,5.8940,5.9000,5.8830,5.8920,5600
2007-12-07 17:27:00,5.8940,5.9000,5.8830,5.8920,2800
2007-12-07 17:26:00,5.8930,5.8990,5.8820,5.8910,2800
2007-12-07 17:25:00,5.8940,5.9000,5.8830,5.8920,7000
2007-12-07 17:24:00,5.8940,5.9000,5.8830,5.8920,2800
2007-12-07 17:23:00,5.8930,5.8990,5.8820,5.8910,2800
2007-12-07 17:22:00,5.8930,5.8990,5.8820,5.8910,3416
2007-12-07 17:20:00,5.8930,5.8990,5.8820,5.8910,15400
2007-12-07 17:19:00,5.8930,5.8990,5.8810,5.8910,42000
2007-12-07 17:16:00,5.8920,5.8980,5.8800,5.8900,21700
2007-12-07 17:14:00,5.8920,5.8970,5.8800,5.8890,28000
2007-12-07 17:13:00,5.8910,5.8970,5.8790,5.8880,2800
2007-12-07 17:11:00,5.8910,5.8970,5.8790,5.8880,44800
2007-12-07 17:10:00,5.8900,5.8970,5.8780,5.8880,47992
2007-12-07 17:09:00,5.8910,5.8970,5.8790,5.8880,12600
2007-12-07 17:07:00,5.8890,5.8950,5.8780,5.8870,8400
2007-12-07 17:05:00,5.8890,5.8950,5.8780,5.8870,5600
2007-12-07 17:04:00,5.8910,5.8970,5.8790,5.8880,3920
2007-12-07 17:03:00,5.8900,5.8960,5.8790,5.8880,25200
2007-12-07 17:01:00,5.8890,5.8950,5.8780,5.8870,28224
2007-12-07 17:00:00,5.8890,5.8950,5.8780,5.8870,7756
2007-12-07 16:59:00,5.8890,5.8950,5.8780,5.8870,4956
2007-12-07 16:55:00,5.8920,5.8970,5.8800,5.8890,85848
2007-12-07 16:54:00,5.8920,5.8970,5.8780,5.8870,918540
2007-12-07 16:53:00,5.8910,5.8970,5.8790,5.8890,17248
2007-12-07 16:52:00,5.8920,5.8970,5.8800,5.8890,8400
2007-12-07 16:51:00,5.8920,5.8970,5.8800,5.8890,250096
2007-12-07 16:50:00,5.8920,5.8970,5.8800,5.8890,126000
2007-12-07 16:49:00,5.8920,5.8970,5.8790,5.8890,31920
2007-12-07 16:48:00,5.8920,5.8970,5.8790,5.8890,134456
2007-12-07 16:47:00,5.8920,5.8970,5.8800,5.8890,296716
2007-12-07 16:46:00,5.8920,5.8970,5.8800,5.8890,420420
2007-12-07 16:45:00,5.8920,5.8970,5.8800,5.8890,249200
2007-12-07 16:44:00,5.8920,5.8970,5.8800,5.8890,151200
2007-12-07 16:43:00,5.8910,5.8970,5.8790,5.8890,1034992
2007-12-07 16:42:00,5.8920,5.8970,5.8800,5.8890,44800
2007-12-07 16:41:00,5.8910,5.8970,5.8790,5.8880,20916
2007-12-07 16:40:00,5.8910,5.8970,5.8800,5.8890,5040
2007-12-07 16:38:00,5.8910,5.8970,5.8800,5.8890,14000
2007-12-07 16:37:00,5.8910,5.8970,5.8800,5.8890,56000
2007-12-07 16:36:00,5.8920,5.8980,5.8800,5.8890,33600
2007-12-07 16:35:00,5.8910,5.8970,5.8790,5.8890,291676
2007-12-07 16:34:00,5.8500,5.8970,5.8390,5.8880,8344
2007-12-07 16:33:00,5.8920,5.8980,5.8800,5.8890,19376
2007-12-07 16:32:00,5.8920,5.8980,5.8810,5.8900,3808
2007-12-07 16:31:00,5.8910,5.8970,5.8790,5.8880,2800
2007-12-07 16:30:00,5.8910,5.8970,5.8790,5.8880,53200
2007-12-07 16:29:00,5.8920,5.8990,5.8800,5.8910,5600
2007-12-07 16:28:00,5.8920,5.8980,5.8790,5.8880,9324
2007-12-07 16:27:00,5.8920,5.8980,5.8800,5.8890,142744
2007-12-07 16:26:00,5.8920,5.9000,5.8810,5.8910,26992
2007-12-07 16:25:00,5.8930,5.8990,5.8810,5.8900,40208
2007-12-07 16:24:00,5.8930,5.8990,5.8820,5.8910,13020
2007-12-07 16:23:00,5.8120,5.9000,5.8010,5.8920,175280
2007-12-07 16:22:00,5.8940,5.9010,5.8820,5.8910,25200
2007-12-07 16:21:00,5.8940,5.9000,5.8820,5.8910,45584
2007-12-07 16:20:00,5.8940,5.9000,5.8820,5.8910,37016
2007-12-07 16:19:00,5.8920,5.8980,5.8810,5.8900,23996
2007-12-07 16:18:00,5.8920,5.8990,5.8810,5.8910,19600
2007-12-07 16:16:00,5.8930,5.8990,5.8810,5.8900,22204
2007-12-07 16:15:00,5.8920,5.9000,5.8800,5.8920,61264
2007-12-07 16:14:00,5.8940,5.9000,5.8820,5.8910,5600
2007-12-07 16:13:00,5.8920,5.9000,5.8800,5.8910,2020620
2007-12-07 16:12:00,5.8940,5.9000,5.8830,5.8920,47600
2007-12-07 16:11:00,5.8120,5.8180,5.8010,5.8100,53200
2007-12-07 16:10:00,5.8940,5.9020,5.8020,5.8920,123872
2007-12-07 16:09:00,5.8920,5.9000,5.8800,5.8910,195356
2007-12-07 16:08:00,5.8920,5.8980,5.8790,5.8890,78680
2007-12-07 16:07:00,5.8920,5.8990,5.8800,5.8900,51800
2007-12-07 16:06:00,5.8920,5.8990,5.8800,5.8910,70644
2007-12-07 16:05:00,5.8930,5.9000,5.8800,5.8890,158200
2007-12-07 16:04:00,5.8920,5.9000,5.8800,5.8900,77280
2007-12-07 16:03:00,5.8930,5.8990,5.8800,5.8890,193536
2007-12-07 16:02:00,5.8910,5.8990,5.8800,5.8900,321160
2007-12-07 16:01:00,5.8910,5.8990,5.8770,5.8890,762076
2007-12-07 16:00:00,5.8900,5.9000,5.8790,5.8890,10584924
2007-12-07 15:59:00,5.8920,5.9000,5.8790,5.8880,9685452
2007-12-07 15:58:00,5.8880,5.8990,5.8740,5.8900,5303312
2007-12-07 15:57:00,5.8880,5.8980,5.8750,5.8860,4264064
2007-12-07 15:56:00,5.8890,5.9010,5.8770,5.8860,6447252
2007-12-07 15:55:00,5.8840,5.8960,5.8710,5.8870,4826556
2007-12-07 15:54:00,5.8760,5.8910,5.8650,5.8820,3965248
2007-12-07 15:53:00,5.8790,5.8860,5.8640,5.8740,4509288
2007-12-07 15:52:00,5.8820,5.8900,5.8670,5.8770,3620120
2007-12-07 15:51:00,5.8830,5.8930,5.8670,5.8800,3312512
2007-12-07 15:50:00,5.8880,5.8980,5.8700,5.8800,6237756
2007-12-07 15:49:00,5.8860,5.8940,5.8710,5.8860,3366804
2007-12-07 15:48:00,5.8830,5.8930,5.8710,5.8840,2953244
2007-12-07 15:47:00,5.8790,5.8900,5.8670,5.8800,3247524
2007-12-07 15:46:00,5.8770,5.8880,5.8650,5.8770,2692200
2007-12-07 15:45:00,5.8700,5.8850,5.8590,5.8750,3261888
2007-12-07 15:44:00,5.8800,5.8870,5.8590,5.8680,4782064
2007-12-07 15:43:00,5.8870,5.8930,5.8650,5.8770,4753896
2007-12-07 15:42:00,5.8850,5.8970,5.8730,5.8840,2994880
2007-12-07 15:41:00,5.8910,5.9000,5.8740,5.8830,3675868
2007-12-07 15:40:00,5.8950,5.9030,5.8780,5.8880,3143812
2007-12-07 15:39:00,5.8920,5.9020,5.8770,5.8940,3257912
2007-12-07 15:38:00,5.8840,5.9000,5.8730,5.8900,3905524
2007-12-07 15:37:00,5.8790,5.8940,5.8670,5.8820,3110940
2007-12-07 15:36:00,5.8860,5.8930,5.8670,5.8770,3012996
2007-12-07 15:35:00,5.8890,5.8990,5.8740,5.8840,4640664
2007-12-07 15:34:00,5.8800,5.8940,5.8670,5.8860,3654168
2007-12-07 15:33:00,5.8810,5.8900,5.8650,5.8780,4035808
2007-12-07 15:32:00,5.8850,5.8930,5.8670,5.8790,3829896
2007-12-07 15:31:00,5.8840,5.8920,5.8640,5.8820,6037276
2007-12-07 15:30:00,5.8930,5.8990,5.8730,5.8820,3783724
2007-12-07 15:29:00,5.9000,5.9100,5.8800,5.8910,5874232
2007-12-07 15:28:00,5.9030,5.9130,5.8890,5.8980,2940000
2007-12-07 15:27:00,5.9070,5.9140,5.8870,5.9010,4494644
2007-12-07 15:26:00,5.9080,5.9150,5.8910,5.9040,3750376
2007-12-07 15:25:00,5.9070,5.9170,5.8930,5.9060,3950100
2007-12-07 15:24:00,5.9080,5.9170,5.8940,5.9040,3833368
2007-12-07 15:23:00,5.8960,5.9180,5.8830,5.9060,9920008
2007-12-07 15:22:00,5.9020,5.9110,5.8830,5.8940,4805332
2007-12-07 15:21:00,5.8980,5.9090,5.8830,5.9000,5371128
2007-12-07 15:20:00,5.8950,5.9070,5.8790,5.8960,5166336
2007-12-07 15:19:00,5.8950,5.9090,5.8820,5.8930,6018124
2007-12-07 15:18:00,5.8960,5.9070,5.8820,5.8920,4997132
2007-12-07 15:17:00,5.8920,5.9050,5.8800,5.8940,7395668
2007-12-07 15:16:00,5.8870,5.8990,5.8670,5.8900,7367528
2007-12-07 15:15:00,5.8870,5.8960,5.8710,5.8840,3402980
2007-12-07 15:14:00,5.8850,5.8980,5.8690,5.8850,5273996
2007-12-07 15:13:00,5.8810,5.8930,5.8700,5.8830,3619756
2007-12-07 15:12:00,5.8870,5.8960,5.8690,5.8790,4573240
2007-12-07 15:11:00,5.8780,5.8960,5.8640,5.8840,4852764
2007-12-07 15:10:00,5.8800,5.8870,5.8620,5.8760,2522716
2007-12-07 15:09:00,5.8790,5.8930,5.8670,5.8780,3496892
2007-12-07 15:08:00,5.8800,5.8940,5.8660,5.8760,5882240
2007-12-07 15:07:00,5.8800,5.8920,5.8670,5.8780,6970292
2007-12-07 15:06:00,5.8750,5.8870,5.8610,5.8780,5640600
2007-12-07 15:05:00,5.8680,5.8810,5.8530,5.8720,2360820
2007-12-07 15:04:00,5.8710,5.8780,5.8540,5.8650,2976932
2007-12-07 15:03:00,5.8640,5.8800,5.8520,5.8690,4109392
2007-12-07 15:02:00,5.8610,5.8700,5.8460,5.8620,2419200
2007-12-07 15:01:00,5.8630,5.8690,5.8470,5.8590,2098096
2007-12-07 15:00:00,5.8550,5.8720,5.8430,5.8610,4047652
2007-12-07 14:59:00,5.8570,5.8640,5.8420,5.8540,1872220
2007-12-07 14:58:00,5.8580,5.8650,5.8430,5.8550,2011268
2007-12-07 14:57:00,5.8610,5.8670,5.8410,5.8570,3722012
2007-12-07 14:56:00,5.8630,5.8700,5.8450,5.8570,2305324
2007-12-07 14:55:00,5.8560,5.8720,5.8440,5.8620,3823456
2007-12-07 14:54:00,5.8590,5.8700,5.8440,5.8540,3649912
2007-12-07 14:53:00,5.8660,5.8720,5.8470,5.8570,3400208
2007-12-07 14:52:00,5.8620,5.8780,5.8500,5.8650,3754324
2007-12-07 14:51:00,5.8740,5.8800,5.8510,5.8600,3808952
2007-12-07 14:50:00,5.8770,5.8840,5.8570,5.8720,3660608
2007-12-07 14:49:00,5.8730,5.8840,5.8540,5.8750,4680844
2007-12-07 14:48:00,5.8850,5.8930,5.8580,5.8710,6830600
2007-12-07 14:47:00,5.8670,5.8920,5.8550,5.8830,9729888
2007-12-07 14:46:00,5.8650,5.8730,5.8480,5.8640,4336444
2007-12-07 14:45:00,5.8700,5.8760,5.8510,5.8630,5130384
2007-12-07 14:44:00,5.8660,5.8790,5.8530,5.8670,6012664
2007-12-07 14:43:00,5.8690,5.8760,5.8520,5.8640,5242580
2007-12-07 14:42:00,5.8640,5.8770,5.8490,5.8670,5647992
2007-12-07 14:41:00,5.8530,5.8700,5.8410,5.8620,6293784
2007-12-07 14:40:00,5.8530,5.8630,5.8380,5.8510,4356492
2007-12-07 14:39:00,5.8500,5.8610,5.8350,5.8510,7095536
2007-12-07 14:38:00,5.8500,5.8560,5.8350,5.8470,4564560
2007-12-07 14:37:00,5.8450,5.8560,5.8310,5.8480,6751500
2007-12-07 14:36:00,5.8340,5.8500,5.8220,5.8420,6348384
2007-12-07 14:35:00,5.8310,5.8410,5.8190,5.8320,4556524
2007-12-07 14:34:00,5.8280,5.8380,5.8150,5.8280,4827984
2007-12-07 14:33:00,5.8170,5.8340,5.8050,5.8260,7636160
2007-12-07 14:32:00,5.8150,5.8230,5.8040,5.8140,1307992
2007-12-07 14:31:00,5.8180,5.8240,5.8030,5.8130,1728188
2007-12-07 14:30:00,5.8210,5.8280,5.8060,5.8160,4886224
2007-12-07 14:29:00,5.8180,5.8270,5.8060,5.8190,1802472
2007-12-07 14:28:00,5.8190,5.8260,5.8060,5.8160,931756
2007-12-07 14:27:00,5.8160,5.8270,5.8040,5.8170,1497104
2007-12-07 14:26:00,5.8180,5.8250,5.8020,5.8140,1341032
2007-12-07 14:25:00,5.8170,5.8260,5.8030,5.8160,2262876
2007-12-07 14:24:00,5.8110,5.8240,5.8000,5.8160,1857464
2007-12-07 14:23:00,5.8070,5.8180,5.7950,5.8100,1039388
2007-12-07 14:22:00,5.8080,5.8150,5.7940,5.8040,782320
2007-12-07 14:21:00,5.8100,5.8160,5.7940,5.8060,823004
2007-12-07 14:20:00,5.8070,5.8150,5.7950,5.8070,582288
2007-12-07 14:19:00,5.8080,5.8150,5.7950,5.8060,631344
2007-12-07 14:18:00,5.8110,5.8190,5.7940,5.8050,1581664
2007-12-07 14:17:00,5.8130,5.8210,5.7990,5.8090,1113644
2007-12-07 14:16:00,5.8120,5.8200,5.7980,5.8110,1126804
2007-12-07 14:15:00,5.8130,5.8200,5.8000,5.8100,1188908
2007-12-07 14:14:00,5.8080,5.8190,5.7970,5.8110,1249528
2007-12-07 14:13:00,5.8050,5.8150,5.7940,5.8070,775404
2007-12-07 14:12:00,5.8090,5.8160,5.7940,5.8030,1033676
2007-12-07 14:11:00,5.8100,5.8180,5.7960,5.8070,707420
2007-12-07 14:10:00,5.8100,5.8190,5.7970,5.8080,1119524
2007-12-07 14:09:00,5.8070,5.8170,5.7940,5.8070,1277836
2007-12-07 14:08:00,5.8050,5.8130,5.7930,5.8040,364700
2007-12-07 14:07:00,5.8050,5.8130,5.7920,5.8030,553672
2007-12-07 14:06:00,5.8070,5.8130,5.7920,5.8040,754936
2007-12-07 14:05:00,5.8080,5.8190,5.7950,5.8050,2055480
2007-12-07 14:04:00,5.8070,5.8150,5.7930,5.8050,2558220
2007-12-07 14:03:00,5.8010,5.8120,5.7890,5.8030,1114456
2007-12-07 14:02:00,5.8030,5.8090,5.7900,5.7990,671300
2007-12-07 14:01:00,5.8050,5.8110,5.7910,5.8010,502068
2007-12-07 14:00:00,5.8020,5.8110,5.7910,5.8020,985572
2007-12-07 13:59:00,5.8040,5.8100,5.7910,5.8000,716968
2007-12-07 13:58:00,5.8010,5.8090,5.7890,5.8010,1054788
2007-12-07 13:57:00,5.8010,5.8090,5.7870,5.7990,695800
2007-12-07 13:56:00,5.7980,5.8070,5.7860,5.7990,1268008
2007-12-07 13:55:00,5.7990,5.8050,5.7860,5.7960,712096
2007-12-07 13:54:00,5.8040,5.8120,5.7870,5.7970,1536892
2007-12-07 13:53:00,5.8030,5.8110,5.7900,5.8020,1237124
2007-12-07 13:52:00,5.8010,5.8090,5.7880,5.8000,676284
2007-12-07 13:51:00,5.7990,5.8070,5.7870,5.7970,386288
2007-12-07 13:50:00,5.7980,5.8070,5.7850,5.7970,919492
2007-12-07 13:49:00,5.8010,5.8080,5.7860,5.7960,1015616
2007-12-07 13:48:00,5.7980,5.8070,5.7870,5.7990,670600
2007-12-07 13:47:00,5.7990,5.8060,5.7860,5.7960,569100
2007-12-07 13:46:00,5.7990,5.8060,5.7850,5.7970,696948
2007-12-07 13:45:00,5.7970,5.8070,5.7850,5.7970,1398404
2007-12-07 13:44:00,5.8000,5.8080,5.7830,5.7950,1994020
2007-12-07 13:43:00,5.7940,5.8060,5.7830,5.7970,1563128
2007-12-07 13:42:00,5.7920,5.8020,5.7810,5.7930,981988
2007-12-07 13:41:00,5.7890,5.8020,5.7770,5.7900,1496516
2007-12-07 13:40:00,5.7950,5.8010,5.7760,5.7870,1636432
2007-12-07 13:39:00,5.7950,5.8020,5.7840,5.7940,403340
2007-12-07 13:38:00,5.7960,5.8020,5.7830,5.7930,582036
2007-12-07 13:37:00,5.7950,5.8030,5.7830,5.7940,575176
2007-12-07 13:36:00,5.7970,5.8040,5.7840,5.7930,683424
2007-12-07 13:35:00,5.7990,5.8050,5.7840,5.7940,830368
2007-12-07 13:34:00,5.7960,5.8050,5.7820,5.7960,1825040
2007-12-07 13:33:00,5.7920,5.8020,5.7810,5.7940,903756
2007-12-07 13:32:00,5.7940,5.8030,5.7800,5.7890,1295112
2007-12-07 13:31:00,5.7910,5.8020,5.7800,5.7920,1257060
2007-12-07 13:30:00,5.7910,5.7970,5.7770,5.7890,1717548
2007-12-07 13:29:00,5.7840,5.7970,5.7730,5.7880,1390144
2007-12-07 13:28:00,5.7790,5.7910,5.7680,5.7820,1359456
2007-12-07 13:27:00,5.7860,5.7920,5.7670,5.7770,2639644
2007-12-07 13:26:00,5.7900,5.7990,5.7700,5.7840,3805452
2007-12-07 13:25:00,5.7940,5.8020,5.7780,5.7880,2404136
2007-12-07 13:24:00,5.7960,5.8040,5.7810,5.7920,1982148
2007-12-07 13:23:00,5.8000,5.8080,5.7840,5.7940,2113244
2007-12-07 13:22:00,5.8010,5.8070,5.7860,5.7990,1072260
2007-12-07 13:21:00,5.8030,5.8100,5.7870,5.8000,1096116
2007-12-07 13:20:00,5.8050,5.8130,5.7910,5.8000,1115380
2007-12-07 13:19:00,5.8020,5.8120,5.7900,5.8020,656712
2007-12-07 13:18:00,5.8050,5.8110,5.7880,5.8000,1074444
2007-12-07 13:17:00,5.8040,5.8120,5.7910,5.8030,1380988
2007-12-07 13:16:00,5.8040,5.8140,5.7920,5.8020,1556184
2007-12-07 13:15:00,5.8060,5.8140,5.7930,5.8020,1241324
2007-12-07 13:14:00,5.8050,5.8120,5.7930,5.8040,528416
2007-12-07 13:13:00,5.8040,5.8120,5.7920,5.8020,1039388
2007-12-07 13:12:00,5.8010,5.8090,5.7890,5.8010,897372
2007-12-07 13:11:00,5.8020,5.8080,5.7870,5.8000,803404
2007-12-07 13:10:00,5.8000,5.8090,5.7870,5.8000,907060
2007-12-07 13:09:00,5.8010,5.8100,5.7870,5.7980,1721832
2007-12-07 13:08:00,5.8010,5.8080,5.7870,5.7990,1202208
2007-12-07 13:07:00,5.7980,5.8080,5.7850,5.7980,784084
2007-12-07 13:06:00,5.7980,5.8060,5.7850,5.7960,1907332
2007-12-07 13:05:00,5.7980,5.8040,5.7850,5.7960,644448
2007-12-07 13:04:00,5.8000,5.8060,5.7860,5.7960,1335180
2007-12-07 13:03:00,5.8010,5.8070,5.7880,5.7980,1138396
2007-12-07 13:02:00,5.7990,5.8080,5.7870,5.7990,1118124
2007-12-07 13:01:00,5.7970,5.8060,5.7860,5.7960,680204
2007-12-07 13:00:00,5.7950,5.8070,5.7840,5.7950,1838312
2007-12-07 12:59:00,5.8040,5.8120,5.7840,5.7940,2379104
2007-12-07 12:58:00,5.8050,5.8130,5.7930,5.8020,978460
2007-12-07 12:57:00,5.8080,5.8160,5.7930,5.8030,1345876
2007-12-07 12:56:00,5.8090,5.8160,5.7950,5.8060,949368
2007-12-07 12:55:00,5.8080,5.8160,5.7960,5.8070,509236
2007-12-07 12:54:00,5.8100,5.8160,5.7970,5.8060,709968
2007-12-07 12:53:00,5.8110,5.8200,5.7980,5.8080,735616
2007-12-07 12:52:00,5.8110,5.8180,5.7990,5.8100,584248
2007-12-07 12:51:00,5.8150,5.8210,5.8000,5.8090,452676
2007-12-07 12:50:00,5.8130,5.8210,5.8000,5.8120,998900
2007-12-07 12:49:00,5.8160,5.8240,5.8010,5.8110,1812720
2007-12-07 12:48:00,5.8100,5.8220,5.7980,5.8130,1638168
2007-12-07 12:47:00,5.8070,5.8160,5.7950,5.8070,291900
2007-12-07 12:46:00,5.8080,5.8140,5.7950,5.8050,679140
2007-12-07 12:45:00,5.8090,5.8150,5.7940,5.8060,592900
2007-12-07 12:44:00,5.8110,5.8180,5.7980,5.8070,437248
2007-12-07 12:43:00,5.8100,5.8180,5.7970,5.8080,699496
2007-12-07 12:42:00,5.8070,5.8160,5.7940,5.8080,859124
2007-12-07 12:41:00,5.8050,5.8140,5.7930,5.8040,474824
2007-12-07 12:40:00,5.8050,5.8120,5.7910,5.8030,1319248
2007-12-07 12:39:00,5.8060,5.8150,5.7930,5.8030,1030932
2007-12-07 12:38:00,5.8060,5.8150,5.7940,5.8040,1079092
2007-12-07 12:37:00,5.8090,5.8160,5.7940,5.8030,2305520
2007-12-07 12:36:00,5.8090,5.8180,5.7970,5.8070,1374884
2007-12-07 12:35:00,5.8090,5.8160,5.7970,5.8070,816592
2007-12-07 12:34:00,5.8040,5.8170,5.7930,5.8070,1380316
2007-12-07 12:33:00,5.8100,5.8160,5.7930,5.8020,1775676
2007-12-07 12:32:00,5.8120,5.8180,5.7980,5.8070,672672
2007-12-07 12:31:00,5.8130,5.8190,5.7980,5.8100,728924
2007-12-07 12:30:00,5.8100,5.8200,5.7980,5.8110,831656
2007-12-07 12:29:00,5.8100,5.8170,5.7970,5.8080,1608292
2007-12-07 12:28:00,5.8100,5.8160,5.7980,5.8080,1080492
2007-12-07 12:27:00,5.8100,5.8160,5.7970,5.8070,1123528
2007-12-07 12:26:00,5.8110,5.8180,5.7980,5.8080,755244
2007-12-07 12:25:00,5.8130,5.8200,5.8000,5.8090,971040
2007-12-07 12:24:00,5.8130,5.8200,5.8000,5.8110,796348
2007-12-07 12:23:00,5.8150,5.8210,5.7990,5.8110,914424
2007-12-07 12:22:00,5.8140,5.8220,5.8010,5.8130,1260420
2007-12-07 12:21:00,5.8110,5.8200,5.8000,5.8120,934080
2007-12-07 12:20:00,5.8090,5.8190,5.7980,5.8090,1198932
2007-12-07 12:19:00,5.8140,5.8200,5.7970,5.8070,1751344
2007-12-07 12:18:00,5.8160,5.8240,5.8010,5.8110,1585780
2007-12-07 12:17:00,5.8170,5.8240,5.8000,5.8140,2048844
2007-12-07 12:16:00,5.8130,5.8240,5.8010,5.8150,1687980
2007-12-07 12:15:00,5.8140,5.8220,5.7990,5.8110,1206548
2007-12-07 12:14:00,5.8160,5.8230,5.8010,5.8120,1880396
2007-12-07 12:13:00,5.8050,5.8230,5.7940,5.8150,2928268
2007-12-07 12:12:00,5.8100,5.8170,5.7940,5.8030,1765820
2007-12-07 12:11:00,5.8090,5.8180,5.7970,5.8090,2181340
2007-12-07 12:10:00,5.8050,5.8180,5.7910,5.8070,4168276
2007-12-07 12:09:00,5.7960,5.8120,5.7850,5.8030,2515520
2007-12-07 12:08:00,5.8010,5.8090,5.7840,5.7940,1447628
2007-12-07 12:07:00,5.8010,5.8110,5.7900,5.7990,2016504
2007-12-07 12:06:00,5.7940,5.8080,5.7830,5.7990,1909684
2007-12-07 12:05:00,5.7950,5.8020,5.7820,5.7920,1251936
2007-12-07 12:04:00,5.7940,5.8030,5.7780,5.7920,3264912
2007-12-07 12:03:00,5.7990,5.8060,5.7820,5.7920,1103844
2007-12-07 12:02:00,5.7970,5.8060,5.7850,5.7960,856072
2007-12-07 12:01:00,5.7960,5.8060,5.7850,5.7950,1212204
2007-12-07 12:00:00,5.8000,5.8070,5.7840,5.7940,1627780
2007-12-07 11:59:00,5.7980,5.8060,5.7830,5.7980,2305380
2007-12-07 11:58:00,5.7980,5.8070,5.7860,5.7950,962920
2007-12-07 11:57:00,5.8010,5.8080,5.7850,5.7960,2653616
2007-12-07 11:56:00,5.8010,5.8100,5.7890,5.8000,2744168
2007-12-07 11:55:00,5.7970,5.8070,5.7850,5.7980,1612352
2007-12-07 11:54:00,5.7990,5.8050,5.7850,5.7940,2484804
2007-12-07 11:53:00,5.8000,5.8090,5.7870,5.7970,2513672
2007-12-07 11:52:00,5.7960,5.8080,5.7840,5.7980,2487268
2007-12-07 11:51:00,5.7970,5.8050,5.7820,5.7940,2138276
2007-12-07 11:50:00,5.8010,5.8080,5.7850,5.7940,2460836
2007-12-07 11:49:00,5.7930,5.8070,5.7810,5.7990,2830268
2007-12-07 11:48:00,5.7960,5.8030,5.7810,5.7910,2682848
2007-12-07 11:47:00,5.7940,5.8060,5.7820,5.7940,4379312
2007-12-07 11:46:00,5.7850,5.8010,5.7730,5.7920,3984596
2007-12-07 11:45:00,5.7890,5.7950,5.7710,5.7820,1862000
2007-12-07 11:44:00,5.7880,5.7950,5.7730,5.7860,2062816
2007-12-07 11:43:00,5.7840,5.7960,5.7730,5.7860,2467864
2007-12-07 11:42:00,5.7850,5.7930,5.7700,5.7810,2162636
2007-12-07 11:41:00,5.7820,5.7920,5.7710,5.7830,1455524
2007-12-07 11:40:00,5.7830,5.7910,5.7710,5.7800,1433712
2007-12-07 11:39:00,5.7880,5.7950,5.7710,5.7800,1394624
2007-12-07 11:38:00,5.7900,5.7960,5.7750,5.7860,2041872
2007-12-07 11:37:00,5.7830,5.7960,5.7710,5.7870,3038000
2007-12-07 11:36:00,5.7830,5.7930,5.7700,5.7800,2192008
2007-12-07 11:35:00,5.7790,5.7900,5.7650,5.7810,2521204
2007-12-07 11:34:00,5.7780,5.7850,5.7630,5.7750,1272880
2007-12-07 11:33:00,5.7760,5.7880,5.7650,5.7770,2034956
2007-12-07 11:32:00,5.7720,5.7820,5.7590,5.7740,1457148
2007-12-07 11:31:00,5.7710,5.7790,5.7590,5.7690,449372
2007-12-07 11:30:00,5.7710,5.7780,5.7590,5.7690,1149036
2007-12-07 11:29:00,5.7720,5.7780,5.7570,5.7690,828268
2007-12-07 11:28:00,5.7700,5.7800,5.7580,5.7690,2655240
2007-12-07 11:27:00,5.7680,5.7760,5.7540,5.7680,1089592
2007-12-07 11:26:00,5.7660,5.7750,5.7550,5.7660,1593536
2007-12-07 11:25:00,5.7670,5.7750,5.7530,5.7640,805084
2007-12-07 11:24:00,5.7680,5.7740,5.7510,5.7640,1511748
2007-12-07 11:23:00,5.7690,5.7760,5.7560,5.7660,1406216
2007-12-07 11:22:00,5.7670,5.7750,5.7540,5.7670,1688148
2007-12-07 11:21:00,5.7680,5.7750,5.7540,5.7640,1097404
2007-12-07 11:20:00,5.7690,5.7750,5.7560,5.7670,1183952
2007-12-07 11:19:00,5.7710,5.7790,5.7580,5.7670,1301216
2007-12-07 11:18:00,5.7740,5.7800,5.7590,5.7700,1216936
2007-12-07 11:17:00,5.7710,5.7800,5.7580,5.7720,1816612
2007-12-07 11:16:00,5.7760,5.7820,5.7580,5.7690,1396976
2007-12-07 11:15:00,5.7770,5.7850,5.7630,5.7740,1135960
2007-12-07 11:14:00,5.7820,5.7880,5.7630,5.7740,2507624
2007-12-07 11:13:00,5.7810,5.7880,5.7680,5.7800,730996
2007-12-07 11:12:00,5.7820,5.7900,5.7670,5.7790,1228556
2007-12-07 11:11:00,5.7790,5.7880,5.7670,5.7800,1100820
2007-12-07 11:10:00,5.7780,5.7850,5.7620,5.7770,2507680
2007-12-07 11:09:00,5.7860,5.7920,5.7640,5.7760,2301264
2007-12-07 11:08:00,5.7870,5.7930,5.7720,5.7840,1164100
2007-12-07 11:07:00,5.7850,5.7950,5.7710,5.7840,1440180
2007-12-07 11:06:00,5.7860,5.7950,5.7710,5.7830,2565500
2007-12-07 11:05:00,5.7900,5.7970,5.7740,5.7830,2343152
2007-12-07 11:04:00,5.7870,5.7970,5.7750,5.7880,5431804
2007-12-07 11:03:00,5.7900,5.7950,5.7740,5.7840,2765588
2007-12-07 11:02:00,5.7820,5.7970,5.7700,5.7870,3774344
2007-12-07 11:01:00,5.7850,5.7940,5.7700,5.7790,2915724
2007-12-07 11:00:00,5.7840,5.7930,5.7700,5.7830,3409952
2007-12-07 10:59:00,5.7790,5.7910,5.7660,5.7820,3024364
2007-12-07 10:58:00,5.7710,5.7850,5.7590,5.7770,2065644
2007-12-07 10:57:00,5.7710,5.7790,5.7580,5.7690,1402240
2007-12-07 10:56:00,5.7680,5.7780,5.7530,5.7680,2011212
2007-12-07 10:55:00,5.7750,5.7810,5.7540,5.7660,2773960
2007-12-07 10:54:00,5.7740,5.7860,5.7630,5.7730,1610560
2007-12-07 10:53:00,5.7740,5.7810,5.7580,5.7720,2120468
2007-12-07 10:52:00,5.7840,5.7900,5.7620,5.7720,3465868
2007-12-07 10:51:00,5.7740,5.7900,5.7620,5.7810,4688376
2007-12-07 10:50:00,5.7710,5.7820,5.7600,5.7720,2564996
2007-12-07 10:49:00,5.7710,5.7790,5.7580,5.7700,1583708
2007-12-07 10:48:00,5.7640,5.7790,5.7520,5.7700,1701308
2007-12-07 10:47:00,5.7660,5.7760,5.7520,5.7610,1971172
2007-12-07 10:46:00,5.7610,5.7720,5.7490,5.7640,1807680
2007-12-07 10:45:00,5.7610,5.7710,5.7480,5.7590,1838536
2007-12-07 10:44:00,5.7640,5.7720,5.7480,5.7590,2872884
2007-12-07 10:43:00,5.7700,5.7760,5.7510,5.7620,2459492
2007-12-07 10:42:00,5.7690,5.7790,5.7570,5.7670,2030280
2007-12-07 10:41:00,5.7720,5.7800,5.7560,5.7670,2579976
2007-12-07 10:40:00,5.7670,5.7820,5.7550,5.7700,4588808
2007-12-07 10:39:00,5.7610,5.7750,5.7500,5.7640,3734416
2007-12-07 10:38:00,5.7610,5.7710,5.7450,5.7590,3929632
2007-12-07 10:37:00,5.7540,5.7690,5.7420,5.7580,3573136
2007-12-07 10:36:00,5.7480,5.7650,5.7370,5.7510,3959816
2007-12-07 10:35:00,5.7420,5.7550,5.7290,5.7470,1851388
2007-12-07 10:34:00,5.7430,5.7490,5.7280,5.7390,1674344
2007-12-07 10:33:00,5.7370,5.7510,5.7250,5.7410,2223872
2007-12-07 10:32:00,5.7440,5.7500,5.7250,5.7350,2482116
2007-12-07 10:31:00,5.7450,5.7520,5.7260,5.7410,1973608
2007-12-07 10:30:00,5.7420,5.7510,5.7300,5.7420,2050720
2007-12-07 10:29:00,5.7380,5.7480,5.7250,5.7400,2032604
2007-12-07 10:28:00,5.7450,5.7520,5.7270,5.7360,2083648
2007-12-07 10:27:00,5.7470,5.7560,5.7340,5.7440,2062060
2007-12-07 10:26:00,5.7420,5.7540,5.7300,5.7450,1371664
2007-12-07 10:25:00,5.7350,5.7490,5.7240,5.7400,1650796
2007-12-07 10:24:00,5.7480,5.7560,5.7210,5.7340,3415888
2007-12-07 10:23:00,5.7430,5.7570,5.7300,5.7460,2225860
2007-12-07 10:22:00,5.7430,5.7520,5.7290,5.7410,2301124
2007-12-07 10:21:00,5.7390,5.7510,5.7260,5.7400,1579480
2007-12-07 10:20:00,5.7420,5.7500,5.7260,5.7370,2527896
2007-12-07 10:19:00,5.7350,5.7480,5.7230,5.7390,2260776
2007-12-07 10:18:00,5.7360,5.7450,5.7180,5.7330,2600388
2007-12-07 10:17:00,5.7340,5.7460,5.7200,5.7340,2895200
2007-12-07 10:16:00,5.7270,5.7410,5.7140,5.7310,2806104
2007-12-07 10:15:00,5.7360,5.7420,5.7160,5.7260,1725976
2007-12-07 10:14:00,5.7270,5.7440,5.7150,5.7340,2584988
2007-12-07 10:13:00,5.7180,5.7330,5.7050,5.7250,3079748
2007-12-07 10:12:00,5.7220,5.7310,5.7060,5.7150,2338896
2007-12-07 10:11:00,5.7290,5.7370,5.7110,5.7200,2246440
2007-12-07 10:10:00,5.7220,5.7400,5.7110,5.7270,3490480
2007-12-07 10:09:00,5.7260,5.7340,5.7100,5.7200,3593352
2007-12-07 10:08:00,5.7320,5.7410,5.7130,5.7230,3908856
2007-12-07 10:07:00,5.7420,5.7480,5.7190,5.7290,3244528
2007-12-07 10:06:00,5.7460,5.7580,5.7290,5.7420,2777292
2007-12-07 10:05:00,5.7450,5.7520,5.7300,5.7430,2413404
2007-12-07 10:04:00,5.7500,5.7590,5.7290,5.7420,5890024
2007-12-07 10:03:00,5.7440,5.7560,5.7310,5.7480,3675112
2007-12-07 10:02:00,5.7430,5.7500,5.7290,5.7420,1799028
2007-12-07 10:01:00,5.7370,5.7490,5.7250,5.7410,3211320
2007-12-07 10:00:00,5.7340,5.7460,5.7150,5.7360,3341492
2007-12-07 09:59:00,5.7370,5.7430,5.7180,5.7320,2291016
2007-12-07 09:58:00,5.7330,5.7430,5.7160,5.7340,3198944
2007-12-07 09:57:00,5.7310,5.7470,5.7180,5.7310,4084864
2007-12-07 09:56:00,5.7240,5.7440,5.7120,5.7280,5232528
2007-12-07 09:55:00,5.7180,5.7300,5.7040,5.7210,3443328
2007-12-07 09:54:00,5.7090,5.7230,5.6950,5.7140,4613112
2007-12-07 09:53:00,5.7070,5.7180,5.6910,5.7060,6415528
2007-12-07 09:52:00,5.7140,5.7200,5.6920,5.7050,5042828
2007-12-07 09:51:00,5.7110,5.7260,5.6990,5.7120,5758088
2007-12-07 09:50:00,5.7120,5.7200,5.6960,5.7080,5621140
2007-12-07 09:49:00,5.7250,5.7320,5.6990,5.7100,7241248
2007-12-07 09:48:00,5.7340,5.7400,5.7120,5.7230,5279232
2007-12-07 09:47:00,5.7340,5.7430,5.7170,5.7320,3941168
2007-12-07 09:46:00,5.7370,5.7480,5.7170,5.7310,4658892
2007-12-07 09:45:00,5.7390,5.7510,5.7260,5.7360,2944452
2007-12-07 09:44:00,5.7420,5.7490,5.7230,5.7370,5263048
2007-12-07 09:43:00,5.7490,5.7550,5.7290,5.7400,3762528
2007-12-07 09:42:00,5.7430,5.7610,5.7320,5.7470,3872344
2007-12-07 09:41:00,5.7420,5.7500,5.7260,5.7410,3351096
2007-12-07 09:40:00,5.7400,5.7640,5.7190,5.7400,7982576
2007-12-07 09:39:00,5.7310,5.7500,5.7190,5.7370,4932368
2007-12-07 09:38:00,5.7340,5.7450,5.7200,5.7290,4193448
2007-12-07 09:37:00,5.7410,5.7460,5.7170,5.7310,6220396
2007-12-07 09:36:00,5.7540,5.7610,5.7270,5.7380,5667760
2007-12-07 09:35:00,5.7540,5.7730,5.7420,5.7520,5528404
2007-12-07 09:34:00,5.7610,5.7830,5.7380,5.7520,6662208
2007-12-07 09:33:00,5.7760,5.7860,5.7470,5.7570,6843788
2007-12-07 09:32:00,5.7640,5.7820,5.7520,5.7740,4506964
2007-12-07 09:31:00,5.7670,5.7750,5.7500,5.7610,4978120
2007-12-07 09:30:00,5.7730,5.7860,5.7550,5.7650,11739756
2007-12-07 09:29:00,5.7760,5.7830,5.7600,5.7710,813232
2007-12-07 09:28:00,5.7720,5.7900,5.7600,5.7700,754432
2007-12-07 09:27:00,5.7760,5.7820,5.7600,5.7690,60676
2007-12-07 09:26:00,5.7790,5.7850,5.7650,5.7740,25200
2007-12-07 09:25:00,5.7750,5.7850,5.7630,5.7740,233884
2007-12-07 09:24:00,5.7710,5.7820,5.7590,5.7720,185416
2007-12-07 09:23:00,5.7700,5.7780,5.7580,5.7700,83020
2007-12-07 09:22:00,5.7650,5.7760,5.7540,5.7680,80080
2007-12-07 09:21:00,5.7610,5.7700,5.7490,5.7610,122640
2007-12-07 09:20:00,5.7700,5.7760,5.7460,5.7590,267400
2007-12-07 09:19:00,5.7760,5.7820,5.7590,5.7680,33600
2007-12-07 09:18:00,5.7710,5.7790,5.7590,5.7710,22400
2007-12-07 09:17:00,5.7740,5.7810,5.7600,5.7690,28000
2007-12-07 09:16:00,5.7780,5.7860,5.7610,5.7710,40880
2007-12-07 09:15:00,5.7740,5.7830,5.7630,5.7740,114016
2007-12-07 09:14:00,5.7730,5.7790,5.7600,5.7710,229628
2007-12-07 09:13:00,5.7670,5.7770,5.7560,5.7690,95676
2007-12-07 09:12:00,5.7750,5.7810,5.7560,5.7650,200956
2007-12-07 09:11:00,5.7720,5.7810,5.7610,5.7730,72940
2007-12-07 09:10:00,5.7710,5.7790,5.7590,5.7710,86940
2007-12-07 09:09:00,5.7700,5.7760,5.7590,5.7680,81200
2007-12-07 09:08:00,5.7700,5.7760,5.7570,5.7680,127176
2007-12-07 09:07:00,5.7670,5.7750,5.7560,5.7670,60900
2007-12-07 09:06:00,5.7630,5.7760,5.7500,5.7660,250880
2007-12-07 09:05:00,5.7650,5.7710,5.7500,5.7610,620844
2007-12-07 09:04:00,5.7720,5.7790,5.7550,5.7650,253400
2007-12-07 09:03:00,5.7740,5.7800,5.7610,5.7700,47600
2007-12-07 09:02:00,5.7740,5.7810,5.7600,5.7730,89320
2007-12-07 09:01:00,5.7680,5.7780,5.7560,5.7700,165956
2007-12-07 09:00:00,5.7710,5.7770,5.7580,5.7670,106120
2007-12-07 08:59:00,5.7710,5.7770,5.7590,5.7690,103012
2007-12-07 08:58:00,5.7760,5.7820,5.7600,5.7690,177604
2007-12-07 08:57:00,5.7730,5.7830,5.7620,5.7740,64932
2007-12-07 08:56:00,5.7760,5.7820,5.7620,5.7740,87080
2007-12-07 08:55:00,5.7770,5.7850,5.7640,5.7760,57400
2007-12-07 08:54:00,5.7780,5.7870,5.7650,5.7740,145096
2007-12-07 08:53:00,5.7770,5.7880,5.7650,5.7740,141792
2007-12-07 08:52:00,5.7740,5.7860,5.7620,5.7760,160720
2007-12-07 08:51:00,5.7810,5.7870,5.7640,5.7740,214060
2007-12-07 08:50:00,5.7870,5.7930,5.7710,5.7800,29848
2007-12-07 08:49:00,5.7860,5.7930,5.7750,5.7850,54600
2007-12-07 08:48:00,5.7840,5.7900,5.7730,5.7820,49952
2007-12-07 08:47:00,5.7880,5.7950,5.7710,5.7820,210532
2007-12-07 08:46:00,5.7830,5.7970,5.7710,5.7870,79800
2007-12-07 08:45:00,5.7870,5.7970,5.7710,5.7880,238140
2007-12-07 08:44:00,5.7870,5.7940,5.7740,5.7860,90496
2007-12-07 08:43:00,5.7840,5.7970,5.7730,5.7840,208740
2007-12-07 08:42:00,5.7820,5.7930,5.7690,5.7850,92456
2007-12-07 08:41:00,5.7860,5.7930,5.7480,5.7780,371896
2007-12-07 08:40:00,5.7890,5.7970,5.7750,5.7840,294084
2007-12-07 08:39:00,5.7850,5.8010,5.7740,5.7870,449540
2007-12-07 08:38:00,5.7820,5.7930,5.7680,5.7830,326480
2007-12-07 08:37:00,5.7720,5.7860,5.7600,5.7780,278012
2007-12-07 08:36:00,5.7920,5.8000,5.7610,5.7700,1096928
2007-12-07 08:35:00,5.7920,5.8120,5.7760,5.7890,1321768
2007-12-07 08:34:00,5.7750,5.8000,5.7640,5.7890,621208
2007-12-07 08:33:00,5.7580,5.7820,5.7470,5.7740,425040
2007-12-07 08:32:00,5.7610,5.7670,5.7430,5.7570,337344
2007-12-07 08:31:00,5.7660,5.7720,5.7440,5.7560,298872
2007-12-07 08:30:00,5.7540,5.7760,5.7430,5.7640,1040144
2007-12-07 08:29:00,5.7520,5.7580,5.7400,5.7500,16800
2007-12-07 08:28:00,5.7550,5.7610,5.7400,5.7500,103600
2007-12-07 08:27:00,5.7490,5.7590,5.7370,5.7500,64400
2007-12-07 08:26:00,5.7470,5.7550,5.7360,5.7460,23240
2007-12-07 08:25:00,5.7470,5.7550,5.7350,5.7470,101808
2007-12-07 08:24:00,5.7490,5.7550,5.7350,5.7450,100800
2007-12-07 08:23:00,5.7490,5.7550,5.7350,5.7470,76720
2007-12-07 08:22:00,5.7510,5.7570,5.7370,5.7480,64764
2007-12-07 08:21:00,5.7490,5.7570,5.7380,5.7480,24164
2007-12-07 08:20:00,5.7510,5.7580,5.7400,5.7500,22316
2007-12-07 08:19:00,5.7500,5.7560,5.7350,5.7440,71792
2007-12-07 08:18:00,5.7490,5.7550,5.7380,5.7470,28700
2007-12-07 08:17:00,5.7490,5.7570,5.7380,5.7490,55356
2007-12-07 08:16:00,5.7530,5.7590,5.7380,5.7470,92624
2007-12-07 08:15:00,5.7520,5.7600,5.7410,5.7510,33936
2007-12-07 08:14:00,5.7500,5.7600,5.7390,5.7480,58800
2007-12-07 08:13:00,5.7550,5.7610,5.7440,5.7530,2800
2007-12-07 08:12:00,5.7530,5.7620,5.7410,5.7540,25480
2007-12-07 08:11:00,5.7530,5.7600,5.7420,5.7500,52920
2007-12-07 08:10:00,5.7550,5.7670,5.7370,5.7490,61908
2007-12-07 08:09:00,5.7540,5.7610,5.7420,5.7520,76664
2007-12-07 08:08:00,5.7460,5.7590,5.7350,5.7510,38948
2007-12-07 08:07:00,5.7460,5.7520,5.7350,5.7440,36400
2007-12-07 08:06:00,5.7460,5.7540,5.7350,5.7440,27776
2007-12-07 08:05:00,5.7430,5.7520,5.7320,5.7440,73360
2007-12-07 08:04:00,5.7440,5.7500,5.7290,5.7380,5600
2007-12-07 08:03:00,5.7430,5.7500,5.7320,5.7410,42840
2007-12-07 08:02:00,5.7480,5.7540,5.7320,5.7400,67900
2007-12-07 08:01:00,5.7440,5.7520,5.7320,5.7440,33600
2007-12-07 08:00:00,5.7460,5.7610,5.7320,5.7440,147224
2007-12-07 07:54:00,5.7410,5.7470,5.7300,5.7390,7840
2007-12-07 07:53:00,5.7410,5.7470,5.7300,5.7390,2800
2007-12-07 07:52:00,5.7410,5.7460,5.7290,5.7380,25508
2007-12-07 07:50:00,5.7410,5.7460,5.7290,5.7380,7392
2007-12-07 07:44:00,5.7400,5.7460,5.7290,5.7380,20608
2007-12-07 07:42:00,5.7460,5.7520,5.7350,5.7440,14000
2007-12-07 07:21:00,5.7550,5.7610,5.7440,5.7530,28000
2007-12-07 04:16:00,5.7430,5.7490,5.7320,5.7410,11200
2007-12-06 19:59:00,5.7560,5.7650,5.7450,5.7560,13216
2007-12-06 19:58:00,5.7580,5.7640,5.7470,5.7560,5600
2007-12-06 19:53:00,5.7560,5.7610,5.7450,5.7540,5460
2007-12-06 19:52:00,5.7580,5.7640,5.7470,5.7560,4200
2007-12-06 19:50:00,5.7590,5.7650,5.7480,5.7570,14000
2007-12-06 19:45:00,5.7560,5.7620,5.7440,5.7530,26572
2007-12-06 19:44:00,5.7580,5.7640,5.7470,5.7560,2800
2007-12-06 19:41:00,5.7600,5.7650,5.7480,5.7570,5600
2007-12-06 19:39:00,5.7590,5.7650,5.7440,5.7530,62636
2007-12-06 19:38:00,5.7580,5.7640,5.7470,5.7560,2800
2007-12-06 19:37:00,5.7550,5.7610,5.7440,5.7530,14000
2007-12-06 19:35:00,5.7570,5.7640,5.7460,5.7560,25396
2007-12-06 19:30:00,5.7550,5.7610,5.7440,5.7530,15400
2007-12-06 19:28:00,5.7550,5.7610,5.7440,5.7530,8400
2007-12-06 19:27:00,5.7560,5.7620,5.7450,5.7540,30800
2007-12-06 19:15:00,5.7580,5.7640,5.7470,5.7560,9380
2007-12-06 19:14:00,5.7580,5.7640,5.7470,5.7560,16800
2007-12-06 19:13:00,5.7580,5.7640,5.7470,5.7560,3920
2007-12-06 19:10:00,5.7580,5.7650,5.7440,5.7530,79296
2007-12-06 19:09:00,5.7580,5.7640,5.7470,5.7560,4760
2007-12-06 19:08:00,5.7570,5.7620,5.7450,5.7540,2800
2007-12-06 19:07:00,5.7550,5.7610,5.7440,5.7530,4368
2007-12-06 19:05:00,5.7550,5.7610,5.7440,5.7530,11816
2007-12-06 19:04:00,5.7570,5.7630,5.7460,5.7550,7840
2007-12-06 19:00:00,5.7570,5.7630,5.7460,5.7550,14000
2007-12-06 18:59:00,5.7570,5.7630,5.7460,5.7550,2800
2007-12-06 18:57:00,5.7580,5.7640,5.7470,5.7560,9800
2007-12-06 18:55:00,5.7570,5.7630,5.7460,5.7550,11200
2007-12-06 18:54:00,5.7580,5.7640,5.7470,5.7560,28000
2007-12-06 18:49:00,5.7580,5.7640,5.7470,5.7560,5600
2007-12-06 18:46:00,5.7550,5.7610,5.7440,5.7530,22428
2007-12-06 18:45:00,5.7560,5.7620,5.7440,5.7530,16520
2007-12-06 18:41:00,5.7590,5.7650,5.7480,5.7570,9184
2007-12-06 18:39:00,5.7580,5.7640,5.7470,5.7560,2800
2007-12-06 18:34:00,5.7590,5.7650,5.7480,5.7570,18116
2007-12-06 18:30:00,5.7570,5.7620,5.7440,5.7530,5740
2007-12-06 18:29:00,5.7560,5.7610,5.7450,5.7540,9100
2007-12-06 18:27:00,5.7570,5.7630,5.7460,5.7550,11228
2007-12-06 18:23:00,5.7590,5.7650,5.7480,5.7570,5656
2007-12-06 18:18:00,5.7590,5.7650,5.7480,5.7570,22904
2007-12-06 18:16:00,5.7580,5.7640,5.7470,5.7560,27916
2007-12-06 18:15:00,5.7590,5.7650,5.7480,5.7570,14000
2007-12-06 18:10:00,5.7600,5.7650,5.7470,5.7560,38304
2007-12-06 18:04:00,5.7590,5.7650,5.7480,5.7570,2800
2007-12-06 18:03:00,5.7590,5.7650,5.7480,5.7570,2800
2007-12-06 18:01:00,5.7590,5.7650,5.7480,5.7570,5964
2007-12-06 17:59:00,5.7580,5.7650,5.7470,5.7570,14728
2007-12-06 17:58:00,5.7560,5.7620,5.7450,5.7540,16800
2007-12-06 17:57:00,5.7590,5.7650,5.7470,5.7560,10920
2007-12-06 17:56:00,5.7590,5.7650,5.7480,5.7570,11200
2007-12-06 17:55:00,5.7590,5.7650,5.7480,5.7570,28000
2007-12-06 17:54:00,5.7580,5.7640,5.7470,5.7560,8400
2007-12-06 17:52:00,5.7350,5.7650,5.7240,5.7570,8400
2007-12-06 17:51:00,5.7480,5.7530,5.7360,5.7450,33600
2007-12-06 17:47:00,5.7070,5.7610,5.6960,5.7530,13720
2007-12-06 17:46:00,5.7590,5.7650,5.7480,5.7570,14000
2007-12-06 17:44:00,5.7580,5.7640,5.7470,5.7560,26152
2007-12-06 17:42:00,5.7550,5.7630,5.7440,5.7550,42000
2007-12-06 17:41:00,5.7560,5.7620,5.7440,5.7530,20356
2007-12-06 17:40:00,5.7560,5.7620,5.7450,5.7540,12068
2007-12-06 17:39:00,5.7560,5.7620,5.7450,5.7540,4172
2007-12-06 17:38:00,5.7560,5.7620,5.7450,5.7540,11200
2007-12-06 17:36:00,5.7560,5.7610,5.7450,5.7540,25844
2007-12-06 17:35:00,5.7560,5.7620,5.7450,5.7540,8400
2007-12-06 17:34:00,5.7570,5.7620,5.7450,5.7540,8680
2007-12-06 17:33:00,5.7570,5.7620,5.7450,5.7540,3920
2007-12-06 17:30:00,5.7550,5.7610,5.7440,5.7530,2800
2007-12-06 17:29:00,5.7570,5.7630,5.7450,5.7540,49812
2007-12-06 17:28:00,5.7580,5.7640,5.7470,5.7560,23800
2007-12-06 17:27:00,5.7570,5.7640,5.7460,5.7550,63000
2007-12-06 17:25:00,5.7570,5.7630,5.7460,5.7550,16128
2007-12-06 17:24:00,5.7570,5.7630,5.7460,5.7550,5600
2007-12-06 17:23:00,5.7570,5.7630,5.7450,5.7540,13888
2007-12-06 17:22:00,5.7560,5.7620,5.7450,5.7540,32844
2007-12-06 17:20:00,5.7540,5.7610,5.7430,5.7530,42252
2007-12-06 17:19:00,5.7540,5.7600,5.7430,5.7520,30072
2007-12-06 17:18:00,5.7540,5.7590,5.7420,5.7510,2800
2007-12-06 17:17:00,5.7540,5.7610,5.7420,5.7520,11536
2007-12-06 17:16:00,5.7550,5.7610,5.7440,5.7530,5600
2007-12-06 17:15:00,5.7550,5.7610,5.7440,5.7530,2800
2007-12-06 17:12:00,5.7550,5.7610,5.7430,5.7520,19040
2007-12-06 17:09:00,5.7550,5.7610,5.7440,5.7530,11788
2007-12-06 17:07:00,5.7550,5.7610,5.7440,5.7530,5600
2007-12-06 17:06:00,5.7530,5.7590,5.7380,5.7510,68600
2007-12-06 17:05:00,5.7480,5.7540,5.7370,5.7460,2800
2007-12-06 17:03:00,5.7490,5.7590,5.7380,5.7510,146244
2007-12-06 17:02:00,5.7490,5.7590,5.7380,5.7470,39956
2007-12-06 17:01:00,5.7540,5.7590,5.7400,5.7490,49784
2007-12-06 17:00:00,5.7540,5.7590,5.7420,5.7510,47600
2007-12-06 16:59:00,5.7520,5.7580,5.7410,5.7500,3080
2007-12-06 16:58:00,5.7540,5.7590,5.7410,5.7500,22120
2007-12-06 16:57:00,5.7530,5.7590,5.7380,5.7510,123200
2007-12-06 16:56:00,5.7510,5.7570,5.7390,5.7480,22680
2007-12-06 16:55:00,5.7530,5.7590,5.7420,5.7510,23800
2007-12-06 16:52:00,5.7510,5.7560,5.7390,5.7480,2800
2007-12-06 16:50:00,5.7600,5.7660,5.7490,5.7580,3024
2007-12-06 16:49:00,5.7520,5.7580,5.7410,5.7500,64400
2007-12-06 16:47:00,5.7520,5.7590,5.7410,5.7510,47600
2007-12-06 16:46:00,5.7510,5.7570,5.7400,5.7490,2800
2007-12-06 16:45:00,5.7600,5.7660,5.7490,5.7580,28896
2007-12-06 16:44:00,5.7510,5.7560,5.7390,5.7480,2800
2007-12-06 16:42:00,5.7470,5.7550,5.7360,5.7470,39200
2007-12-06 16:41:00,5.7510,5.7560,5.7390,5.7480,2800
2007-12-06 16:40:00,5.7510,5.7560,5.7390,5.7480,28000
2007-12-06 16:38:00,5.7480,5.7540,5.7370,5.7460,2800
2007-12-06 16:37:00,5.7470,5.7530,5.7350,5.7440,11200
2007-12-06 16:36:00,5.7460,5.7520,5.7330,5.7440,79072
2007-12-06 16:35:00,5.7460,5.7510,5.7330,5.7420,9912
2007-12-06 16:34:00,5.7270,5.7530,5.7160,5.7420,61852
2007-12-06 16:33:00,5.7220,5.7530,5.7110,5.7450,70280
2007-12-06 16:31:00,5.7470,5.7530,5.7350,5.7440,5600
2007-12-06 16:30:00,5.7490,5.7550,5.7380,5.7470,8400
2007-12-06 16:29:00,5.7490,5.7550,5.7380,5.7470,25536
2007-12-06 16:28:00,5.7470,5.7660,5.7360,5.7580,33208
2007-12-06 16:27:00,5.7480,5.7540,5.7360,5.7450,12600
2007-12-06 16:26:00,5.7490,5.7550,5.7380,5.7470,14000
2007-12-06 16:25:00,5.7490,5.7550,5.7380,5.7470,42000
2007-12-06 16:24:00,5.7490,5.7550,5.7360,5.7450,30800
2007-12-06 16:23:00,5.7500,5.7560,5.7390,5.7480,2800
2007-12-06 16:22:00,5.7510,5.7580,5.7110,5.7200,280000
2007-12-06 16:21:00,5.7510,5.7660,5.7400,5.7500,139132
2007-12-06 16:20:00,5.7510,5.7570,5.7400,5.7490,8400
2007-12-06 16:19:00,5.7490,5.7570,5.7110,5.7490,191156
2007-12-06 16:18:00,5.7490,5.7550,5.7370,5.7460,30800
2007-12-06 16:17:00,5.7470,5.7670,5.7350,5.7590,100296
2007-12-06 16:16:00,5.7480,5.7660,5.7350,5.7440,119364
2007-12-06 16:15:00,5.7520,5.7580,5.7370,5.7470,46200
2007-12-06 16:14:00,5.7520,5.7580,5.7410,5.7500,8400
2007-12-06 16:12:00,5.7490,5.7550,5.7110,5.7200,36400
2007-12-06 16:11:00,5.7510,5.7560,5.7110,5.7470,158732
2007-12-06 16:10:00,5.7550,5.7610,5.7110,5.7470,208628
2007-12-06 16:09:00,5.7570,5.7620,5.7440,5.7530,122556
2007-12-06 16:08:00,5.7590,5.7660,5.7120,5.7560,475160
2007-12-06 16:07:00,5.7580,5.7640,5.7450,5.7540,88844
2007-12-06 16:06:00,5.7600,5.7660,5.7470,5.7580,239932
2007-12-06 16:05:00,5.7580,5.7660,5.7470,5.7580,524412
2007-12-06 16:04:00,5.7600,5.7660,5.7460,5.7560,723688
2007-12-06 16:03:00,5.7590,5.7660,5.7470,5.7580,512540
2007-12-06 16:02:00,5.7600,5.7670,5.7480,5.7590,332584
2007-12-06 16:01:00,5.7600,5.7670,5.7480,5.7580,572264
2007-12-06 16:00:00,5.7600,5.7680,5.7480,5.7590,9717932
2007-12-06 15:59:00,5.7570,5.7670,5.7450,5.7570,9019360
2007-12-06 15:58:00,5.7580,5.7660,5.7450,5.7550,4710496
2007-12-06 15:57:00,5.7600,5.7660,5.7460,5.7550,3148348
2007-12-06 15:56:00,5.7570,5.7660,5.7450,5.7580,2055452
2007-12-06 15:55:00,5.7580,5.7650,5.7450,5.7540,4564980
2007-12-06 15:54:00,5.7590,5.7650,5.7460,5.7560,3609872
2007-12-06 15:53:00,5.7600,5.7660,5.7470,5.7570,2696064
2007-12-06 15:52:00,5.7610,5.7670,5.7480,5.7580,4613868
2007-12-06 15:51:00,5.7580,5.7670,5.7440,5.7590,6724424
2007-12-06 15:50:00,5.7560,5.7650,5.7420,5.7560,6140008
2007-12-06 15:49:00,5.7540,5.7640,5.7350,5.7540,6777960
2007-12-06 15:48:00,5.7440,5.7620,5.7320,5.7510,5261956
2007-12-06 15:47:00,5.7420,5.7510,5.7300,5.7420,2812292
2007-12-06 15:46:00,5.7470,5.7540,5.7300,5.7400,3985296
2007-12-06 15:45:00,5.7420,5.7540,5.7280,5.7450,4886980
2007-12-06 15:44:00,5.7390,5.7490,5.7220,5.7410,3955672
2007-12-06 15:43:00,5.7350,5.7450,5.7240,5.7370,1591268
2007-12-06 15:42:00,5.7350,5.7430,5.7220,5.7330,2139452
2007-12-06 15:41:00,5.7380,5.7460,5.7240,5.7350,1986404
2007-12-06 15:40:00,5.7410,5.7490,5.7260,5.7360,2373168
2007-12-06 15:39:00,5.7330,5.7470,5.7220,5.7370,2843680
2007-12-06 15:38:00,5.7360,5.7430,5.7200,5.7310,1731240
2007-12-06 15:37:00,5.7390,5.7460,5.7240,5.7340,2402008
2007-12-06 15:36:00,5.7300,5.7450,5.7180,5.7370,3161592
2007-12-06 15:35:00,5.7350,5.7430,5.7180,5.7280,3188052
2007-12-06 15:34:00,5.7310,5.7430,5.7180,5.7330,2559004
2007-12-06 15:33:00,5.7360,5.7420,5.7180,5.7290,4112444
2007-12-06 15:32:00,5.7380,5.7470,5.7230,5.7340,3866184
2007-12-06 15:31:00,5.7460,5.7520,5.7260,5.7360,2686964
2007-12-06 15:30:00,5.7490,5.7560,5.7330,5.7440,2207464
2007-12-06 15:29:00,5.7470,5.7540,5.7340,5.7470,3168760
2007-12-06 15:28:00,5.7420,5.7540,5.7300,5.7440,2171624
2007-12-06 15:27:00,5.7420,5.7500,5.7290,5.7400,1981672
2007-12-06 15:26:00,5.7400,5.7500,5.7270,5.7400,2145360
2007-12-06 15:25:00,5.7380,5.7480,5.7260,5.7380,1384516
2007-12-06 15:24:00,5.7410,5.7480,5.7260,5.7350,1416688
2007-12-06 15:23:00,5.7390,5.7490,5.7230,5.7390,2320276
2007-12-06 15:22:00,5.7430,5.7510,5.7270,5.7370,2169412
2007-12-06 15:21:00,5.7410,5.7510,5.7290,5.7400,3506608
2007-12-06 15:20:00,5.7340,5.7470,5.7230,5.7390,2262568
2007-12-06 15:19:00,5.7350,5.7410,5.7190,5.7310,1343384
2007-12-06 15:18:00,5.7310,5.7410,5.7170,5.7330,2705780
2007-12-06 15:17:00,5.7350,5.7410,5.7200,5.7290,3498740
2007-12-06 15:16:00,5.7370,5.7430,5.7220,5.7330,1353352
2007-12-06 15:15:00,5.7350,5.7430,5.7230,5.7350,2122232
2007-12-06 15:14:00,5.7380,5.7440,5.7210,5.7320,3484712
2007-12-06 15:13:00,5.7370,5.7470,5.7250,5.7350,1401848
2007-12-06 15:12:00,5.7390,5.7450,5.7240,5.7330,1484952
2007-12-06 15:11:00,5.7400,5.7460,5.7270,5.7370,1033872
2007-12-06 15:10:00,5.7400,5.7480,5.7250,5.7380,1733032
2007-12-06 15:09:00,5.7420,5.7480,5.7270,5.7370,1463168
2007-12-06 15:08:00,5.7450,5.7530,5.7300,5.7400,2346456
2007-12-06 15:07:00,5.7460,5.7540,5.7320,5.7420,2062200
2007-12-06 15:06:00,5.7470,5.7540,5.7340,5.7440,2308460
2007-12-06 15:05:00,5.7440,5.7550,5.7320,5.7450,2351244
2007-12-06 15:04:00,5.7440,5.7520,5.7310,5.7420,1282596
2007-12-06 15:03:00,5.7440,5.7510,5.7300,5.7430,1413972
2007-12-06 15:02:00,5.7430,5.7500,5.7280,5.7420,1320592
2007-12-06 15:01:00,5.7410,5.7510,5.7290,5.7410,1514492
2007-12-06 15:00:00,5.7360,5.7510,5.7250,5.7390,2485812
2007-12-06 14:59:00,5.7380,5.7460,5.7250,5.7340,1032500
2007-12-06 14:58:00,5.7370,5.7450,5.7230,5.7350,1288448
2007-12-06 14:57:00,5.7390,5.7460,5.7250,5.7340,927864
2007-12-06 14:56:00,5.7370,5.7470,5.7250,5.7370,1054564
2007-12-06 14:55:00,5.7400,5.7460,5.7250,5.7340,2471140
2007-12-06 14:54:00,5.7420,5.7490,5.7290,5.7380,1229060
2007-12-06 14:53:00,5.7430,5.7520,5.7290,5.7410,1550640
2007-12-06 14:52:00,5.7420,5.7500,5.7300,5.7410,940968
2007-12-06 14:51:00,5.7390,5.7500,5.7270,5.7410,1483804
2007-12-06 14:50:00,5.7420,5.7480,5.7280,5.7370,1190364
2007-12-06 14:49:00,5.7450,5.7510,5.7290,5.7400,812056
2007-12-06 14:48:00,5.7420,5.7510,5.7260,5.7430,1656704
2007-12-06 14:47:00,5.7420,5.7500,5.7290,5.7400,1071616
2007-12-06 14:46:00,5.7440,5.7500,5.7260,5.7400,3250996
2007-12-06 14:45:00,5.7480,5.7550,5.7320,5.7430,1473920
2007-12-06 14:44:00,5.7460,5.7580,5.7350,5.7460,3906420
2007-12-06 14:43:00,5.7470,5.7540,5.7320,5.7430,1569932
2007-12-06 14:42:00,5.7500,5.7560,5.7350,5.7450,1337924
2007-12-06 14:41:00,5.7480,5.7560,5.7350,5.7470,1767584
2007-12-06 14:40:00,5.7450,5.7560,5.7320,5.7450,3215520
2007-12-06 14:39:00,5.7470,5.7560,5.7330,5.7430,2467192
2007-12-06 14:38:00,5.7450,5.7540,5.7300,5.7460,1585220
2007-12-06 14:37:00,5.7460,5.7520,5.7300,5.7430,1508136
2007-12-06 14:36:00,5.7440,5.7530,5.7320,5.7430,1377796
2007-12-06 14:35:00,5.7490,5.7550,5.7310,5.7410,2357544
2007-12-06 14:34:00,5.7450,5.7560,5.7340,5.7470,2635024
2007-12-06 14:33:00,5.7440,5.7540,5.7330,5.7430,1334172
2007-12-06 14:32:00,5.7480,5.7540,5.7320,5.7420,1796704
2007-12-06 14:31:00,5.7460,5.7540,5.7340,5.7450,2205224
2007-12-06 14:30:00,5.7400,5.7530,5.7290,5.7450,2215360
2007-12-06 14:29:00,5.7380,5.7480,5.7270,5.7380,1324512
2007-12-06 14:28:00,5.7370,5.7470,5.7260,5.7360,1081892
2007-12-06 14:27:00,5.7380,5.7500,5.7260,5.7360,1709372
2007-12-06 14:26:00,5.7340,5.7440,5.7230,5.7350,609840
2007-12-06 14:25:00,5.7360,5.7430,5.7230,5.7320,1036812
2007-12-06 14:24:00,5.7360,5.7430,5.7220,5.7340,1462132
2007-12-06 14:23:00,5.7370,5.7450,5.7250,5.7340,607040
2007-12-06 14:22:00,5.7390,5.7450,5.7240,5.7350,1464708
2007-12-06 14:21:00,5.7400,5.7490,5.7280,5.7370,1286768
2007-12-06 14:20:00,5.7430,5.7510,5.7280,5.7370,2219252
2007-12-06 14:19:00,5.7360,5.7490,5.7240,5.7400,1851024
2007-12-06 14:18:00,5.7420,5.7480,5.7220,5.7330,1144808
2007-12-06 14:17:00,5.7380,5.7480,5.7260,5.7400,1264508
2007-12-06 14:16:00,5.7340,5.7460,5.7220,5.7350,2149560
2007-12-06 14:15:00,5.7390,5.7450,5.7240,5.7330,1296092
2007-12-06 14:14:00,5.7440,5.7500,5.7270,5.7360,1468544
2007-12-06 14:13:00,5.7420,5.7520,5.7300,5.7420,1268904
2007-12-06 14:12:00,5.7470,5.7540,5.7300,5.7400,2619176
2007-12-06 14:11:00,5.7410,5.7520,5.7300,5.7440,2283848
2007-12-06 14:10:00,5.7400,5.7480,5.7280,5.7390,948500
2007-12-06 14:09:00,5.7400,5.7500,5.7280,5.7380,1720152
2007-12-06 14:08:00,5.7380,5.7470,5.7240,5.7380,1675492
2007-12-06 14:07:00,5.7380,5.7440,5.7220,5.7360,1196300
2007-12-06 14:06:00,5.7350,5.7450,5.7240,5.7360,1705144
2007-12-06 14:05:00,5.7300,5.7410,5.7180,5.7330,1005340
2007-12-06 14:04:00,5.7290,5.7370,5.7170,5.7270,929208
2007-12-06 14:03:00,5.7280,5.7360,5.7170,5.7260,1026424
2007-12-06 14:02:00,5.7250,5.7340,5.7140,5.7260,984536
2007-12-06 14:01:00,5.7270,5.7360,5.7130,5.7230,921452
2007-12-06 14:00:00,5.7250,5.7360,5.7130,5.7260,1529192
2007-12-06 13:59:00,5.7270,5.7340,5.7130,5.7230,1561476
2007-12-06 13:58:00,5.7250,5.7330,5.7130,5.7240,525280
2007-12-06 13:57:00,5.7250,5.7340,5.7120,5.7220,1122884
2007-12-06 13:56:00,5.7190,5.7320,5.7080,5.7240,1899576
2007-12-06 13:55:00,5.7270,5.7350,5.7080,5.7170,2312016
2007-12-06 13:54:00,5.7300,5.7360,5.7140,5.7250,1553972
2007-12-06 13:53:00,5.7300,5.7370,5.7180,5.7280,992572
2007-12-06 13:52:00,5.7300,5.7400,5.7180,5.7280,1975176
2007-12-06 13:51:00,5.7320,5.7400,5.7150,5.7280,2507568
2007-12-06 13:50:00,5.7390,5.7440,5.7190,5.7290,2011296
2007-12-06 13:49:00,5.7410,5.7460,5.7270,5.7360,597520
2007-12-06 13:48:00,5.7400,5.7470,5.7230,5.7380,1193780
2007-12-06 13:47:00,5.7370,5.7450,5.7220,5.7370,1540280
2007-12-06 13:46:00,5.7470,5.7530,5.7250,5.7350,4750648
2007-12-06 13:45:00,5.7500,5.7590,5.7350,5.7450,3022152
2007-12-06 13:44:00,5.7470,5.7570,5.7360,5.7480,1975148
2007-12-06 13:43:00,5.7470,5.7560,5.7320,5.7450,3452652
2007-12-06 13:42:00,5.7440,5.7550,5.7330,5.7450,4498760
2007-12-06 13:41:00,5.7410,5.7500,5.7300,5.7420,2521260
2007-12-06 13:40:00,5.7380,5.7480,5.7250,5.7390,3105480
2007-12-06 13:39:00,5.7350,5.7440,5.7240,5.7360,1885716
2007-12-06 13:38:00,5.7350,5.7420,5.7200,5.7330,2099216
2007-12-06 13:37:00,5.7280,5.7410,5.7170,5.7330,2398256
2007-12-06 13:36:00,5.7250,5.7340,5.7130,5.7260,841316
2007-12-06 13:35:00,5.7260,5.7330,5.7130,5.7230,1001784
2007-12-06 13:34:00,5.7250,5.7320,5.7120,5.7240,866180
2007-12-06 13:33:00,5.7220,5.7310,5.7100,5.7230,1364692
2007-12-06 13:32:00,5.7230,5.7310,5.7110,5.7200,2162468
2007-12-06 13:31:00,5.7270,5.7340,5.7120,5.7210,1416380
2007-12-06 13:30:00,5.7290,5.7350,5.7150,5.7250,599592
2007-12-06 13:29:00,5.7290,5.7360,5.7120,5.7260,1059968
2007-12-06 13:28:00,5.7270,5.7350,5.7160,5.7270,730744
2007-12-06 13:27:00,5.7240,5.7340,5.7130,5.7250,780836
2007-12-06 13:26:00,5.7240,5.7330,5.7120,5.7230,778708
2007-12-06 13:25:00,5.7250,5.7310,5.7120,5.7210,857136
2007-12-06 13:24:00,5.7240,5.7330,5.7120,5.7230,764400
2007-12-06 13:23:00,5.7270,5.7340,5.7130,5.7220,719180
2007-12-06 13:22:00,5.7250,5.7340,5.7130,5.7260,837312
2007-12-06 13:21:00,5.7220,5.7310,5.7110,5.7220,1125824
2007-12-06 13:20:00,5.7240,5.7310,5.7080,5.7200,1701672
2007-12-06 13:19:00,5.7200,5.7310,5.7080,5.7210,1087884
2007-12-06 13:18:00,5.7250,5.7320,5.7080,5.7180,2445464
2007-12-06 13:17:00,5.7280,5.7340,5.7140,5.7230,1416408
2007-12-06 13:16:00,5.7290,5.7370,5.7170,5.7260,696724
2007-12-06 13:15:00,5.7340,5.7400,5.7170,5.7270,1508276
2007-12-06 13:14:00,5.7350,5.7430,5.7220,5.7320,737800
2007-12-06 13:13:00,5.7320,5.7410,5.7210,5.7320,945224
2007-12-06 13:12:00,5.7280,5.7410,5.7170,5.7300,1194284
2007-12-06 13:11:00,5.7300,5.7390,5.7160,5.7270,999796
2007-12-06 13:10:00,5.7350,5.7410,5.7170,5.7290,1396304
2007-12-06 13:09:00,5.7320,5.7430,5.7200,5.7330,1094800
2007-12-06 13:08:00,5.7360,5.7420,5.7190,5.7290,3174500
2007-12-06 13:07:00,5.7390,5.7460,5.7240,5.7340,725228
2007-12-06 13:06:00,5.7410,5.7470,5.7260,5.7370,762412
2007-12-06 13:05:00,5.7380,5.7500,5.7250,5.7380,1878156
2007-12-06 13:04:00,5.7400,5.7470,5.7260,5.7360,1366680
2007-12-06 13:03:00,5.7370,5.7480,5.7250,5.7380,1234520
2007-12-06 13:02:00,5.7380,5.7470,5.7250,5.7350,1136716
2007-12-06 13:01:00,5.7410,5.7490,5.7260,5.7360,1978648
2007-12-06 13:00:00,5.7430,5.7520,5.7260,5.7390,4363408
2007-12-06 12:59:00,5.7330,5.7510,5.7210,5.7400,6576444
2007-12-06 12:58:00,5.7300,5.7390,5.7160,5.7310,1363040
2007-12-06 12:57:00,5.7340,5.7400,5.7150,5.7280,2389268
2007-12-06 12:56:00,5.7340,5.7410,5.7220,5.7320,1184876
2007-12-06 12:55:00,5.7390,5.7470,5.7220,5.7320,3372488
2007-12-06 12:54:00,5.7300,5.7460,5.7190,5.7360,4044544
2007-12-06 12:53:00,5.7310,5.7380,5.7160,5.7280,2352028
2007-12-06 12:52:00,5.7280,5.7380,5.7140,5.7290,2061948
2007-12-06 12:51:00,5.7230,5.7360,5.7120,5.7260,2234876
2007-12-06 12:50:00,5.7280,5.7340,5.7090,5.7210,3292744
2007-12-06 12:49:00,5.7320,5.7420,5.7150,5.7270,4001424
2007-12-06 12:48:00,5.7230,5.7390,5.7090,5.7300,3591252
2007-12-06 12:47:00,5.7230,5.7330,5.7100,5.7200,2282840
2007-12-06 12:46:00,5.7280,5.7380,5.7110,5.7200,4611600
2007-12-06 12:45:00,5.7260,5.7390,5.7090,5.7270,9122932
2007-12-06 12:44:00,5.7000,5.7340,5.6890,5.7250,14155792
2007-12-06 12:43:00,5.7010,5.7200,5.6740,5.6980,5384148
2007-12-06 12:42:00,5.6990,5.7080,5.6870,5.6990,1076208
2007-12-06 12:41:00,5.7030,5.7090,5.6860,5.6970,965020
2007-12-06 12:40:00,5.7020,5.7100,5.6890,5.6990,986552
2007-12-06 12:39:00,5.7000,5.7090,5.6880,5.6990,834288
2007-12-06 12:38:00,5.7020,5.7080,5.6880,5.6990,537824
2007-12-06 12:37:00,5.7030,5.7090,5.6860,5.7000,1043980
2007-12-06 12:36:00,5.6980,5.7120,5.6870,5.7010,2690072
2007-12-06 12:35:00,5.6960,5.7040,5.6840,5.6960,1395940
2007-12-06 12:34:00,5.6940,5.7020,5.6830,5.6930,702240
2007-12-06 12:33:00,5.6920,5.7020,5.6810,5.6920,836024
2007-12-06 12:32:00,5.6910,5.6990,5.6800,5.6900,362180
2007-12-06 12:31:00,5.6930,5.7010,5.6800,5.6890,485100
2007-12-06 12:30:00,5.6930,5.7030,5.6790,5.6900,1109584
2007-12-06 12:29:00,5.6920,5.7020,5.6810,5.6920,1183084
2007-12-06 12:28:00,5.6870,5.6990,5.6740,5.6900,991256
2007-12-06 12:27:00,5.6860,5.6940,5.6730,5.6850,833196
2007-12-06 12:26:00,5.6900,5.6970,5.6730,5.6840,1600480
2007-12-06 12:25:00,5.6900,5.6970,5.6770,5.6870,888132
2007-12-06 12:24:00,5.6930,5.7000,5.6790,5.6900,476140
2007-12-06 12:23:00,5.6960,5.7030,5.6820,5.6910,761460
2007-12-06 12:22:00,5.6960,5.7040,5.6840,5.6940,1105300
2007-12-06 12:21:00,5.6910,5.7020,5.6790,5.6940,1115772
2007-12-06 12:20:00,5.6920,5.6980,5.6770,5.6880,384888
2007-12-06 12:19:00,5.6900,5.6980,5.6760,5.6900,743372
2007-12-06 12:18:00,5.6920,5.6990,5.6780,5.6870,795060
2007-12-06 12:17:00,5.6930,5.7010,5.6800,5.6900,926016
2007-12-06 12:16:00,5.6910,5.7010,5.6790,5.6920,1063664
2007-12-06 12:15:00,5.6900,5.6970,5.6790,5.6890,503272
2007-12-06 12:14:00,5.6940,5.7000,5.6760,5.6880,1066688
2007-12-06 12:13:00,5.6920,5.7020,5.6810,5.6920,1195012
2007-12-06 12:12:00,5.6830,5.7070,5.6720,5.6890,2046100
2007-12-06 12:11:00,5.6860,5.6920,5.6690,5.6810,2682204
2007-12-06 12:10:00,5.6920,5.6990,5.6760,5.6850,2782360
2007-12-06 12:09:00,5.6940,5.7000,5.6800,5.6900,1341984
2007-12-06 12:08:00,5.7000,5.7050,5.6810,5.6920,2733612
2007-12-06 12:07:00,5.6970,5.7070,5.6860,5.6990,1130528
2007-12-06 12:06:00,5.7000,5.7080,5.6850,5.6950,1512952
2007-12-06 12:05:00,5.7000,5.7090,5.6880,5.6990,1016960
2007-12-06 12:04:00,5.6970,5.7080,5.6860,5.6980,1528604
2007-12-06 12:03:00,5.6960,5.7050,5.6830,5.6950,1656592
2007-12-06 12:02:00,5.7040,5.7110,5.6840,5.6940,2014348
2007-12-06 12:01:00,5.7040,5.7140,5.6930,5.7020,1242388
2007-12-06 12:00:00,5.7060,5.7140,5.6930,5.7020,1916712
2007-12-06 11:59:00,5.7060,5.7130,5.6920,5.7040,839888
2007-12-06 11:58:00,5.7030,5.7140,5.6910,5.7040,2178176
2007-12-06 11:57:00,5.7010,5.7100,5.6890,5.7010,1483076
2007-12-06 11:56:00,5.6970,5.7060,5.6860,5.6980,1128484
2007-12-06 11:55:00,5.6960,5.7040,5.6820,5.6950,1409744
2007-12-06 11:54:00,5.7000,5.7050,5.6830,5.6940,1788976
2007-12-06 11:53:00,5.6990,5.7060,5.6850,5.6970,778736
2007-12-06 11:52:00,5.6990,5.7080,5.6860,5.6970,994196
2007-12-06 11:51:00,5.7010,5.7100,5.6880,5.6970,1378916
2007-12-06 11:50:00,5.7010,5.7080,5.6880,5.6990,765464
2007-12-06 11:49:00,5.7040,5.7100,5.6870,5.6990,1350832
2007-12-06 11:48:00,5.7050,5.7140,5.6920,5.7010,1362760
2007-12-06 11:47:00,5.7070,5.7140,5.6940,5.7040,1277640
2007-12-06 11:46:00,5.7000,5.7140,5.6890,5.7050,1293544
2007-12-06 11:45:00,5.6990,5.7070,5.6880,5.6980,1233204
2007-12-06 11:44:00,5.7060,5.7120,5.6850,5.6970,1746136
2007-12-06 11:43:00,5.7090,5.7150,5.6920,5.7040,1310680
2007-12-06 11:42:00,5.7000,5.7160,5.6890,5.7060,2312772
2007-12-06 11:41:00,5.6980,5.7080,5.6870,5.6980,1228304
2007-12-06 11:40:00,5.6940,5.7030,5.6830,5.6950,1128148
2007-12-06 11:39:00,5.6950,5.7030,5.6820,5.6930,1690108
2007-12-06 11:38:00,5.7000,5.7060,5.6830,5.6920,1628480
2007-12-06 11:37:00,5.7030,5.7090,5.6870,5.6980,894880
2007-12-06 11:36:00,5.6990,5.7100,5.6870,5.7010,1309756
2007-12-06 11:35:00,5.6980,5.7080,5.6860,5.6960,2016476
2007-12-06 11:34:00,5.7030,5.7110,5.6850,5.6950,2851324
2007-12-06 11:33:00,5.7070,5.7130,5.6900,5.7010,1561532
2007-12-06 11:32:00,5.7080,5.7200,5.6930,5.7040,1979012
2007-12-06 11:31:00,5.7110,5.7170,5.6930,5.7060,1882832
2007-12-06 11:30:00,5.7100,5.7180,5.6960,5.7080,831096
2007-12-06 11:29:00,5.7100,5.7200,5.6980,5.7070,970200
2007-12-06 11:28:00,5.7130,5.7200,5.6990,5.7080,671216
2007-12-06 11:27:00,5.7120,5.7200,5.7000,5.7110,837144
2007-12-06 11:26:00,5.7150,5.7210,5.6990,5.7100,1189608
2007-12-06 11:25:00,5.7150,5.7230,5.7030,5.7130,987448
2007-12-06 11:24:00,5.7110,5.7240,5.7000,5.7130,2367764
2007-12-06 11:23:00,5.7080,5.7180,5.6970,5.7100,1751932
2007-12-06 11:22:00,5.7080,5.7150,5.6950,5.7050,1395436
2007-12-06 11:21:00,5.7110,5.7170,5.6960,5.7050,1068844
2007-12-06 11:20:00,5.7150,5.7240,5.6990,5.7100,960456
2007-12-06 11:19:00,5.7170,5.7260,5.7040,5.7140,2145892
2007-12-06 11:18:00,5.7100,5.7230,5.6990,5.7150,1051652
2007-12-06 11:17:00,5.7120,5.7190,5.6970,5.7080,1203132
2007-12-06 11:16:00,5.7140,5.7200,5.7000,5.7100,728980
2007-12-06 11:15:00,5.7140,5.7260,5.7020,5.7110,2600836
2007-12-06 11:14:00,5.7120,5.7200,5.6980,5.7120,1599836
2007-12-06 11:13:00,5.7090,5.7200,5.6980,5.7100,2375604
2007-12-06 11:12:00,5.7080,5.7150,5.6960,5.7070,1923152
2007-12-06 11:11:00,5.7020,5.7140,5.6900,5.7050,1341452
2007-12-06 11:10:00,5.7010,5.7080,5.6830,5.7000,1509928
2007-12-06 11:09:00,5.7010,5.7100,5.6900,5.7000,1465716
2007-12-06 11:08:00,5.6990,5.7110,5.6880,5.6990,1262212
2007-12-06 11:07:00,5.6960,5.7050,5.6850,5.6960,1148140
2007-12-06 11:06:00,5.6950,5.7030,5.6740,5.6940,2623152
2007-12-06 11:05:00,5.6960,5.7050,5.6840,5.6930,1452416
2007-12-06 11:04:00,5.7040,5.7110,5.6850,5.6940,1784356
2007-12-06 11:03:00,5.7060,5.7130,5.6930,5.7030,775040
2007-12-06 11:02:00,5.7060,5.7140,5.6900,5.7040,1461572
2007-12-06 11:01:00,5.7130,5.7200,5.6930,5.7030,1901844
2007-12-06 11:00:00,5.7130,5.7200,5.7000,5.7110,920976
2007-12-06 10:59:00,5.7150,5.7210,5.7000,5.7100,828576
2007-12-06 10:58:00,5.7110,5.7210,5.6990,5.7120,707392
2007-12-06 10:57:00,5.7090,5.7220,5.6980,5.7090,1466136
2007-12-06 10:56:00,5.7080,5.7180,5.6960,5.7070,1010156
2007-12-06 10:55:00,5.7120,5.7180,5.6950,5.7050,1664404
2007-12-06 10:54:00,5.7140,5.7210,5.7000,5.7100,1277444
2007-12-06 10:53:00,5.7130,5.7200,5.7010,5.7120,1503040
2007-12-06 10:52:00,5.7060,5.7190,5.6950,5.7100,2294572
2007-12-06 10:51:00,5.7020,5.7120,5.6910,5.7030,2203656
2007-12-06 10:50:00,5.7030,5.7100,5.6900,5.7000,1428000
2007-12-06 10:49:00,5.7040,5.7110,5.6900,5.7010,1208564
2007-12-06 10:48:00,5.7060,5.7120,5.6890,5.7020,1063720
2007-12-06 10:47:00,5.7060,5.7140,5.6930,5.7030,1296848
2007-12-06 10:46:00,5.7040,5.7140,5.6920,5.7040,2278584
2007-12-06 10:45:00,5.6990,5.7110,5.6880,5.7020,1782900
2007-12-06 10:44:00,5.6900,5.7080,5.6790,5.6960,3174556
2007-12-06 10:43:00,5.6940,5.7020,5.6760,5.6880,2433116
2007-12-06 10:42:00,5.6900,5.7000,5.6780,5.6910,1907976
2007-12-06 10:41:00,5.6980,5.7040,5.6740,5.6880,3245312
2007-12-06 10:40:00,5.6990,5.7050,5.6850,5.6960,1312976
2007-12-06 10:39:00,5.6990,5.7070,5.6870,5.6970,1761200
2007-12-06 10:38:00,5.6940,5.7060,5.6810,5.6970,3375260
2007-12-06 10:37:00,5.6900,5.7040,5.6790,5.6920,3646412
2007-12-06 10:36:00,5.7020,5.7080,5.6790,5.6880,7692944
2007-12-06 10:35:00,5.7130,5.7190,5.6900,5.7000,4415852
2007-12-06 10:34:00,5.7140,5.7220,5.7010,5.7100,1903356
2007-12-06 10:33:00,5.7200,5.7260,5.7010,5.7120,1554952
2007-12-06 10:32:00,5.7200,5.7270,5.7070,5.7180,1302252
2007-12-06 10:31:00,5.7130,5.7270,5.7010,5.7170,2188676
2007-12-06 10:30:00,5.7170,5.7260,5.7010,5.7110,2236444
2007-12-06 10:29:00,5.7180,5.7280,5.7050,5.7160,1668800
2007-12-06 10:28:00,5.7230,5.7290,5.7060,5.7170,1447264
2007-12-06 10:27:00,5.7170,5.7320,5.7060,5.7220,1791580
2007-12-06 10:26:00,5.7130,5.7240,5.7000,5.7150,2417268
2007-12-06 10:25:00,5.7110,5.7200,5.6990,5.7110,2534644
2007-12-06 10:24:00,5.7190,5.7250,5.6990,5.7090,3207736
2007-12-06 10:23:00,5.7220,5.7290,5.7020,5.7170,3139528
2007-12-06 10:22:00,5.7270,5.7350,5.7110,5.7200,2514708
2007-12-06 10:21:00,5.7190,5.7340,5.7070,5.7240,1893836
2007-12-06 10:20:00,5.7180,5.7280,5.7040,5.7170,1871716
2007-12-06 10:19:00,5.7140,5.7260,5.7020,5.7160,2540104
2007-12-06 10:18:00,5.7170,5.7230,5.7020,5.7120,1885380
2007-12-06 10:17:00,5.7200,5.7260,5.7020,5.7150,2770908
2007-12-06 10:16:00,5.7200,5.7300,5.7080,5.7180,1572060
2007-12-06 10:15:00,5.7210,5.7340,5.7090,5.7190,1481004
2007-12-06 10:14:00,5.7230,5.7290,5.7070,5.7200,3109092
2007-12-06 10:13:00,5.7240,5.7340,5.7090,5.7220,3218908
2007-12-06 10:12:00,5.7300,5.7390,5.7130,5.7220,3043432
2007-12-06 10:11:00,5.7370,5.7450,5.7190,5.7280,3736432
2007-12-06 10:10:00,5.7310,5.7460,5.7200,5.7340,3871728
2007-12-06 10:09:00,5.7270,5.7390,5.7140,5.7280,2277968
2007-12-06 10:08:00,5.7340,5.7430,5.7160,5.7250,3173380
2007-12-06 10:07:00,5.7280,5.7400,5.7170,5.7310,1923348
2007-12-06 10:06:00,5.7360,5.7420,5.7160,5.7260,2503004
2007-12-06 10:05:00,5.7320,5.7420,5.7170,5.7330,3006360
2007-12-06 10:04:00,5.7290,5.7460,5.7150,5.7290,6887244
2007-12-06 10:03:00,5.7200,5.7370,5.7090,5.7270,6010284
2007-12-06 10:02:00,5.7170,5.7270,5.7020,5.7190,2479484
2007-12-06 10:01:00,5.7100,5.7250,5.6990,5.7150,3507028
2007-12-06 10:00:00,5.7070,5.7160,5.6940,5.7080,2698388
2007-12-06 09:59:00,5.7060,5.7160,5.6940,5.7060,2236948
2007-12-06 09:58:00,5.7140,5.7220,5.6940,5.7040,4051880
2007-12-06 09:57:00,5.7200,5.7270,5.6980,5.7140,4656400
2007-12-06 09:56:00,5.7250,5.7340,5.7080,5.7190,4657324
2007-12-06 09:55:00,5.7220,5.7310,5.7040,5.7230,4644976
2007-12-06 09:54:00,5.7130,5.7310,5.7010,5.7210,5581912
2007-12-06 09:53:00,5.7070,5.7180,5.6950,5.7100,1493100
2007-12-06 09:52:00,5.7120,5.7180,5.6940,5.7050,2371012
2007-12-06 09:51:00,5.7070,5.7200,5.6960,5.7090,2230788
2007-12-06 09:50:00,5.7110,5.7240,5.6960,5.7050,2247084
2007-12-06 09:49:00,5.7090,5.7250,5.6960,5.7080,5154408
2007-12-06 09:48:00,5.7130,5.7210,5.6960,5.7120,5037228
2007-12-06 09:47:00,5.7020,5.7190,5.6910,5.7110,4667628
2007-12-06 09:46:00,5.6990,5.7160,5.6870,5.6970,4965744
2007-12-06 09:45:00,5.7040,5.7100,5.6830,5.6970,5541620
2007-12-06 09:44:00,5.7100,5.7170,5.6930,5.7010,2974468
2007-12-06 09:43:00,5.7050,5.7200,5.6920,5.7090,2733976
2007-12-06 09:42:00,5.7180,5.7240,5.6930,5.7020,3470264
2007-12-06 09:41:00,5.7190,5.7270,5.6980,5.7150,4617844
2007-12-06 09:40:00,5.7180,5.7330,5.7030,5.7170,6541444
2007-12-06 09:39:00,5.7050,5.7240,5.6930,5.7150,6247780
2007-12-06 09:38:00,5.7080,5.7150,5.6910,5.7030,3826144
2007-12-06 09:37:00,5.7060,5.7210,5.6920,5.7070,7273728
2007-12-06 09:36:00,5.6910,5.7120,5.6790,5.7030,5249664
2007-12-06 09:35:00,5.7000,5.7100,5.6790,5.6880,11326448
2007-12-06 09:34:00,5.6770,5.7060,5.6650,5.6980,6521004
2007-12-06 09:33:00,5.6680,5.6890,5.6560,5.6740,7095144
2007-12-06 09:32:00,5.6590,5.6760,5.6470,5.6650,4790996
2007-12-06 09:31:00,5.6490,5.6660,5.6380,5.6570,3025512
2007-12-06 09:30:00,5.6470,5.6590,5.6330,5.6470,8592472
2007-12-06 09:29:00,5.6490,5.6580,5.6350,5.6440,163296
2007-12-06 09:28:00,5.6490,5.6550,5.6350,5.6440,60200
2007-12-06 09:27:00,5.6510,5.6580,5.6400,5.6490,224448
2007-12-06 09:26:00,5.6500,5.6570,5.6390,5.6490,66416
2007-12-06 09:25:00,5.6490,5.6570,5.6380,5.6480,98000
2007-12-06 09:24:00,5.6500,5.6560,5.6380,5.6470,19600
2007-12-06 09:23:00,5.6500,5.6570,5.6390,5.6490,40600
2007-12-06 09:22:00,5.6510,5.6570,5.6390,5.6470,76020
2007-12-06 09:21:00,5.6500,5.6570,5.6400,5.6490,14000
2007-12-06 09:20:00,5.6500,5.6570,5.6400,5.6490,22400
2007-12-06 09:19:00,5.6510,5.6580,5.6390,5.6480,112000
2007-12-06 09:18:00,5.6500,5.6580,5.6400,5.6500,12600
2007-12-06 09:17:00,5.6480,5.6560,5.6350,5.6490,33600
2007-12-06 09:16:00,5.6500,5.6560,5.6370,5.6480,22400
2007-12-06 09:15:00,5.6510,5.6570,5.6390,5.6490,90132
2007-12-06 09:14:00,5.6520,5.6580,5.6380,5.6500,100044
2007-12-06 09:13:00,5.6520,5.6590,5.6410,5.6500,155540
2007-12-06 09:12:00,5.6540,5.6600,5.6420,5.6500,12740
2007-12-06 09:11:00,5.6470,5.6610,5.6370,5.6530,75740
2007-12-06 09:10:00,5.6480,5.6540,5.6350,5.6460,51744
2007-12-06 09:09:00,5.6440,5.6530,5.6330,5.6440,64400
2007-12-06 09:08:00,5.6410,5.6500,5.6300,5.6420,151200
2007-12-06 09:07:00,5.6400,5.6490,5.6290,5.6400,162400
2007-12-06 09:06:00,5.6440,5.6510,5.6290,5.6380,123760
2007-12-06 09:05:00,5.6480,5.6540,5.6300,5.6390,83720
2007-12-06 09:04:00,5.6470,5.6550,5.6370,5.6470,101304
2007-12-06 09:03:00,5.6440,5.6530,5.6330,5.6450,169400
2007-12-06 09:02:00,5.6420,5.6520,5.6300,5.6420,57120
2007-12-06 09:01:00,5.6320,5.6520,5.6200,5.6400,284788
2007-12-06 09:00:00,5.6430,5.6560,5.6260,5.6370,316820
2007-12-06 08:59:00,5.6610,5.6670,5.6140,5.6400,693840
2007-12-06 08:58:00,5.6660,5.6720,5.6490,5.6590,106008
2007-12-06 08:57:00,5.6650,5.6720,5.6540,5.6640,25200
2007-12-06 08:56:00,5.6700,5.6760,5.6520,5.6620,139916
2007-12-06 08:55:00,5.6630,5.6760,5.6520,5.6680,166600
2007-12-06 08:54:00,5.6620,5.6680,5.6500,5.6600,91084
2007-12-06 08:53:00,5.6640,5.6700,5.6470,5.6570,86800
2007-12-06 08:52:00,5.6610,5.6710,5.6500,5.6630,146440
2007-12-06 08:51:00,5.6600,5.6680,5.6440,5.6590,107240
2007-12-06 08:50:00,5.6530,5.6660,5.6420,5.6590,45500
2007-12-06 08:49:00,5.6490,5.6590,5.6380,5.6510,56560
2007-12-06 08:48:00,5.6500,5.6580,5.6370,5.6500,80136
2007-12-06 08:47:00,5.6480,5.6550,5.6350,5.6440,88060
2007-12-06 08:46:00,5.6500,5.6560,5.6340,5.6460,342020
2007-12-06 08:45:00,5.6500,5.6560,5.6380,5.6470,224224
2007-12-06 08:44:00,5.6520,5.6580,5.6400,5.6480,85484
2007-12-06 08:43:00,5.6480,5.6590,5.6370,5.6480,276640
2007-12-06 08:42:00,5.6580,5.6640,5.6350,5.6450,377020
2007-12-06 08:41:00,5.6640,5.6700,5.6480,5.6570,162652
2007-12-06 08:40:00,5.6670,5.6730,5.6500,5.6610,200172
2007-12-06 08:39:00,5.6700,5.6780,5.6550,5.6650,193368
2007-12-06 08:38:00,5.6730,5.6800,5.6560,5.6680,368480
2007-12-06 08:36:00,5.6720,5.6790,5.6610,5.6710,28000
2007-12-06 08:35:00,5.6740,5.6800,5.6600,5.6700,103768
2007-12-06 08:34:00,5.6710,5.6800,5.6600,5.6690,35700
2007-12-06 08:32:00,5.6700,5.6810,5.6590,5.6710,240100
2007-12-06 08:31:00,5.6700,5.6780,5.6500,5.6680,311164
2007-12-06 08:30:00,5.6730,5.6790,5.6580,5.6670,245112
2007-12-06 08:29:00,5.6750,5.6800,5.6610,5.6710,91476
2007-12-06 08:28:00,5.6740,5.6800,5.6620,5.6720,33600
2007-12-06 08:27:00,5.6750,5.6820,5.6630,5.6710,121100
2007-12-06 08:26:00,5.6760,5.6830,5.6650,5.6760,24500
2007-12-06 08:25:00,5.6780,5.6830,5.6640,5.6730,100296
2007-12-06 08:24:00,5.6780,5.6830,5.6670,5.6760,16800
2007-12-06 08:23:00,5.6810,5.6870,5.6670,5.6760,13188
2007-12-06 08:22:00,5.6790,5.6850,5.6660,5.6770,30800
2007-12-06 08:21:00,5.6730,5.6850,5.6610,5.6770,51184
2007-12-06 08:20:00,5.6740,5.6800,5.6590,5.6690,62440
2007-12-06 08:19:00,5.6760,5.6820,5.6620,5.6740,70000
2007-12-06 08:18:00,5.6780,5.6840,5.6650,5.6740,8400
2007-12-06 08:17:00,5.6790,5.6850,5.6620,5.6760,241696
2007-12-06 08:16:00,5.6840,5.6900,5.6690,5.6780,41272
2007-12-06 08:15:00,5.6830,5.6890,5.6720,5.6810,11200
2007-12-06 08:14:00,5.6880,5.6930,5.6600,5.6760,134988
2007-12-06 08:13:00,5.6880,5.6940,5.6740,5.6840,241892
2007-12-06 08:12:00,5.6880,5.6950,5.6760,5.6860,72436
2007-12-06 08:11:00,5.6870,5.6970,5.6760,5.6870,59388
2007-12-06 08:10:00,5.6870,5.6940,5.6740,5.6860,183708
2007-12-06 08:09:00,5.6870,5.6940,5.6750,5.6840,122416
2007-12-06 08:08:00,5.6870,5.6970,5.6750,5.6840,428400
2007-12-06 08:07:00,5.6880,5.6940,5.6750,5.6860,121884
2007-12-06 08:06:00,5.6820,5.6940,5.6700,5.6840,330008
2007-12-06 08:05:00,5.6800,5.6870,5.6670,5.6790,343616
2007-12-06 08:04:00,5.6850,5.6910,5.6680,5.6770,107492
2007-12-06 08:03:00,5.6820,5.6910,5.6700,5.6800,190064
2007-12-06 08:02:00,5.6780,5.6910,5.6670,5.6830,351988
2007-12-06 08:01:00,5.6810,5.6880,5.6660,5.6790,112000
2007-12-06 08:00:00,5.6850,5.6910,5.6590,5.6740,489356
2007-12-06 07:59:00,5.6760,5.6820,5.6610,5.6700,11200
2007-12-06 07:58:00,5.6820,5.6880,5.6710,5.6800,28000
2007-12-06 07:57:00,5.6760,5.6880,5.6650,5.6800,145600
2007-12-06 07:56:00,5.6720,5.6820,5.6610,5.6740,36400
2007-12-06 07:55:00,5.6770,5.6830,5.6660,5.6760,14000
2007-12-06 07:54:00,5.6690,5.6760,5.6580,5.6670,32200
2007-12-06 07:53:00,5.6740,5.6800,5.6580,5.6670,109144
2007-12-06 07:52:00,5.6700,5.6800,5.6590,5.6720,28000
2007-12-06 07:51:00,5.6740,5.6800,5.6530,5.6720,107716
2007-12-06 07:49:00,5.6760,5.6820,5.6640,5.6730,35000
2007-12-06 07:48:00,5.6810,5.6870,5.6700,5.6790,58800
2007-12-06 07:47:00,5.6850,5.6920,5.6700,5.6830,95200
2007-12-06 07:46:00,5.6850,5.6910,5.6740,5.6830,109200
2007-12-06 07:45:00,5.6860,5.6910,5.6750,5.6840,2800
2007-12-06 07:44:00,5.6880,5.6940,5.6770,5.6860,11480
2007-12-06 07:41:00,5.6880,5.6970,5.6770,5.6890,28000
2007-12-06 07:40:00,5.6880,5.6940,5.6770,5.6860,14000
2007-12-06 07:39:00,5.6880,5.6940,5.6770,5.6860,7336
2007-12-06 07:38:00,5.6970,5.7020,5.6750,5.6850,97664
2007-12-06 07:37:00,5.7000,5.7060,5.6800,5.6890,213864
2007-12-06 07:36:00,5.6930,5.7090,5.6800,5.7010,66136
2007-12-06 07:35:00,5.6970,5.7030,5.6830,5.6920,19600
2007-12-06 07:34:00,5.7000,5.7060,5.6860,5.6950,48664
2007-12-06 07:33:00,5.7110,5.7170,5.6890,5.6980,54936
2007-12-06 07:32:00,5.7040,5.7120,5.6890,5.6980,119420
2007-12-06 07:31:00,5.7000,5.7060,5.6890,5.6980,3864
2007-12-06 07:30:00,5.6990,5.7060,5.6860,5.6980,22260
2007-12-06 07:29:00,5.6910,5.6970,5.6800,5.6890,17920
2007-12-06 07:28:00,5.6880,5.6930,5.6770,5.6860,2800
2007-12-06 07:27:00,5.6880,5.6930,5.6770,5.6860,2800
2007-12-06 07:25:00,5.6880,5.6930,5.6770,5.6860,2800
2007-12-06 07:24:00,5.6900,5.6970,5.6790,5.6890,19600
2007-12-06 07:23:00,5.6820,5.6960,5.6710,5.6880,71400
2007-12-06 07:22:00,5.6800,5.6860,5.6690,5.6780,16800
2007-12-06 07:19:00,5.6790,5.6860,5.6620,5.6730,22400
2007-12-06 07:18:00,5.6790,5.6850,5.6650,5.6740,22400
2007-12-06 07:17:00,5.6760,5.6820,5.6590,5.6680,11200
2007-12-06 07:16:00,5.6800,5.6860,5.6690,5.6780,14000
2007-12-06 07:15:00,5.6800,5.6930,5.6600,5.6730,96600
2007-12-06 07:14:00,5.6790,5.6920,5.6680,5.6830,58268
2007-12-06 07:13:00,5.6860,5.6930,5.6730,5.6820,422632
2007-12-06 07:12:00,5.6900,5.6960,5.6790,5.6880,5600
2007-12-06 07:11:00,5.6900,5.6960,5.6790,5.6880,8400
2007-12-06 07:09:00,5.6870,5.6930,5.6740,5.6830,24668
2007-12-06 07:08:00,5.6870,5.6970,5.6760,5.6850,58016
2007-12-06 07:07:00,5.6850,5.6930,5.6740,5.6850,64036
2007-12-06 07:06:00,5.6850,5.6910,5.6740,5.6830,22120
2007-12-06 07:05:00,5.6850,5.6910,5.6740,5.6830,8400
2007-12-06 07:04:00,5.6850,5.6920,5.6740,5.6830,44800
2007-12-06 07:03:00,5.6840,5.6910,5.6680,5.6830,47600
2007-12-06 07:02:00,5.6810,5.6900,5.6700,5.6790,47600
2007-12-06 07:01:00,5.6830,5.6960,5.6680,5.6770,56000
2007-12-06 06:40:00,5.6760,5.6830,5.6590,5.6760,40152
2007-12-06 06:39:00,5.6760,5.6820,5.6650,5.6740,8400
2007-12-06 06:38:00,5.6760,5.6820,5.6650,5.6740,12880
2007-12-06 06:29:00,5.6760,5.6820,5.6650,5.6740,2800
2007-12-06 06:26:00,5.6760,5.6820,5.6650,5.6740,16800
2007-12-06 06:22:00,5.6810,5.6880,5.6590,5.6680,33152
2007-12-06 06:14:00,5.6670,5.6880,5.6560,5.6800,50400
2007-12-06 06:10:00,5.6630,5.6680,5.6520,5.6600,13552
2007-12-06 04:56:00,5.6600,5.6650,5.6490,5.6570,5600
2007-12-06 04:55:00,5.6600,5.6650,5.6490,5.6570,6188
2007-12-06 04:54:00,5.6600,5.6650,5.6490,5.6570,2800
2007-12-06 04:53:00,5.6600,5.6660,5.6490,5.6580,45920
2007-12-06 04:42:00,5.6460,5.6520,5.6350,5.6440,2800
2007-12-06 04:20:00,5.6630,5.6680,5.6520,5.6600,8400
2007-12-06 04:15:00,5.6630,5.6680,5.6520,5.6600,2800
2007-12-05 19:59:00,5.6660,5.6720,5.6520,5.6600,42280
2007-12-05 19:58:00,5.6610,5.6700,5.6500,5.6620,16800
2007-12-05 19:57:00,5.6580,5.6650,5.6470,5.6570,33600
2007-12-05 19:56:00,5.6550,5.6630,5.6440,5.6550,8400
2007-12-05 19:55:00,5.6540,5.6590,5.6430,5.6510,15400
2007-12-05 19:54:00,5.6570,5.6630,5.6460,5.6540,5600
2007-12-05 19:53:00,5.6570,5.6630,5.6460,5.6550,2800
2007-12-05 19:52:00,5.6580,5.6640,5.6470,5.6560,8400
2007-12-05 19:51:00,5.6600,5.6660,5.6490,5.6590,8400
2007-12-05 19:50:00,5.6570,5.6630,5.6460,5.6550,14000
2007-12-05 19:49:00,5.6570,5.6630,5.6470,5.6550,8400
2007-12-05 19:46:00,5.6630,5.6690,5.6520,5.6610,6244
2007-12-05 19:45:00,5.6610,5.6670,5.6500,5.6590,13244
2007-12-05 19:44:00,5.6640,5.6700,5.6530,5.6620,2800
2007-12-05 19:41:00,5.6630,5.6700,5.6520,5.6620,16520
2007-12-05 19:39:00,5.6630,5.6680,5.6520,5.6600,12600
2007-12-05 19:38:00,5.6630,5.6680,5.6520,5.6600,4200
2007-12-05 19:37:00,5.6610,5.6670,5.6500,5.6590,4200
2007-12-05 19:36:00,5.6610,5.6670,5.6500,5.6590,19600
2007-12-05 19:35:00,5.6610,5.6660,5.6500,5.6590,7952
2007-12-05 19:34:00,5.6610,5.6660,5.6470,5.6560,19600
2007-12-05 19:33:00,5.6580,5.6660,5.6470,5.6560,10948
2007-12-05 19:32:00,5.6550,5.6650,5.6440,5.6570,18088
2007-12-05 19:30:00,5.6600,5.6650,5.6490,5.6570,12152
2007-12-05 19:28:00,5.6590,5.6650,5.6480,5.6570,11592
2007-12-05 19:26:00,5.6560,5.6620,5.6450,5.6540,14672
2007-12-05 19:20:00,5.6540,5.6600,5.6430,5.6520,2800
2007-12-05 19:19:00,5.6550,5.6610,5.6430,5.6520,28000
2007-12-05 19:13:00,5.6600,5.6650,5.6490,5.6570,2800
2007-12-05 19:11:00,5.6580,5.6650,5.6460,5.6550,56756
2007-12-05 19:09:00,5.6600,5.6660,5.6490,5.6570,14924
2007-12-05 19:08:00,5.6600,5.6650,5.6490,5.6570,56000
2007-12-05 19:06:00,5.6570,5.6630,5.6460,5.6550,6636
2007-12-05 19:05:00,5.6550,5.6610,5.6440,5.6530,13440
2007-12-05 19:04:00,5.6550,5.6620,5.6440,5.6540,16800
2007-12-05 19:01:00,5.6540,5.6610,5.6430,5.6530,5600
2007-12-05 19:00:00,5.6530,5.6590,5.6430,5.6510,4900
2007-12-05 18:57:00,5.6520,5.6580,5.6410,5.6500,8400
2007-12-05 18:56:00,5.6520,5.6580,5.6410,5.6500,19600
2007-12-05 18:54:00,5.6520,5.6580,5.6410,5.6500,5600
2007-12-05 18:52:00,5.6490,5.6580,5.6380,5.6500,53900
2007-12-05 18:51:00,5.6490,5.6560,5.6380,5.6480,16100
2007-12-05 18:50:00,5.6490,5.6550,5.6380,5.6470,19600
2007-12-05 18:47:00,5.6490,5.6550,5.6380,5.6470,9800
2007-12-05 18:46:00,5.6480,5.6540,5.6370,5.6460,5600
2007-12-05 18:44:00,5.6480,5.6550,5.6370,5.6470,33600
2007-12-05 18:43:00,5.6480,5.6540,5.6370,5.6450,7840
2007-12-05 18:38:00,5.6470,5.6530,5.6320,5.6410,9156
2007-12-05 18:36:00,5.6490,5.6550,5.6380,5.6470,8400
2007-12-05 18:35:00,5.6470,5.6530,5.6370,5.6450,2800
2007-12-05 18:30:00,5.6430,5.6490,5.6320,5.6410,2800
2007-12-05 18:28:00,5.6430,5.6490,5.6320,5.6410,26600
2007-12-05 18:27:00,5.6470,5.6530,5.6350,5.6440,27468
2007-12-05 18:24:00,5.6470,5.6530,5.6360,5.6450,2800
2007-12-05 18:23:00,5.6470,5.6530,5.6350,5.6440,10500
2007-12-05 18:21:00,5.6460,5.6520,5.6350,5.6440,8400
2007-12-05 18:20:00,5.6440,5.6520,5.6330,5.6440,26152
2007-12-05 18:17:00,5.6440,5.6500,5.6330,5.6420,7000
2007-12-05 18:16:00,5.6440,5.6500,5.6330,5.6420,2800
2007-12-05 18:15:00,5.6460,5.6510,5.6350,5.6430,47600
2007-12-05 18:11:00,5.6430,5.6510,5.6320,5.6430,117600
2007-12-05 18:10:00,5.6400,5.6460,5.6290,5.6380,3276
2007-12-05 18:09:00,5.6400,5.6490,5.6290,5.6410,13524
2007-12-05 18:07:00,5.6400,5.6460,5.6290,5.6380,12796
2007-12-05 18:06:00,5.6400,5.6460,5.6300,5.6380,8400
2007-12-05 18:04:00,5.6400,5.6460,5.6300,5.6380,2800
2007-12-05 18:03:00,5.6400,5.6460,5.6300,5.6380,2800
2007-12-05 18:02:00,5.6400,5.6460,5.6300,5.6380,2800
2007-12-05 18:01:00,5.6400,5.6460,5.6290,5.6380,2800
2007-12-05 17:56:00,5.6430,5.6490,5.6290,5.6380,15344
2007-12-05 17:55:00,5.6410,5.6470,5.6300,5.6390,32900
2007-12-05 17:54:00,5.6390,5.6460,5.6280,5.6380,222096
2007-12-05 17:52:00,5.6390,5.6450,5.6280,5.6370,2800
2007-12-05 17:51:00,5.6380,5.6440,5.6270,5.6360,2800
2007-12-05 17:50:00,5.6390,5.6440,5.6280,5.6370,8400
2007-12-05 17:49:00,5.6390,5.6450,5.6270,5.6360,136276
2007-12-05 17:48:00,5.6370,5.6420,5.6260,5.6350,11676
2007-12-05 17:46:00,5.6370,5.6430,5.6260,5.6350,8400
2007-12-05 17:44:00,5.6390,5.6450,5.6280,5.6370,2800
2007-12-05 17:43:00,5.6370,5.6450,5.6260,5.6350,44800
2007-12-05 17:42:00,5.6370,5.6420,5.6260,5.6350,14000
2007-12-05 17:41:00,5.6390,5.6450,5.6260,5.6350,149800
2007-12-05 17:40:00,5.6390,5.6440,5.6280,5.6370,25200
2007-12-05 17:38:00,5.6390,5.6440,5.6260,5.6340,19600
2007-12-05 17:37:00,5.6370,5.6420,5.6260,5.6340,39200
2007-12-05 17:35:00,5.6360,5.6420,5.6260,5.6340,2800
2007-12-05 17:34:00,5.6390,5.6440,5.6280,5.6370,14000
2007-12-05 17:31:00,5.6390,5.6450,5.6280,5.6370,19516
2007-12-05 17:29:00,5.6370,5.6420,5.6260,5.6350,15036
2007-12-05 17:28:00,5.6370,5.6430,5.6250,5.6330,78400
2007-12-05 17:26:00,5.6380,5.6450,5.6270,5.6370,8400
2007-12-05 17:25:00,5.6390,5.6460,5.6260,5.6370,62076
2007-12-05 17:24:00,5.6390,5.6440,5.6280,5.6370,5600
2007-12-05 17:23:00,5.6350,5.6410,5.6240,5.6330,7616
2007-12-05 17:21:00,5.6370,5.6420,5.6260,5.6350,14084
2007-12-05 17:20:00,5.6360,5.6420,5.6250,5.6350,44240
2007-12-05 17:18:00,5.6400,5.6460,5.6240,5.6330,119168
2007-12-05 17:17:00,5.6400,5.6450,5.6290,5.6370,16800
2007-12-05 17:16:00,5.6380,5.6460,5.6270,5.6380,119000
2007-12-05 17:15:00,5.6380,5.6450,5.6270,5.6370,55020
2007-12-05 17:14:00,5.6360,5.6420,5.6250,5.6340,26740
2007-12-05 17:13:00,5.6380,5.6440,5.6270,5.6360,61432
2007-12-05 17:12:00,5.6380,5.6440,5.6270,5.6360,65968
2007-12-05 17:11:00,5.6350,5.6440,5.6240,5.6360,114800
2007-12-05 17:10:00,5.6350,5.6440,5.6240,5.6360,70000
2007-12-05 17:09:00,5.6330,5.6390,5.6230,5.6320,15400
2007-12-05 17:08:00,5.6320,5.6390,5.6210,5.6310,247996
2007-12-05 17:06:00,5.6060,5.6380,5.5950,5.6300,453040
2007-12-05 17:04:00,5.6300,5.6370,5.6190,5.6290,36400
2007-12-05 17:03:00,5.6320,5.6370,5.6210,5.6300,2800
2007-12-05 17:00:00,5.6300,5.6360,5.6190,5.6280,14000
2007-12-05 16:57:00,5.6320,5.6370,5.6200,5.6300,16800
2007-12-05 16:56:00,5.6300,5.6360,5.6190,5.6280,5600
2007-12-05 16:54:00,5.6250,5.6300,5.6140,5.6230,5040
2007-12-05 16:53:00,5.6320,5.6380,5.6210,5.6300,8400
2007-12-05 16:52:00,5.6310,5.6380,5.6200,5.6300,16800
2007-12-05 16:51:00,5.6310,5.6360,5.6200,5.6290,8400
2007-12-05 16:49:00,5.6300,5.6360,5.6190,5.6280,77700
2007-12-05 16:48:00,5.6290,5.6350,5.6180,5.6270,36400
2007-12-05 16:47:00,5.6000,5.6060,5.5890,5.5980,3808
2007-12-05 16:46:00,5.6290,5.6350,5.6180,5.6270,22400
2007-12-05 16:45:00,5.6250,5.6300,5.6090,5.6180,92428
2007-12-05 16:43:00,5.6250,5.6300,5.6140,5.6230,12012
2007-12-05 16:42:00,5.6260,5.6350,5.6140,5.6270,128520
2007-12-05 16:41:00,5.6260,5.6320,5.6150,5.6240,45220
2007-12-05 16:40:00,5.6260,5.6320,5.6140,5.6230,55860
2007-12-05 16:39:00,5.6250,5.6300,5.6140,5.6230,3332
2007-12-05 16:38:00,5.6250,5.6300,5.6140,5.6230,8400
2007-12-05 16:37:00,5.6230,5.6290,5.6120,5.6210,2800
2007-12-05 16:35:00,5.6230,5.6290,5.6120,5.6210,12040
2007-12-05 16:34:00,5.6250,5.6300,5.6140,5.6230,30884
2007-12-05 16:33:00,5.6240,5.6300,5.6130,5.6220,11200
2007-12-05 16:30:00,5.6220,5.6300,5.6110,5.6230,60396
2007-12-05 16:26:00,5.6200,5.6270,5.6090,5.6200,19432
2007-12-05 16:25:00,5.6220,5.6290,5.6110,5.6200,12880
2007-12-05 16:24:00,5.5920,5.6270,5.5810,5.6200,16800
2007-12-05 16:22:00,5.6220,5.6270,5.6110,5.6200,7868
2007-12-05 16:21:00,5.6230,5.6290,5.6110,5.6200,36512
2007-12-05 16:20:00,5.6250,5.6300,5.6120,5.6210,159628
2007-12-05 16:19:00,5.6240,5.6300,5.6130,5.6220,61600
2007-12-05 16:18:00,5.6250,5.6300,5.6140,5.6230,37296
2007-12-05 16:17:00,5.6250,5.6300,5.6140,5.6230,11200
2007-12-05 16:15:00,5.6250,5.6310,5.6130,5.6220,31724
2007-12-05 16:13:00,5.6250,5.6300,5.6140,5.6230,2800
2007-12-05 16:12:00,5.6260,5.6320,5.5810,5.5910,270032
2007-12-05 16:11:00,5.5850,5.6320,5.5740,5.6240,311752
2007-12-05 16:10:00,5.6250,5.6320,5.5810,5.5900,174328
2007-12-05 16:09:00,5.6250,5.6300,5.6140,5.6230,2800
2007-12-05 16:08:00,5.5920,5.5980,5.5810,5.5900,15036
2007-12-05 16:07:00,5.6260,5.6330,5.5810,5.5900,237132
2007-12-05 16:06:00,5.6260,5.6320,5.6140,5.6240,58240
2007-12-05 16:05:00,5.6250,5.6300,5.6140,5.6230,25088
2007-12-05 16:04:00,5.6250,5.6300,5.6140,5.6230,33936
2007-12-05 16:03:00,5.6250,5.6300,5.6130,5.6220,130956
2007-12-05 16:02:00,5.6250,5.6300,5.6110,5.6220,65072
2007-12-05 16:01:00,5.6250,5.6330,5.6130,5.6230,477400
2007-12-05 16:00:00,5.6250,5.6380,5.6120,5.6260,13178396
2007-12-05 15:59:00,5.6250,5.6330,5.6120,5.6210,4648952
2007-12-05 15:58:00,5.6270,5.6360,5.6110,5.6210,4380180
2007-12-05 15:57:00,5.6260,5.6340,5.6120,5.6260,3128328
2007-12-05 15:56:00,5.6200,5.6340,5.6080,5.6250,5315940
2007-12-05 15:55:00,5.6210,5.6280,5.6050,5.6170,3122672
2007-12-05 15:54:00,5.6150,5.6270,5.6030,5.6200,3280284
2007-12-05 15:53:00,5.6200,5.6260,5.6030,5.6120,3357788
2007-12-05 15:52:00,5.6200,5.6290,5.6080,5.6180,2005360
2007-12-05 15:51:00,5.6190,5.6280,5.6050,5.6180,3206252
2007-12-05 15:50:00,5.6120,5.6250,5.6010,5.6170,3607772
2007-12-05 15:49:00,5.6130,5.6200,5.5990,5.6100,2761864
2007-12-05 15:48:00,5.6140,5.6230,5.6020,5.6100,1939168
2007-12-05 15:47:00,5.6130,5.6200,5.6000,5.6120,1382948
2007-12-05 15:46:00,5.6080,5.6210,5.5950,5.6110,2309328
2007-12-05 15:45:00,5.6150,5.6210,5.5970,5.6070,2901864
2007-12-05 15:44:00,5.6210,5.6290,5.6040,5.6130,2574404
2007-12-05 15:43:00,5.6190,5.6270,5.6070,5.6190,3539452
2007-12-05 15:42:00,5.6090,5.6240,5.5960,5.6170,4145260
2007-12-05 15:41:00,5.6120,5.6170,5.5910,5.6070,2751532
2007-12-05 15:40:00,5.6130,5.6210,5.6000,5.6090,1921500
2007-12-05 15:39:00,5.6130,5.6210,5.6010,5.6100,2877868
2007-12-05 15:38:00,5.6060,5.6210,5.5930,5.6100,5212312
2007-12-05 15:37:00,5.6020,5.6120,5.5900,5.6040,1465856
2007-12-05 15:36:00,5.6030,5.6120,5.5900,5.6000,1619072
2007-12-05 15:35:00,5.6040,5.6120,5.5910,5.6000,1681680
2007-12-05 15:34:00,5.6060,5.6130,5.5900,5.6020,1814708
2007-12-05 15:33:00,5.6000,5.6130,5.5890,5.6040,2721320
2007-12-05 15:32:00,5.5960,5.6060,5.5840,5.5980,1205932
2007-12-05 15:31:00,5.5960,5.6070,5.5850,5.5950,1265068
2007-12-05 15:30:00,5.6000,5.6060,5.5840,5.5940,1315272
2007-12-05 15:29:00,5.5960,5.6050,5.5840,5.5980,1061648
2007-12-05 15:28:00,5.5990,5.6060,5.5840,5.5940,1191204
2007-12-05 15:27:00,5.6020,5.6110,5.5880,5.5970,1105188
2007-12-05 15:26:00,5.6030,5.6110,5.5890,5.5990,1408848
2007-12-05 15:25:00,5.5980,5.6080,5.5870,5.6000,1117172
2007-12-05 15:24:00,5.6030,5.6090,5.5870,5.5960,1536836
2007-12-05 15:23:00,5.6040,5.6110,5.5880,5.6000,1059324
2007-12-05 15:22:00,5.6040,5.6120,5.5890,5.6020,2172464
2007-12-05 15:21:00,5.6040,5.6120,5.5880,5.6020,2237060
2007-12-05 15:20:00,5.6060,5.6140,5.5900,5.6010,2017400
2007-12-05 15:19:00,5.5990,5.6130,5.5860,5.6040,2477972
2007-12-05 15:18:00,5.5990,5.6050,5.5830,5.5960,1689716
2007-12-05 15:17:00,5.5980,5.6050,5.5860,5.5970,1168300
2007-12-05 15:16:00,5.5980,5.6050,5.5820,5.5960,2175124
2007-12-05 15:15:00,5.6000,5.6120,5.5860,5.5950,2550940
2007-12-05 15:14:00,5.6020,5.6070,5.5870,5.5970,1888572
2007-12-05 15:13:00,5.5940,5.6080,5.5830,5.6000,2166052
2007-12-05 15:12:00,5.5970,5.6030,5.5810,5.5920,3547712
2007-12-05 15:11:00,5.5930,5.6050,5.5810,5.5950,2585156
2007-12-05 15:10:00,5.5840,5.6010,5.5730,5.5910,4391688
2007-12-05 15:09:00,5.5830,5.5950,5.5720,5.5830,1748180
2007-12-05 15:08:00,5.5830,5.5920,5.5710,5.5820,1031100
2007-12-05 15:07:00,5.5870,5.5930,5.5710,5.5810,1177400
2007-12-05 15:06:00,5.5810,5.5950,5.5700,5.5850,1629012
2007-12-05 15:05:00,5.5820,5.5880,5.5670,5.5780,1209964
2007-12-05 15:04:00,5.5780,5.5940,5.5670,5.5800,1497328
2007-12-05 15:03:00,5.5830,5.5900,5.5660,5.5760,1570492
2007-12-05 15:02:00,5.5820,5.5950,5.5710,5.5820,1854104
2007-12-05 15:01:00,5.5750,5.5880,5.5640,5.5800,1156932
2007-12-05 15:00:00,5.5760,5.5830,5.5580,5.5730,1255884
2007-12-05 14:59:00,5.5820,5.5890,5.5640,5.5740,1081276
2007-12-05 14:58:00,5.5760,5.5880,5.5640,5.5800,2096920
2007-12-05 14:57:00,5.5710,5.5840,5.5580,5.5740,1582504
2007-12-05 14:56:00,5.5740,5.5820,5.5560,5.5690,1730512
2007-12-05 14:55:00,5.5770,5.5830,5.5610,5.5720,1600536
2007-12-05 14:54:00,5.5720,5.5820,5.5550,5.5740,2397416
2007-12-05 14:53:00,5.5760,5.5850,5.5610,5.5700,2256016
2007-12-05 14:52:00,5.5820,5.5880,5.5630,5.5740,2253608
2007-12-05 14:51:00,5.5910,5.5960,5.5700,5.5800,2545004
2007-12-05 14:50:00,5.5890,5.5990,5.5760,5.5890,1545040
2007-12-05 14:49:00,5.5890,5.5990,5.5770,5.5880,1265488
2007-12-05 14:48:00,5.5890,5.5990,5.5770,5.5860,2019948
2007-12-05 14:47:00,5.5830,5.5950,5.5720,5.5870,1441076
2007-12-05 14:46:00,5.5850,5.5930,5.5730,5.5820,913388
2007-12-05 14:45:00,5.5830,5.5950,5.5720,5.5830,2367904
2007-12-05 14:44:00,5.5790,5.5890,5.5680,5.5810,1697248
2007-12-05 14:43:00,5.5790,5.5860,5.5650,5.5770,1106028
2007-12-05 14:42:00,5.5740,5.5880,5.5630,5.5760,1392076
2007-12-05 14:41:00,5.5760,5.5890,5.5620,5.5720,2992276
2007-12-05 14:40:00,5.5680,5.5830,5.5570,5.5740,1859396
2007-12-05 14:39:00,5.5680,5.5760,5.5540,5.5670,767200
2007-12-05 14:38:00,5.5670,5.5770,5.5530,5.5670,1346604
2007-12-05 14:37:00,5.5660,5.5730,5.5520,5.5640,916832
2007-12-05 14:36:00,5.5630,5.5730,5.5490,5.5630,1479632
2007-12-05 14:35:00,5.5730,5.5790,5.5500,5.5600,2746436
2007-12-05 14:34:00,5.5730,5.5840,5.5610,5.5710,2138640
2007-12-05 14:33:00,5.5700,5.5810,5.5590,5.5710,2500596
2007-12-05 14:32:00,5.5630,5.5760,5.5490,5.5680,2469824
2007-12-05 14:31:00,5.5660,5.5720,5.5500,5.5590,2006116
2007-12-05 14:30:00,5.5700,5.5770,5.5500,5.5630,2421412
2007-12-05 14:29:00,5.5670,5.5780,5.5540,5.5690,1522528
2007-12-05 14:28:00,5.5660,5.5770,5.5510,5.5650,2339148
2007-12-05 14:27:00,5.5650,5.5760,5.5510,5.5640,1754508
2007-12-05 14:26:00,5.5700,5.5760,5.5540,5.5640,2684528
2007-12-05 14:25:00,5.5660,5.5770,5.5520,5.5680,2634856
2007-12-05 14:24:00,5.5630,5.5750,5.5470,5.5640,3977428
2007-12-05 14:23:00,5.5700,5.5790,5.5520,5.5630,3486420
2007-12-05 14:22:00,5.5710,5.5780,5.5560,5.5680,2648884
2007-12-05 14:21:00,5.5750,5.5820,5.5590,5.5690,3106096
2007-12-05 14:20:00,5.5830,5.5890,5.5620,5.5730,3621604
2007-12-05 14:19:00,5.5820,5.5920,5.5710,5.5800,1680476
2007-12-05 14:18:00,5.5790,5.5910,5.5690,5.5800,1744736
2007-12-05 14:17:00,5.5900,5.5960,5.5680,5.5770,3292996
2007-12-05 14:16:00,5.5870,5.5980,5.5760,5.5870,1402660
2007-12-05 14:15:00,5.5940,5.6010,5.5750,5.5850,2427264
2007-12-05 14:14:00,5.5950,5.6040,5.5820,5.5920,1198764
2007-12-05 14:13:00,5.5980,5.6030,5.5830,5.5920,1323672
2007-12-05 14:12:00,5.6020,5.6080,5.5870,5.5970,674744
2007-12-05 14:11:00,5.6010,5.6080,5.5880,5.6000,1169868
2007-12-05 14:10:00,5.6020,5.6120,5.5900,5.5990,2369416
2007-12-05 14:09:00,5.5960,5.6100,5.5840,5.6000,2349480
2007-12-05 14:08:00,5.6000,5.6080,5.5850,5.5940,1138200
2007-12-05 14:07:00,5.5990,5.6070,5.5870,5.5980,883876
2007-12-05 14:06:00,5.6000,5.6090,5.5840,5.5970,1298780
2007-12-05 14:05:00,5.6020,5.6080,5.5860,5.5990,1139740
2007-12-05 14:04:00,5.5980,5.6070,5.5850,5.5990,945532
2007-12-05 14:03:00,5.5940,5.6050,5.5830,5.5960,908880
2007-12-05 14:02:00,5.5950,5.6010,5.5820,5.5920,1280328
2007-12-05 14:01:00,5.6010,5.6070,5.5840,5.5930,1088668
2007-12-05 14:00:00,5.6000,5.6070,5.5870,5.5990,778904
2007-12-05 13:59:00,5.5970,5.6070,5.5870,5.5980,929180
2007-12-05 13:58:00,5.6000,5.6070,5.5860,5.5960,665532
2007-12-05 13:57:00,5.6030,5.6090,5.5880,5.5970,1785420
2007-12-05 13:56:00,5.5940,5.6090,5.5820,5.6010,1508360
2007-12-05 13:55:00,5.5950,5.6030,5.5790,5.5930,1356404
2007-12-05 13:54:00,5.6000,5.6070,5.5840,5.5930,1887788
2007-12-05 13:53:00,5.5980,5.6100,5.5840,5.5980,2106440
2007-12-05 13:52:00,5.5920,5.6060,5.5800,5.5960,4260368
2007-12-05 13:51:00,5.5910,5.5990,5.5790,5.5890,1341340
2007-12-05 13:50:00,5.5890,5.5980,5.5780,5.5890,1169000
2007-12-05 13:49:00,5.5890,5.5980,5.5760,5.5860,1705256
2007-12-05 13:48:00,5.5950,5.6020,5.5780,5.5860,2228912
2007-12-05 13:47:00,5.5930,5.6010,5.5810,5.5930,1567048
2007-12-05 13:46:00,5.5930,5.6020,5.5810,5.5910,1462300
2007-12-05 13:45:00,5.5930,5.6010,5.5790,5.5920,2190468
2007-12-05 13:44:00,5.5960,5.6030,5.5810,5.5900,1250956
2007-12-05 13:43:00,5.5960,5.6030,5.5840,5.5930,806960
2007-12-05 13:42:00,5.5950,5.6030,5.5830,5.5950,1375612
2007-12-05 13:41:00,5.6000,5.6050,5.5850,5.5930,1450288
2007-12-05 13:40:00,5.6010,5.6080,5.5880,5.5980,1185156
2007-12-05 13:39:00,5.6060,5.6110,5.5900,5.5990,992544
2007-12-05 13:38:00,5.6080,5.6150,5.5950,5.6040,1334928
2007-12-05 13:37:00,5.6030,5.6140,5.5920,5.6060,1494808
2007-12-05 13:36:00,5.6040,5.6110,5.5890,5.6010,1401820
2007-12-05 13:35:00,5.6020,5.6130,5.5910,5.6020,1376480
2007-12-05 13:34:00,5.6040,5.6110,5.5910,5.6000,996072
2007-12-05 13:33:00,5.6050,5.6140,5.5900,5.6020,2435160
2007-12-05 13:32:00,5.6010,5.6120,5.5910,5.6030,1368780
2007-12-05 13:31:00,5.6020,5.6080,5.5860,5.6000,834652
2007-12-05 13:30:00,5.6010,5.6080,5.5850,5.5990,994028
2007-12-05 13:29:00,5.6040,5.6100,5.5850,5.5990,1081276
2007-12-05 13:28:00,5.5950,5.6100,5.5840,5.6020,1235528
2007-12-05 13:27:00,5.6020,5.6090,5.5840,5.5930,2105712
2007-12-05 13:26:00,5.5980,5.6080,5.5870,5.5990,1929956
2007-12-05 13:25:00,5.5930,5.6050,5.5820,5.5960,2149252
2007-12-05 13:24:00,5.5940,5.6040,5.5810,5.5910,1413776
2007-12-05 13:23:00,5.5950,5.6050,5.5810,5.5960,1405936
2007-12-05 13:22:00,5.5970,5.6030,5.5790,5.5920,1457036
2007-12-05 13:21:00,5.5930,5.6060,5.5780,5.5950,2633568
2007-12-05 13:20:00,5.5850,5.6000,5.5730,5.5910,2659020
2007-12-05 13:19:00,5.5860,5.5950,5.5740,5.5830,1865108
2007-12-05 13:18:00,5.5910,5.5970,5.5730,5.5840,2355556
2007-12-05 13:17:00,5.5900,5.6000,5.5750,5.5890,2318036
2007-12-05 13:16:00,5.5900,5.6000,5.5770,5.5880,2153088
2007-12-05 13:15:00,5.5950,5.6000,5.5750,5.5880,1863344
2007-12-05 13:14:00,5.5930,5.6030,5.5790,5.5920,1690836
2007-12-05 13:13:00,5.5950,5.6060,5.5760,5.5910,2776228
2007-12-05 13:12:00,5.5830,5.6000,5.5650,5.5930,5645584
2007-12-05 13:11:00,5.6010,5.6080,5.5720,5.5810,6087676
2007-12-05 13:10:00,5.6020,5.6090,5.5890,5.6000,2731512
2007-12-05 13:09:00,5.6050,5.6140,5.5890,5.5980,2620772
2007-12-05 13:08:00,5.6050,5.6170,5.5920,5.6030,1610308
2007-12-05 13:07:00,5.6100,5.6170,5.5940,5.6030,1278312
2007-12-05 13:06:00,5.6110,5.6180,5.5970,5.6080,1176980
2007-12-05 13:05:00,5.6130,5.6190,5.5990,5.6090,1003044
2007-12-05 13:04:00,5.6110,5.6190,5.5980,5.6110,1222536
2007-12-05 13:03:00,5.6080,5.6190,5.5970,5.6100,1066968
2007-12-05 13:02:00,5.6130,5.6210,5.5980,5.6070,1032640
2007-12-05 13:01:00,5.6110,5.6230,5.5970,5.6110,2211776
2007-12-05 13:00:00,5.6040,5.6170,5.5900,5.6090,3271464
2007-12-05 12:59:00,5.6150,5.6210,5.5930,5.6030,1807176
2007-12-05 12:58:00,5.6130,5.6230,5.5990,5.6140,3379824
2007-12-05 12:57:00,5.6090,5.6220,5.5970,5.6100,2483320
2007-12-05 12:56:00,5.6070,5.6190,5.5960,5.6070,2654652
2007-12-05 12:55:00,5.6110,5.6190,5.5960,5.6050,2266964
2007-12-05 12:54:00,5.6130,5.6220,5.5970,5.6090,3705884
2007-12-05 12:53:00,5.6200,5.6280,5.6020,5.6120,1448244
2007-12-05 12:52:00,5.6180,5.6350,5.6070,5.6190,1346828
2007-12-05 12:51:00,5.6140,5.6240,5.6030,5.6150,753928
2007-12-05 12:50:00,5.6180,5.6240,5.6030,5.6120,1373316
2007-12-05 12:49:00,5.6180,5.6260,5.6070,5.6160,857696
2007-12-05 12:48:00,5.6230,5.6300,5.6070,5.6160,1564248
2007-12-05 12:47:00,5.6260,5.6320,5.6100,5.6210,1315664
2007-12-05 12:46:00,5.6300,5.6380,5.6140,5.6250,1321376
2007-12-05 12:45:00,5.6290,5.6360,5.6170,5.6280,527548
2007-12-05 12:44:00,5.6340,5.6410,5.6180,5.6270,1338372
2007-12-05 12:43:00,5.6310,5.6390,5.6180,5.6300,1415792
2007-12-05 12:42:00,5.6270,5.6380,5.6170,5.6290,894572
2007-12-05 12:41:00,5.6260,5.6360,5.6150,5.6260,771960
2007-12-05 12:40:00,5.6260,5.6320,5.6110,5.6240,1537144
2007-12-05 12:39:00,5.6300,5.6370,5.6150,5.6240,1558144
2007-12-05 12:38:00,5.6290,5.6380,5.6180,5.6290,1100988
2007-12-05 12:37:00,5.6280,5.6360,5.6120,5.6270,1925840
2007-12-05 12:36:00,5.6250,5.6350,5.6130,5.6270,2285024
2007-12-05 12:35:00,5.6210,5.6320,5.6100,5.6220,1795472
2007-12-05 12:34:00,5.6160,5.6280,5.6050,5.6190,2229360
2007-12-05 12:33:00,5.6110,5.6240,5.6000,5.6140,1570632
2007-12-05 12:32:00,5.6130,5.6210,5.6000,5.6090,1264452
2007-12-05 12:31:00,5.6110,5.6190,5.5990,5.6100,1266440
2007-12-05 12:30:00,5.6090,5.6180,5.5960,5.6090,1897700
2007-12-05 12:29:00,5.6080,5.6180,5.5970,5.6070,1656256
2007-12-05 12:28:00,5.6110,5.6190,5.5970,5.6060,1460424
2007-12-05 12:27:00,5.6160,5.6240,5.6000,5.6090,1831228
2007-12-05 12:26:00,5.6120,5.6240,5.6010,5.6130,2359140
2007-12-05 12:25:00,5.6090,5.6190,5.5940,5.6100,2255372
2007-12-05 12:24:00,5.6080,5.6150,5.5910,5.6070,2849896
2007-12-05 12:23:00,5.6100,5.6180,5.5960,5.6050,1563660
2007-12-05 12:22:00,5.6090,5.6170,5.5980,5.6080,1780884
2007-12-05 12:21:00,5.6150,5.6210,5.5960,5.6070,3548776
2007-12-05 12:20:00,5.6150,5.6240,5.6030,5.6130,1425704
2007-12-05 12:19:00,5.6180,5.6250,5.6040,5.6130,2076200
2007-12-05 12:18:00,5.6200,5.6260,5.6060,5.6160,1797096
2007-12-05 12:17:00,5.6220,5.6280,5.6090,5.6180,856184
2007-12-05 12:16:00,5.6210,5.6290,5.6100,5.6200,1411592
2007-12-05 12:15:00,5.6170,5.6290,5.6070,5.6200,2267804
2007-12-05 12:14:00,5.6180,5.6270,5.6070,5.6160,3242708
2007-12-05 12:13:00,5.6230,5.6320,5.6060,5.6160,3255308
2007-12-05 12:12:00,5.6280,5.6340,5.6110,5.6210,3312680
2007-12-05 12:11:00,5.6320,5.6380,5.6150,5.6260,3018540
2007-12-05 12:10:00,5.6320,5.6390,5.6190,5.6290,1854244
2007-12-05 12:09:00,5.6330,5.6390,5.6180,5.6300,3226104
2007-12-05 12:08:00,5.6370,5.6430,5.6200,5.6310,2613576
2007-12-05 12:07:00,5.6360,5.6440,5.6240,5.6360,1959944
2007-12-05 12:06:00,5.6380,5.6440,5.6240,5.6350,1879220
2007-12-05 12:05:00,5.6390,5.6440,5.6240,5.6350,2500568
2007-12-05 12:04:00,5.6390,5.6460,5.6250,5.6370,3455592
2007-12-05 12:03:00,5.6370,5.6450,5.6250,5.6370,2568720
2007-12-05 12:02:00,5.6380,5.6430,5.6240,5.6350,1663032
2007-12-05 12:01:00,5.6350,5.6450,5.6240,5.6360,3092824
2007-12-05 12:00:00,5.6280,5.6420,5.6170,5.6330,3422356
2007-12-05 11:59:00,5.6290,5.6340,5.6140,5.6260,2167116
2007-12-05 11:58:00,5.6310,5.6400,5.6180,5.6270,2196012
2007-12-05 11:57:00,5.6330,5.6390,5.6190,5.6290,1370404
2007-12-05 11:56:00,5.6300,5.6390,5.6190,5.6310,2707124
2007-12-05 11:55:00,5.6280,5.6360,5.6160,5.6280,1478400
2007-12-05 11:54:00,5.6270,5.6350,5.6160,5.6260,1548344
2007-12-05 11:53:00,5.6290,5.6370,5.6150,5.6260,2501856
2007-12-05 11:52:00,5.6250,5.6350,5.6120,5.6270,2837632
2007-12-05 11:51:00,5.6240,5.6330,5.6130,5.6230,2056180
2007-12-05 11:50:00,5.6240,5.6300,5.6120,5.6220,1804516
2007-12-05 11:49:00,5.6230,5.6300,5.6120,5.6210,1593816
2007-12-05 11:48:00,5.6230,5.6300,5.6090,5.6210,2629620
2007-12-05 11:47:00,5.6170,5.6300,5.6040,5.6210,2864512
2007-12-05 11:46:00,5.6190,5.6250,5.6040,5.6150,2115372
2007-12-05 11:45:00,5.6170,5.6260,5.6050,5.6170,2159640
2007-12-05 11:44:00,5.6130,5.6240,5.6020,5.6140,3257436
2007-12-05 11:43:00,5.6100,5.6220,5.5990,5.6110,2828588
2007-12-05 11:42:00,5.6110,5.6180,5.5990,5.6080,1136856
2007-12-05 11:41:00,5.6100,5.6180,5.5970,5.6100,1379280
2007-12-05 11:40:00,5.6120,5.6180,5.5980,5.6080,1554700
2007-12-05 11:39:00,5.6120,5.6190,5.6000,5.6090,1824424
2007-12-05 11:38:00,5.6100,5.6170,5.5980,5.6100,1047396
2007-12-05 11:37:00,5.6100,5.6190,5.5970,5.6080,3388644
2007-12-05 11:36:00,5.6110,5.6170,5.5980,5.6080,1791832
2007-12-05 11:35:00,5.6080,5.6180,5.5960,5.6100,2200576
2007-12-05 11:34:00,5.6090,5.6150,5.5950,5.6060,1700944
2007-12-05 11:33:00,5.6070,5.6160,5.5960,5.6070,2250668
2007-12-05 11:32:00,5.6080,5.6150,5.5910,5.6050,3084620
2007-12-05 11:31:00,5.6130,5.6200,5.5970,5.6070,1139600
2007-12-05 11:30:00,5.6140,5.6210,5.5990,5.6100,1886388
2007-12-05 11:29:00,5.6070,5.6210,5.5940,5.6110,2180752
2007-12-05 11:28:00,5.6110,5.6220,5.5960,5.6050,2979452
2007-12-05 11:27:00,5.6080,5.6190,5.5960,5.6090,1511048
2007-12-05 11:26:00,5.6120,5.6200,5.5970,5.6060,3876572
2007-12-05 11:25:00,5.6060,5.6190,5.5950,5.6090,6786360
2007-12-05 11:24:00,5.6070,5.6150,5.5940,5.6040,4237800
2007-12-05 11:23:00,5.6000,5.6150,5.5890,5.6060,3759980
2007-12-05 11:22:00,5.6010,5.6080,5.5880,5.5970,1112076
2007-12-05 11:21:00,5.5990,5.6070,5.5860,5.5990,1153404
2007-12-05 11:20:00,5.5980,5.6080,5.5870,5.5970,1589476
2007-12-05 11:19:00,5.5980,5.6080,5.5870,5.5960,1431668
2007-12-05 11:18:00,5.5980,5.6050,5.5860,5.5960,764036
2007-12-05 11:17:00,5.6010,5.6070,5.5850,5.5960,1638336
2007-12-05 11:16:00,5.6020,5.6100,5.5900,5.5990,997640
2007-12-05 11:15:00,5.6010,5.6080,5.5880,5.6000,1556968
2007-12-05 11:14:00,5.6050,5.6120,5.5900,5.5990,2317448
2007-12-05 11:13:00,5.6010,5.6120,5.5880,5.6030,3325812
2007-12-05 11:12:00,5.5960,5.6090,5.5850,5.5990,2865996
2007-12-05 11:11:00,5.5930,5.6030,5.5810,5.5940,844368
2007-12-05 11:10:00,5.5930,5.6020,5.5800,5.5910,1772680
2007-12-05 11:09:00,5.5920,5.6000,5.5800,5.5910,1916684
2007-12-05 11:08:00,5.5870,5.6010,5.5760,5.5900,1856232
2007-12-05 11:07:00,5.5840,5.5940,5.5730,5.5850,1767584
2007-12-05 11:06:00,5.5910,5.5970,5.5730,5.5830,1958544
2007-12-05 11:05:00,5.5860,5.5980,5.5740,5.5900,1624056
2007-12-05 11:04:00,5.5940,5.6000,5.5740,5.5830,2396044
2007-12-05 11:03:00,5.5990,5.6060,5.5810,5.5920,2572164
2007-12-05 11:02:00,5.5960,5.6080,5.5850,5.5960,2631664
2007-12-05 11:01:00,5.5940,5.6030,5.5830,5.5940,1735916
2007-12-05 11:00:00,5.5940,5.6010,5.5810,5.5930,1397004
2007-12-05 10:59:00,5.5890,5.6010,5.5780,5.5920,2045988
2007-12-05 10:58:00,5.5890,5.5950,5.5760,5.5880,1322524
2007-12-05 10:57:00,5.5900,5.5960,5.5780,5.5870,907340
2007-12-05 10:56:00,5.5930,5.5990,5.5790,5.5890,795984
2007-12-05 10:55:00,5.5930,5.6000,5.5810,5.5910,932680
2007-12-05 10:54:00,5.5960,5.6030,5.5800,5.5910,1730932
2007-12-05 10:53:00,5.5950,5.6040,5.5830,5.5940,2217516
2007-12-05 10:52:00,5.5890,5.6030,5.5790,5.5930,4072600
2007-12-05 10:51:00,5.5880,5.5960,5.5750,5.5850,1336468
2007-12-05 10:50:00,5.5830,5.5950,5.5720,5.5860,1355256
2007-12-05 10:49:00,5.5870,5.5950,5.5720,5.5810,1653568
2007-12-05 10:48:00,5.5880,5.5980,5.5750,5.5850,2141412
2007-12-05 10:47:00,5.5830,5.5960,5.5720,5.5860,2509388
2007-12-05 10:46:00,5.5870,5.5930,5.5680,5.5810,2100896
2007-12-05 10:45:00,5.5810,5.5940,5.5700,5.5860,5718692
2007-12-05 10:44:00,5.5790,5.5880,5.5650,5.5790,2035992
2007-12-05 10:43:00,5.5790,5.5860,5.5660,5.5770,2162076
2007-12-05 10:42:00,5.5760,5.5840,5.5640,5.5760,1979600
2007-12-05 10:41:00,5.5700,5.5830,5.5580,5.5740,2180388
2007-12-05 10:40:00,5.5690,5.5780,5.5580,5.5680,956760
2007-12-05 10:39:00,5.5700,5.5800,5.5570,5.5670,1163008
2007-12-05 10:38:00,5.5710,5.5790,5.5590,5.5690,1184848
2007-12-05 10:37:00,5.5710,5.5800,5.5590,5.5690,1384376
2007-12-05 10:36:00,5.5730,5.5790,5.5580,5.5690,1730680
2007-12-05 10:35:00,5.5680,5.5790,5.5570,5.5710,2288636
2007-12-05 10:34:00,5.5660,5.5770,5.5550,5.5660,1777048
2007-12-05 10:33:00,5.5650,5.5710,5.5530,5.5630,586404
2007-12-05 10:32:00,5.5630,5.5710,5.5510,5.5620,1230740
2007-12-05 10:31:00,5.5640,5.5720,5.5490,5.5600,2323636
2007-12-05 10:30:00,5.5690,5.5770,5.5530,5.5620,1808044
2007-12-05 10:29:00,5.5700,5.5790,5.5570,5.5670,1162196
2007-12-05 10:28:00,5.5730,5.5800,5.5580,5.5680,2617132
2007-12-05 10:27:00,5.5700,5.5800,5.5570,5.5710,2011212
2007-12-05 10:26:00,5.5660,5.5780,5.5560,5.5680,1498784
2007-12-05 10:25:00,5.5670,5.5740,5.5540,5.5640,1066072
2007-12-05 10:24:00,5.5710,5.5770,5.5540,5.5650,1268232
2007-12-05 10:23:00,5.5730,5.5800,5.5540,5.5680,2087932
2007-12-05 10:22:00,5.5690,5.5800,5.5580,5.5700,1947372
2007-12-05 10:21:00,5.5680,5.5780,5.5560,5.5660,1532160
2007-12-05 10:20:00,5.5700,5.5800,5.5560,5.5660,1943928
2007-12-05 10:19:00,5.5650,5.5750,5.5530,5.5670,1445612
2007-12-05 10:18:00,5.5670,5.5750,5.5510,5.5620,1944236
2007-12-05 10:17:00,5.5650,5.5750,5.5530,5.5650,1395324
2007-12-05 10:16:00,5.5690,5.5750,5.5510,5.5630,2190328
2007-12-05 10:15:00,5.5690,5.5760,5.5570,5.5670,1662556
2007-12-05 10:14:00,5.5730,5.5800,5.5530,5.5670,3298176
2007-12-05 10:13:00,5.5720,5.5820,5.5610,5.5710,1677200
2007-12-05 10:12:00,5.5790,5.5860,5.5590,5.5700,2566536
2007-12-05 10:11:00,5.5790,5.5880,5.5640,5.5770,2038092
2007-12-05 10:10:00,5.5730,5.5870,5.5610,5.5770,1989008
2007-12-05 10:09:00,5.5730,5.5850,5.5610,5.5710,2935520
2007-12-05 10:08:00,5.5770,5.5880,5.5620,5.5710,3227896
2007-12-05 10:07:00,5.5850,5.5920,5.5660,5.5750,4423356
2007-12-05 10:06:00,5.5750,5.5900,5.5640,5.5810,3392172
2007-12-05 10:05:00,5.5820,5.5880,5.5640,5.5730,2583616
2007-12-05 10:04:00,5.5790,5.5880,5.5660,5.5800,5074160
2007-12-05 10:03:00,5.5720,5.5850,5.5600,5.5770,6502356
2007-12-05 10:02:00,5.5630,5.5780,5.5500,5.5700,4509932
2007-12-05 10:01:00,5.5640,5.5720,5.5500,5.5610,3142160
2007-12-05 10:00:00,5.5670,5.5740,5.5480,5.5620,3383632
2007-12-05 09:59:00,5.5650,5.5740,5.5530,5.5650,2625140
2007-12-05 09:58:00,5.5610,5.5710,5.5470,5.5620,2510088
2007-12-05 09:57:00,5.5640,5.5740,5.5500,5.5590,3051020
2007-12-05 09:56:00,5.5660,5.5740,5.5490,5.5620,3402448
2007-12-05 09:55:00,5.5560,5.5730,5.5450,5.5630,6291992
2007-12-05 09:54:00,5.5510,5.5620,5.5390,5.5540,2504684
2007-12-05 09:53:00,5.5560,5.5640,5.5380,5.5480,2071608
2007-12-05 09:52:00,5.5560,5.5650,5.5430,5.5530,1906632
2007-12-05 09:51:00,5.5550,5.5680,5.5430,5.5540,4808076
2007-12-05 09:50:00,5.5550,5.5620,5.5370,5.5530,3602676
2007-12-05 09:49:00,5.5540,5.5640,5.5430,5.5530,1901480
2007-12-05 09:48:00,5.5590,5.5670,5.5430,5.5520,2335564
2007-12-05 09:47:00,5.5550,5.5700,5.5440,5.5570,5517064
2007-12-05 09:46:00,5.5510,5.5630,5.5380,5.5520,2663668
2007-12-05 09:45:00,5.5540,5.5640,5.5380,5.5490,3102148
2007-12-05 09:44:00,5.5480,5.5610,5.5340,5.5520,4710944
2007-12-05 09:43:00,5.5620,5.5680,5.5350,5.5450,5056156
2007-12-05 09:42:00,5.5600,5.5700,5.5460,5.5600,4324544
2007-12-05 09:41:00,5.5530,5.5680,5.5370,5.5580,8033788
2007-12-05 09:40:00,5.5560,5.5620,5.5370,5.5520,4697168
2007-12-05 09:39:00,5.5510,5.5620,5.5380,5.5520,4280080
2007-12-05 09:38:00,5.5520,5.5580,5.5350,5.5490,2628528
2007-12-05 09:37:00,5.5510,5.5640,5.5380,5.5500,3306604
2007-12-05 09:36:00,5.5390,5.5600,5.5280,5.5490,3855320
2007-12-05 09:35:00,5.5360,5.5510,5.5200,5.5370,4358536
2007-12-05 09:34:00,5.5600,5.5650,5.5230,5.5340,4186700
2007-12-05 09:33:00,5.5510,5.5670,5.5350,5.5570,4719120
2007-12-05 09:32:00,5.5430,5.5580,5.5310,5.5490,3997392
2007-12-05 09:31:00,5.5480,5.5550,5.5250,5.5410,4885160
2007-12-05 09:30:00,5.5460,5.5600,5.5320,5.5490,10648176
2007-12-05 09:29:00,5.5550,5.5620,5.5350,5.5440,114520
2007-12-05 09:28:00,5.5430,5.5610,5.5330,5.5530,334320
2007-12-05 09:27:00,5.5460,5.5520,5.5330,5.5410,59500
2007-12-05 09:26:00,5.5470,5.5530,5.5350,5.5430,22400
2007-12-05 09:25:00,5.5460,5.5530,5.5340,5.5440,115780
2007-12-05 09:24:00,5.5430,5.5510,5.5330,5.5430,89600
2007-12-05 09:23:00,5.5530,5.5590,5.5340,5.5430,64680
2007-12-05 09:22:00,5.5550,5.5620,5.5410,5.5530,232400
2007-12-05 09:21:00,5.5550,5.5620,5.5430,5.5530,219520
2007-12-05 09:20:00,5.5580,5.5640,5.5440,5.5530,87556
2007-12-05 09:19:00,5.5620,5.5680,5.5500,5.5590,215880
2007-12-05 09:18:00,5.5610,5.5700,5.5500,5.5600,144956
2007-12-05 09:17:00,5.5630,5.5710,5.5500,5.5600,310912
2007-12-05 09:16:00,5.5560,5.5690,5.5450,5.5600,237300
2007-12-05 09:15:00,5.5520,5.5610,5.5410,5.5540,95200
2007-12-05 09:14:00,5.5520,5.5590,5.5410,5.5510,103600
2007-12-05 09:13:00,5.5520,5.5580,5.5410,5.5500,138992
2007-12-05 09:12:00,5.5490,5.5580,5.5380,5.5500,270676
2007-12-05 09:11:00,5.5480,5.5540,5.5370,5.5470,115360
2007-12-05 09:10:00,5.5480,5.5540,5.5350,5.5460,22400
2007-12-05 09:09:00,5.5430,5.5520,5.5320,5.5440,130032
2007-12-05 09:08:00,5.5430,5.5500,5.5320,5.5420,36400
2007-12-05 09:07:00,5.5430,5.5490,5.5310,5.5410,39200
2007-12-05 09:06:00,5.5440,5.5510,5.5320,5.5410,28700
2007-12-05 09:05:00,5.5490,5.5540,5.5350,5.5440,185444
2007-12-05 09:04:00,5.5450,5.5540,5.5350,5.5470,168084
2007-12-05 09:03:00,5.5430,5.5500,5.5320,5.5420,128828
2007-12-05 09:02:00,5.5400,5.5480,5.5290,5.5400,42000
2007-12-05 09:01:00,5.5410,5.5470,5.5290,5.5380,61600
2007-12-05 08:59:00,5.5430,5.5490,5.5310,5.5390,129920
2007-12-05 08:58:00,5.5410,5.5490,5.5280,5.5420,179508
2007-12-05 08:57:00,5.5430,5.5480,5.5310,5.5400,32984
2007-12-05 08:56:00,5.5430,5.5480,5.5310,5.5400,90972
2007-12-05 08:55:00,5.5430,5.5510,5.5310,5.5400,77448
2007-12-05 08:54:00,5.5440,5.5510,5.5320,5.5400,53900
2007-12-05 08:53:00,5.5460,5.5510,5.5320,5.5410,60424
2007-12-05 08:52:00,5.5440,5.5540,5.5340,5.5440,128996
2007-12-05 08:51:00,5.5490,5.5540,5.5320,5.5410,70588
2007-12-05 08:50:00,5.5490,5.5560,5.5370,5.5470,146020
2007-12-05 08:49:00,5.5450,5.5540,5.5340,5.5470,338380
2007-12-05 08:48:00,5.5450,5.5510,5.5330,5.5420,125104
2007-12-05 08:47:00,5.5460,5.5530,5.5330,5.5430,64512
2007-12-05 08:46:00,5.5420,5.5530,5.5310,5.5450,467432
2007-12-05 08:45:00,5.5420,5.5520,5.5310,5.5400,198716
2007-12-05 08:44:00,5.5430,5.5490,5.5310,5.5400,151676
2007-12-05 08:43:00,5.5430,5.5490,5.5310,5.5410,129612
2007-12-05 08:42:00,5.5410,5.5490,5.5310,5.5410,305200
2007-12-05 08:41:00,5.5350,5.5480,5.5230,5.5400,348180
2007-12-05 08:40:00,5.5320,5.5410,5.5220,5.5330,197316
2007-12-05 08:39:00,5.5290,5.5380,5.5190,5.5300,75600
2007-12-05 08:38:00,5.5290,5.5370,5.5180,5.5290,11200
2007-12-05 08:37:00,5.5310,5.5380,5.5180,5.5270,36792
2007-12-05 08:36:00,5.5250,5.5390,5.5140,5.5260,515732
2007-12-05 08:35:00,5.5190,5.5300,5.5080,5.5230,81200
2007-12-05 08:34:00,5.5170,5.5280,5.5050,5.5160,135296
2007-12-05 08:33:00,5.5120,5.5200,5.5020,5.5130,32620
2007-12-05 08:32:00,5.5120,5.5200,5.5010,5.5100,56028
2007-12-05 08:31:00,5.5120,5.5180,5.5000,5.5090,30800
2007-12-05 08:30:00,5.5120,5.5190,5.5010,5.5100,49700
2007-12-05 08:29:00,5.5120,5.5170,5.5010,5.5100,5600
2007-12-05 08:28:00,5.5120,5.5180,5.5010,5.5100,53200
2007-12-05 08:27:00,5.5130,5.5190,5.5020,5.5100,46620
2007-12-05 08:26:00,5.5140,5.5200,5.5020,5.5110,11200
2007-12-05 08:25:00,5.5140,5.5200,5.5030,5.5120,14000
2007-12-05 08:23:00,5.5120,5.5200,5.5000,5.5090,43736
2007-12-05 08:22:00,5.5110,5.5180,5.5010,5.5100,19600
2007-12-05 08:21:00,5.5140,5.5200,5.5000,5.5100,209860
2007-12-05 08:20:00,5.5180,5.5240,5.5020,5.5100,162540
2007-12-05 08:19:00,5.5130,5.5240,5.5020,5.5160,139160
2007-12-05 08:18:00,5.5080,5.5210,5.4970,5.5110,160860
2007-12-05 08:17:00,5.5070,5.5150,5.4930,5.5020,88956
2007-12-05 08:16:00,5.5050,5.5130,5.4940,5.5050,19600
2007-12-05 08:15:00,5.5020,5.5100,5.4910,5.5010,143584
2007-12-05 08:14:00,5.4990,5.5040,5.4880,5.4970,25200
2007-12-05 08:13:00,5.4970,5.5040,5.4860,5.4960,95200
2007-12-05 08:12:00,5.4980,5.5060,5.4860,5.4950,145600
2007-12-05 08:11:00,5.5040,5.5100,5.4870,5.4980,443268
2007-12-05 08:10:00,5.5050,5.5100,5.4940,5.5030,12600
2007-12-05 08:09:00,5.5040,5.5120,5.4910,5.5040,60200
2007-12-05 08:08:00,5.5040,5.5120,5.4930,5.5040,8400
2007-12-05 08:07:00,5.5060,5.5120,5.4930,5.5040,33600
2007-12-05 08:06:00,5.5060,5.5120,5.4930,5.5020,70000
2007-12-05 08:05:00,5.5050,5.5180,5.4940,5.5080,89600
2007-12-05 08:04:00,5.5060,5.5120,5.4900,5.4990,232820
2007-12-05 08:03:00,5.5060,5.5120,5.4960,5.5040,5600
2007-12-05 08:02:00,5.5050,5.5150,5.4940,5.5040,57400
2007-12-05 08:01:00,5.5130,5.5180,5.4850,5.5020,33600
2007-12-05 08:00:00,5.5090,5.5180,5.4420,5.5100,518448
2007-12-05 07:54:00,5.5110,5.5170,5.5000,5.5090,11200
2007-12-05 07:50:00,5.5060,5.5120,5.4950,5.5040,2800
2007-12-05 07:49:00,5.5030,5.5090,5.4930,5.5010,2800
2007-12-05 07:48:00,5.5030,5.5080,5.4920,5.5010,21140
2007-12-05 07:47:00,5.5030,5.5090,5.4920,5.5010,60060
2007-12-05 07:46:00,5.5030,5.5090,5.4930,5.5010,20860
2007-12-05 07:45:00,5.5030,5.5080,5.4920,5.5010,7140
2007-12-05 07:43:00,5.5030,5.5090,5.4930,5.5010,5600
2007-12-05 07:40:00,5.5070,5.5120,5.4960,5.5050,11200
2007-12-05 07:25:00,5.5190,5.5240,5.5080,5.5170,13720
2007-12-05 07:21:00,5.5190,5.5240,5.5080,5.5170,14280
2007-12-05 07:14:00,5.5120,5.5180,5.4930,5.5010,10724
2007-12-05 07:12:00,5.5120,5.5170,5.5010,5.5100,2800
2007-12-05 07:10:00,5.5190,5.5240,5.5080,5.5160,8400
2007-12-05 07:08:00,5.5120,5.5180,5.5020,5.5100,3920
2007-12-05 07:04:00,5.5120,5.5180,5.5020,5.5100,22400
2007-12-05 07:03:00,5.5150,5.5200,5.5020,5.5100,14000
2007-12-05 07:02:00,5.5150,5.5200,5.5040,5.5130,8400
2007-12-05 07:00:00,5.5190,5.5240,5.5080,5.5160,2800
2007-12-05 06:52:00,5.5030,5.5090,5.4930,5.5010,8400
2007-12-05 06:26:00,5.5020,5.5080,5.4920,5.5000,2800
2007-12-05 06:23:00,5.5030,5.5090,5.4920,5.5000,22400
2007-12-05 05:11:00,5.4950,5.5000,5.4840,5.4930,2800
2007-12-05 04:48:00,5.4880,5.4930,5.4770,5.4860,33600
2007-12-04 19:59:00,5.4580,5.4630,5.4470,5.4560,21840
2007-12-04 19:58:00,5.4550,5.4600,5.4440,5.4530,7756
2007-12-04 19:56:00,5.4550,5.4610,5.4450,5.4530,11200
2007-12-04 19:55:00,5.4570,5.4630,5.4460,5.4560,28000
2007-12-04 19:54:00,5.4580,5.4630,5.4470,5.4560,4200
2007-12-04 19:53:00,5.4560,5.4620,5.4460,5.4540,10220
2007-12-04 19:52:00,5.4560,5.4620,5.4450,5.4540,33600
2007-12-04 19:45:00,5.4530,5.4590,5.4430,5.4510,11200
2007-12-04 19:40:00,5.4530,5.4580,5.4420,5.4510,12600
2007-12-04 19:29:00,5.4530,5.4590,5.4410,5.4500,22400
2007-12-04 19:24:00,5.4560,5.4620,5.4460,5.4540,2800
2007-12-04 19:23:00,5.4530,5.4590,5.4430,5.4510,28000
2007-12-04 19:20:00,5.4530,5.4590,5.4430,5.4510,4760
2007-12-04 19:17:00,5.4560,5.4620,5.4460,5.4540,2800
2007-12-04 19:09:00,5.4560,5.4620,5.4460,5.4540,2800
2007-12-04 18:55:00,5.4560,5.4620,5.4460,5.4540,11368
2007-12-04 18:54:00,5.4530,5.4590,5.4430,5.4510,3360
2007-12-04 18:47:00,5.4530,5.4590,5.4430,5.4510,14000
2007-12-04 18:46:00,5.4560,5.4620,5.4460,5.4540,2800
2007-12-04 18:40:00,5.4530,5.4590,5.4430,5.4510,23772
2007-12-04 18:38:00,5.4550,5.4600,5.4440,5.4530,5600
2007-12-04 18:34:00,5.4550,5.4600,5.4440,5.4530,2800
2007-12-04 18:32:00,5.4530,5.4600,5.4430,5.4530,11200
2007-12-04 18:28:00,5.4550,5.4600,5.4440,5.4530,5600
2007-12-04 18:25:00,5.4560,5.4610,5.4450,5.4540,2800
2007-12-04 18:22:00,5.4550,5.4600,5.4440,5.4530,12320
2007-12-04 18:15:00,5.4550,5.4600,5.4440,5.4530,21000
2007-12-04 18:07:00,5.4530,5.4590,5.4430,5.4510,5600
2007-12-04 18:03:00,5.4530,5.4590,5.4430,5.4510,4200
2007-12-04 18:02:00,5.4530,5.4590,5.4430,5.4510,11200
2007-12-04 17:58:00,5.4530,5.4590,5.4430,5.4510,11424
2007-12-04 17:56:00,5.4520,5.4580,5.4420,5.4500,2800
2007-12-04 17:53:00,5.4520,5.4580,5.4420,5.4500,18592
2007-12-04 17:48:00,5.4520,5.4580,5.4420,5.4500,8400
2007-12-04 17:41:00,5.4530,5.4580,5.4420,5.4510,2800
2007-12-04 17:38:00,5.4530,5.4590,5.4430,5.4510,25200
2007-12-04 17:35:00,5.4530,5.4580,5.4420,5.4510,12600
2007-12-04 17:34:00,5.4530,5.4590,5.4430,5.4510,11200
2007-12-04 17:30:00,5.4530,5.4580,5.4420,5.4510,2800
2007-12-04 17:29:00,5.4520,5.4580,5.4420,5.4500,16800
2007-12-04 17:27:00,5.4520,5.4590,5.4420,5.4510,172704
2007-12-04 17:26:00,5.4530,5.4580,5.4420,5.4500,741188
2007-12-04 17:25:00,5.4520,5.4580,5.4420,5.4500,1010212
2007-12-04 17:24:00,5.4530,5.4580,5.4420,5.4500,311808
2007-12-04 17:20:00,5.4580,5.4630,5.4470,5.4560,16800
2007-12-04 17:19:00,5.4520,5.4580,5.4420,5.4500,47600
2007-12-04 17:18:00,5.4530,5.4590,5.4430,5.4510,11200
2007-12-04 17:17:00,5.4520,5.4590,5.4420,5.4500,42000
2007-12-04 17:14:00,5.4530,5.4580,5.4420,5.4500,54600
2007-12-04 17:09:00,5.4550,5.4600,5.4440,5.4530,6720
2007-12-04 17:07:00,5.4520,5.4600,5.4420,5.4520,68600
2007-12-04 17:03:00,5.4540,5.4590,5.4430,5.4520,2800
2007-12-04 17:02:00,5.4530,5.4590,5.4430,5.4510,15400
2007-12-04 17:01:00,5.4500,5.4560,5.4400,5.4480,12600
2007-12-04 16:58:00,5.4500,5.4580,5.4400,5.4500,458556
2007-12-04 16:57:00,5.4500,5.4560,5.4400,5.4480,19600
2007-12-04 16:51:00,5.4500,5.4580,5.4400,5.4480,960820
2007-12-04 16:49:00,5.4520,5.4580,5.4420,5.4500,332556
2007-12-04 16:47:00,5.4470,5.4520,5.4360,5.4450,25200
2007-12-04 16:45:00,5.4470,5.4520,5.4360,5.4450,12600
2007-12-04 16:44:00,5.4470,5.4530,5.4370,5.4450,2800
2007-12-04 16:43:00,5.4500,5.4560,5.4380,5.4460,33880
2007-12-04 16:42:00,5.4510,5.4560,5.4400,5.4490,5600
2007-12-04 16:41:00,5.4500,5.4570,5.4400,5.4500,16800
2007-12-04 16:39:00,5.4520,5.4580,5.4420,5.4500,8736
2007-12-04 16:37:00,5.4520,5.4570,5.4410,5.4500,12600
2007-12-04 16:36:00,5.4520,5.4570,5.4410,5.4500,5600
2007-12-04 16:35:00,5.4540,5.4590,5.4410,5.4500,38080
2007-12-04 16:33:00,5.4490,5.4570,5.4390,5.4500,10500
2007-12-04 16:31:00,5.4520,5.4580,5.4420,5.4500,48300
2007-12-04 16:29:00,5.4530,5.4590,5.4410,5.4500,120400
2007-12-04 16:27:00,5.4550,5.4600,5.4310,5.4390,36064
2007-12-04 16:26:00,5.4410,5.4590,5.4310,5.4510,84700
2007-12-04 16:25:00,5.4520,5.4580,5.4420,5.4500,592452
2007-12-04 16:24:00,5.4520,5.4580,5.4420,5.4500,43120
2007-12-04 16:23:00,5.4540,5.4600,5.4310,5.4390,38080
2007-12-04 16:22:00,5.4530,5.4590,5.4430,5.4520,58800
2007-12-04 16:21:00,5.4530,5.4590,5.4430,5.4510,2800
2007-12-04 16:20:00,5.4510,5.4570,5.4390,5.4500,89600
2007-12-04 16:19:00,5.4520,5.4590,5.4410,5.4510,33600
2007-12-04 16:18:00,5.4530,5.4590,5.4410,5.4510,39200
2007-12-04 16:17:00,5.4560,5.4610,5.4450,5.4540,33600
2007-12-04 16:16:00,5.4530,5.4590,5.4420,5.4500,71008
2007-12-04 16:15:00,5.4560,5.4620,5.4420,5.4540,132636
2007-12-04 16:14:00,5.4550,5.4610,5.4450,5.4540,7000
2007-12-04 16:13:00,5.4520,5.4610,5.4420,5.4530,35000
2007-12-04 16:12:00,5.4410,5.4590,5.4310,5.4390,379260
2007-12-04 16:10:00,5.4550,5.4600,5.4440,5.4530,14000
2007-12-04 16:09:00,5.4520,5.4590,5.4410,5.4510,11200
2007-12-04 16:08:00,5.4010,5.4060,5.3900,5.3990,36400
2007-12-04 16:07:00,5.4520,5.4580,5.4310,5.4390,189056
2007-12-04 16:06:00,5.4520,5.4580,5.4420,5.4500,8120
2007-12-04 16:05:00,5.4570,5.4630,5.4410,5.4540,8400
2007-12-04 16:04:00,5.4520,5.4620,5.4420,5.4530,137200
2007-12-04 16:03:00,5.4520,5.4580,5.4400,5.4500,275912
2007-12-04 16:02:00,5.4520,5.4580,5.4390,5.4500,587776
2007-12-04 16:01:00,5.4520,5.4580,5.4390,5.4470,96572
2007-12-04 16:00:00,5.4520,5.4590,5.4410,5.4500,8568224
2007-12-04 15:59:00,5.4370,5.4580,5.4250,5.4510,4343696
2007-12-04 15:58:00,5.4380,5.4500,5.4260,5.4350,3156272
2007-12-04 15:57:00,5.4420,5.4470,5.4250,5.4360,2627464
2007-12-04 15:56:00,5.4320,5.4470,5.4210,5.4400,2279620
2007-12-04 15:55:00,5.4340,5.4400,5.4170,5.4290,1843436
2007-12-04 15:54:00,5.4380,5.4440,5.4230,5.4320,2008384
2007-12-04 15:53:00,5.4270,5.4470,5.4160,5.4360,3256400
2007-12-04 15:52:00,5.4320,5.4430,5.4160,5.4250,3268552
2007-12-04 15:51:00,5.4320,5.4440,5.4200,5.4290,2575188
2007-12-04 15:50:00,5.4390,5.4450,5.4200,5.4300,2291380
2007-12-04 15:49:00,5.4340,5.4460,5.4240,5.4370,1588132
2007-12-04 15:48:00,5.4400,5.4470,5.4200,5.4320,2303364
2007-12-04 15:47:00,5.4390,5.4500,5.4270,5.4380,1708504
2007-12-04 15:46:00,5.4410,5.4480,5.4260,5.4370,1962884
2007-12-04 15:45:00,5.4460,5.4530,5.4280,5.4380,2931264
2007-12-04 15:44:00,5.4410,5.4550,5.4290,5.4440,2752316
2007-12-04 15:43:00,5.4440,5.4510,5.4280,5.4390,2044420
2007-12-04 15:42:00,5.4440,5.4520,5.4270,5.4420,2132200
2007-12-04 15:41:00,5.4390,5.4500,5.4260,5.4420,2850652
2007-12-04 15:40:00,5.4460,5.4530,5.4270,5.4360,3273676
2007-12-04 15:39:00,5.4450,5.4540,5.4320,5.4450,1535156
2007-12-04 15:38:00,5.4510,5.4570,5.4310,5.4420,4409216
2007-12-04 15:37:00,5.4540,5.4620,5.4380,5.4480,1397424
2007-12-04 15:36:00,5.4480,5.4600,5.4370,5.4520,2173976
2007-12-04 15:35:00,5.4470,5.4560,5.4360,5.4460,1574272
2007-12-04 15:34:00,5.4420,5.4520,5.4290,5.4450,1349628
2007-12-04 15:33:00,5.4440,5.4500,5.4290,5.4400,1126888
2007-12-04 15:32:00,5.4400,5.4500,5.4270,5.4420,1667260
2007-12-04 15:31:00,5.4340,5.4460,5.4220,5.4380,1961932
2007-12-04 15:30:00,5.4430,5.4490,5.4230,5.4330,1581944
2007-12-04 15:29:00,5.4400,5.4500,5.4280,5.4420,1427636
2007-12-04 15:28:00,5.4440,5.4510,5.4270,5.4370,2903880
2007-12-04 15:27:00,5.4470,5.4540,5.4340,5.4420,1226708
2007-12-04 15:26:00,5.4500,5.4560,5.4320,5.4450,1991892
2007-12-04 15:25:00,5.4490,5.4570,5.4340,5.4480,2035544
2007-12-04 15:24:00,5.4490,5.4570,5.4370,5.4470,1667288
2007-12-04 15:23:00,5.4480,5.4570,5.4350,5.4470,1600816
2007-12-04 15:22:00,5.4470,5.4550,5.4350,5.4460,1008364
2007-12-04 15:21:00,5.4480,5.4580,5.4350,5.4450,1743952
2007-12-04 15:20:00,5.4560,5.4620,5.4370,5.4460,1592416
2007-12-04 15:19:00,5.4530,5.4630,5.4410,5.4530,4058824
2007-12-04 15:18:00,5.4480,5.4600,5.4360,5.4510,2291156
2007-12-04 15:17:00,5.4450,5.4560,5.4340,5.4460,1497888
2007-12-04 15:16:00,5.4450,5.4580,5.4320,5.4430,2475844
2007-12-04 15:15:00,5.4410,5.4510,5.4260,5.4430,1906940
2007-12-04 15:14:00,5.4470,5.4560,5.4280,5.4390,2379720
2007-12-04 15:13:00,5.4420,5.4530,5.4300,5.4450,1520904
2007-12-04 15:12:00,5.4410,5.4490,5.4260,5.4400,1552124
2007-12-04 15:11:00,5.4380,5.4500,5.4230,5.4390,2083312
2007-12-04 15:10:00,5.4380,5.4440,5.4210,5.4360,1245496
2007-12-04 15:09:00,5.4300,5.4460,5.4190,5.4360,2133264
2007-12-04 15:08:00,5.4280,5.4380,5.4150,5.4290,865872
2007-12-04 15:07:00,5.4280,5.4350,5.4130,5.4260,1300964
2007-12-04 15:06:00,5.4260,5.4350,5.4120,5.4270,1425172
2007-12-04 15:05:00,5.4330,5.4400,5.4120,5.4230,1850268
2007-12-04 15:04:00,5.4260,5.4390,5.4150,5.4310,1536248
2007-12-04 15:03:00,5.4250,5.4360,5.4130,5.4240,1552516
2007-12-04 15:02:00,5.4290,5.4350,5.4140,5.4230,1188068
2007-12-04 15:01:00,5.4330,5.4400,5.4160,5.4270,2355528
2007-12-04 15:00:00,5.4350,5.4430,5.4210,5.4310,1699880
2007-12-04 14:59:00,5.4380,5.4450,5.4250,5.4330,1521912
2007-12-04 14:58:00,5.4340,5.4460,5.4230,5.4350,2601340
2007-12-04 14:57:00,5.4260,5.4390,5.4140,5.4310,1708000
2007-12-04 14:56:00,5.4290,5.4370,5.4130,5.4240,1279320
2007-12-04 14:55:00,5.4350,5.4410,5.4180,5.4270,1377628
2007-12-04 14:54:00,5.4290,5.4410,5.4160,5.4330,2451456
2007-12-04 14:53:00,5.4290,5.4360,5.4150,5.4280,1552152
2007-12-04 14:52:00,5.4220,5.4360,5.4100,5.4280,1874152
2007-12-04 14:51:00,5.4140,5.4370,5.4030,5.4210,4801720
2007-12-04 14:50:00,5.4160,5.4230,5.4000,5.4110,823816
2007-12-04 14:49:00,5.4180,5.4250,5.4040,5.4140,991928
2007-12-04 14:48:00,5.4090,5.4230,5.3990,5.4160,2246328
2007-12-04 14:47:00,5.4080,5.4150,5.3940,5.4070,912800
2007-12-04 14:46:00,5.4070,5.4160,5.3920,5.4060,1300376
2007-12-04 14:45:00,5.4090,5.4160,5.3940,5.4040,1032500
2007-12-04 14:44:00,5.4180,5.4240,5.3940,5.4060,1366204
2007-12-04 14:43:00,5.4190,5.4250,5.4050,5.4170,999880
2007-12-04 14:42:00,5.4100,5.4250,5.4000,5.4170,1607088
2007-12-04 14:41:00,5.4120,5.4190,5.3980,5.4080,482076
2007-12-04 14:40:00,5.4080,5.4180,5.3940,5.4100,1544956
2007-12-04 14:39:00,5.4100,5.4160,5.3950,5.4060,1024380
2007-12-04 14:38:00,5.4160,5.4230,5.4000,5.4090,1299676
2007-12-04 14:37:00,5.4160,5.4270,5.4060,5.4150,958608
2007-12-04 14:36:00,5.4180,5.4280,5.4060,5.4150,1778028
2007-12-04 14:35:00,5.4100,5.4260,5.3990,5.4160,1642228
2007-12-04 14:34:00,5.4090,5.4160,5.3970,5.4070,536396
2007-12-04 14:33:00,5.4120,5.4210,5.3980,5.4060,825188
2007-12-04 14:32:00,5.4170,5.4230,5.4000,5.4110,945840
2007-12-04 14:31:00,5.4180,5.4240,5.4040,5.4150,680400
2007-12-04 14:30:00,5.4080,5.4270,5.3980,5.4160,1685880
2007-12-04 14:29:00,5.4120,5.4200,5.3970,5.4060,783916
2007-12-04 14:28:00,5.4100,5.4230,5.3990,5.4100,1880116
2007-12-04 14:27:00,5.4020,5.4160,5.3880,5.4080,1775900
2007-12-04 14:26:00,5.4040,5.4120,5.3870,5.3990,2248960
2007-12-04 14:25:00,5.4030,5.4160,5.3910,5.4000,2118900
2007-12-04 14:24:00,5.3960,5.4130,5.3860,5.4020,1573040
2007-12-04 14:23:00,5.3980,5.4060,5.3640,5.3950,4591412
2007-12-04 14:22:00,5.4070,5.4140,5.3870,5.3960,2893744
2007-12-04 14:21:00,5.4040,5.4190,5.3940,5.4060,1755488
2007-12-04 14:20:00,5.4030,5.4120,5.3910,5.4020,1225868
2007-12-04 14:19:00,5.4120,5.4180,5.3910,5.4010,1565956
2007-12-04 14:18:00,5.4080,5.4180,5.3960,5.4090,1062460
2007-12-04 14:17:00,5.4050,5.4140,5.3920,5.4060,1186668
2007-12-04 14:16:00,5.4070,5.4230,5.3940,5.4030,1787632
2007-12-04 14:15:00,5.4030,5.4150,5.3920,5.4040,1913128
2007-12-04 14:14:00,5.4120,5.4180,5.3910,5.4010,4329416
2007-12-04 14:13:00,5.4140,5.4230,5.4010,5.4100,2070488
2007-12-04 14:12:00,5.4080,5.4210,5.3960,5.4120,2289140
2007-12-04 14:11:00,5.4080,5.4230,5.3960,5.4060,2364460
2007-12-04 14:10:00,5.4200,5.4270,5.3930,5.4070,4213244
2007-12-04 14:09:00,5.4270,5.4330,5.4100,5.4190,1738408
2007-12-04 14:08:00,5.4270,5.4370,5.4120,5.4250,1491476
2007-12-04 14:07:00,5.4330,5.4390,5.4160,5.4250,1744344
2007-12-04 14:06:00,5.4280,5.4390,5.4140,5.4300,2452044
2007-12-04 14:05:00,5.4330,5.4410,5.4170,5.4260,2504180
2007-12-04 14:04:00,5.4350,5.4420,5.4170,5.4310,2902368
2007-12-04 14:03:00,5.4420,5.4480,5.4230,5.4330,1607200
2007-12-04 14:02:00,5.4440,5.4520,5.4300,5.4410,661136
2007-12-04 14:01:00,5.4410,5.4480,5.4280,5.4410,764232
2007-12-04 14:00:00,5.4480,5.4540,5.4290,5.4380,865844
2007-12-04 13:59:00,5.4420,5.4550,5.4310,5.4460,1089760
2007-12-04 13:58:00,5.4440,5.4500,5.4300,5.4400,1055124
2007-12-04 13:57:00,5.4490,5.4550,5.4330,5.4420,1584100
2007-12-04 13:56:00,5.4490,5.4550,5.4350,5.4470,777644
2007-12-04 13:55:00,5.4490,5.4590,5.4380,5.4480,525420
2007-12-04 13:54:00,5.4490,5.4570,5.4380,5.4480,600600
2007-12-04 13:53:00,5.4520,5.4600,5.4380,5.4470,429240
2007-12-04 13:52:00,5.4570,5.4630,5.4400,5.4500,954156
2007-12-04 13:51:00,5.4550,5.4660,5.4430,5.4550,2069088
2007-12-04 13:50:00,5.4500,5.4610,5.4400,5.4520,1122100
2007-12-04 13:49:00,5.4470,5.4560,5.4350,5.4480,469784
2007-12-04 13:48:00,5.4500,5.4560,5.4350,5.4430,848260
2007-12-04 13:47:00,5.4460,5.4560,5.4340,5.4480,755496
2007-12-04 13:46:00,5.4500,5.4560,5.4340,5.4450,462644
2007-12-04 13:45:00,5.4470,5.4610,5.4370,5.4480,1439172
2007-12-04 13:44:00,5.4450,5.4540,5.4320,5.4450,927080
2007-12-04 13:43:00,5.4470,5.4540,5.4300,5.4430,519624
2007-12-04 13:42:00,5.4430,5.4530,5.4310,5.4450,978852
2007-12-04 13:41:00,5.4390,5.4490,5.4270,5.4420,621516
2007-12-04 13:40:00,5.4460,5.4540,5.4290,5.4370,1316672
2007-12-04 13:39:00,5.4370,5.4530,5.4250,5.4440,1563352
2007-12-04 13:38:00,5.4350,5.4440,5.4230,5.4360,1710828
2007-12-04 13:37:00,5.4430,5.4500,5.4230,5.4330,1715140
2007-12-04 13:36:00,5.4460,5.4520,5.4300,5.4420,763952
2007-12-04 13:35:00,5.4440,5.4520,5.4300,5.4440,848260
2007-12-04 13:34:00,5.4450,5.4530,5.4330,5.4420,1135008
2007-12-04 13:33:00,5.4440,5.4510,5.4290,5.4430,820400
2007-12-04 13:32:00,5.4430,5.4520,5.4320,5.4420,1560524
2007-12-04 13:31:00,5.4470,5.4530,5.4270,5.4410,2383136
2007-12-04 13:30:00,5.4430,5.4530,5.4310,5.4450,626836
2007-12-04 13:29:00,5.4420,5.4510,5.4310,5.4410,1145676
2007-12-04 13:28:00,5.4440,5.4510,5.4310,5.4400,1100960
2007-12-04 13:27:00,5.4440,5.4530,5.4310,5.4420,1233624
2007-12-04 13:26:00,5.4470,5.4550,5.4330,5.4410,1142792
2007-12-04 13:25:00,5.4530,5.4590,5.4370,5.4460,1174964
2007-12-04 13:24:00,5.4520,5.4620,5.4400,5.4510,870212
2007-12-04 13:23:00,5.4540,5.4590,5.4410,5.4510,527240
2007-12-04 13:22:00,5.4530,5.4620,5.4420,5.4520,690620
2007-12-04 13:21:00,5.4460,5.4590,5.4360,5.4500,1038520
2007-12-04 13:20:00,5.4540,5.4600,5.4340,5.4440,1970808
2007-12-04 13:19:00,5.4590,5.4650,5.4430,5.4530,1150408
2007-12-04 13:18:00,5.4610,5.4660,5.4480,5.4570,790804
2007-12-04 13:17:00,5.4620,5.4700,5.4500,5.4590,834260
2007-12-04 13:16:00,5.4620,5.4700,5.4490,5.4600,628600
2007-12-04 13:15:00,5.4590,5.4690,5.4470,5.4610,573132
2007-12-04 13:14:00,5.4570,5.4660,5.4440,5.4570,583800
2007-12-04 13:13:00,5.4600,5.4660,5.4450,5.4550,1188040
2007-12-04 13:12:00,5.4620,5.4680,5.4470,5.4580,902664
2007-12-04 13:11:00,5.4610,5.4700,5.4490,5.4590,619276
2007-12-04 13:10:00,5.4630,5.4690,5.4470,5.4580,827652
2007-12-04 13:09:00,5.4620,5.4720,5.4490,5.4610,563360
2007-12-04 13:08:00,5.4650,5.4730,5.4490,5.4610,945532
2007-12-04 13:07:00,5.4700,5.4770,5.4520,5.4630,1221584
2007-12-04 13:06:00,5.4670,5.4780,5.4540,5.4680,605528
2007-12-04 13:05:00,5.4750,5.4800,5.4550,5.4650,1060640
2007-12-04 13:04:00,5.4740,5.4810,5.4630,5.4730,720384
2007-12-04 13:03:00,5.4740,5.4800,5.4620,5.4710,1171884
2007-12-04 13:02:00,5.4750,5.4820,5.4590,5.4720,1281448
2007-12-04 13:01:00,5.4590,5.4810,5.4490,5.4730,3051356
2007-12-04 13:00:00,5.4590,5.4650,5.4460,5.4560,816396
2007-12-04 12:59:00,5.4590,5.4650,5.4470,5.4570,550704
2007-12-04 12:58:00,5.4600,5.4660,5.4470,5.4570,559496
2007-12-04 12:57:00,5.4540,5.4660,5.4420,5.4580,2421860
2007-12-04 12:56:00,5.4540,5.4600,5.4410,5.4510,300272
2007-12-04 12:55:00,5.4500,5.4600,5.4390,5.4520,558572
2007-12-04 12:54:00,5.4560,5.4630,5.4370,5.4480,1708980
2007-12-04 12:53:00,5.4520,5.4660,5.4410,5.4540,955724
2007-12-04 12:52:00,5.4590,5.4650,5.4400,5.4510,1610168
2007-12-04 12:51:00,5.4610,5.4680,5.4480,5.4590,479612
2007-12-04 12:50:00,5.4620,5.4690,5.4480,5.4580,962808
2007-12-04 12:49:00,5.4600,5.4760,5.4490,5.4600,2562420
2007-12-04 12:48:00,5.4600,5.4690,5.4490,5.4580,2428300
2007-12-04 12:47:00,5.4600,5.4660,5.4480,5.4580,1051680
2007-12-04 12:46:00,5.4530,5.4660,5.4410,5.4580,1176504
2007-12-04 12:45:00,5.4520,5.4590,5.4400,5.4510,334600
2007-12-04 12:44:00,5.4530,5.4590,5.4400,5.4500,254800
2007-12-04 12:43:00,5.4500,5.4600,5.4400,5.4510,813064
2007-12-04 12:42:00,5.4510,5.4580,5.4390,5.4480,277200
2007-12-04 12:41:00,5.4520,5.4580,5.4390,5.4490,309960
2007-12-04 12:40:00,5.4470,5.4590,5.4360,5.4490,800520
2007-12-04 12:39:00,5.4510,5.4590,5.4350,5.4450,1277948
2007-12-04 12:38:00,5.4550,5.4650,5.4390,5.4480,886424
2007-12-04 12:37:00,5.4550,5.4620,5.4430,5.4530,191548
2007-12-04 12:36:00,5.4570,5.4650,5.4420,5.4530,679280
2007-12-04 12:35:00,5.4530,5.4630,5.4430,5.4550,656880
2007-12-04 12:34:00,5.4500,5.4590,5.4390,5.4520,449148
2007-12-04 12:33:00,5.4540,5.4600,5.4380,5.4480,1029280
2007-12-04 12:32:00,5.4570,5.4630,5.4420,5.4520,352380
2007-12-04 12:31:00,5.4520,5.4640,5.4410,5.4560,1200192
2007-12-04 12:30:00,5.4550,5.4640,5.4410,5.4500,743568
2007-12-04 12:29:00,5.4540,5.4640,5.4420,5.4520,1104740
2007-12-04 12:28:00,5.4560,5.4620,5.4420,5.4510,569492
2007-12-04 12:27:00,5.4590,5.4670,5.4440,5.4540,697340
2007-12-04 12:26:00,5.4570,5.4660,5.4430,5.4580,748048
2007-12-04 12:25:00,5.4600,5.4680,5.4470,5.4560,795144
2007-12-04 12:24:00,5.4560,5.4670,5.4440,5.4570,1069460
2007-12-04 12:23:00,5.4590,5.4650,5.4430,5.4550,596372
2007-12-04 12:22:00,5.4590,5.4680,5.4470,5.4580,1047452
2007-12-04 12:21:00,5.4570,5.4650,5.4390,5.4570,1597204
2007-12-04 12:20:00,5.4530,5.4630,5.4410,5.4550,770000
2007-12-04 12:19:00,5.4530,5.4650,5.4400,5.4520,725676
2007-12-04 12:18:00,5.4550,5.4660,5.4420,5.4500,935592
2007-12-04 12:17:00,5.4530,5.4650,5.4420,5.4540,1756916
2007-12-04 12:16:00,5.4420,5.4600,5.4300,5.4510,1821512
2007-12-04 12:15:00,5.4470,5.4530,5.4290,5.4400,2147992
2007-12-04 12:14:00,5.4480,5.4600,5.4320,5.4450,2735712
2007-12-04 12:13:00,5.4590,5.4650,5.4370,5.4460,1243704
2007-12-04 12:12:00,5.4620,5.4710,5.4450,5.4560,1515612
2007-12-04 12:11:00,5.4500,5.4680,5.4400,5.4600,1572844
2007-12-04 12:10:00,5.4500,5.4610,5.4380,5.4490,1160460
2007-12-04 12:09:00,5.4570,5.4650,5.4400,5.4480,1278452
2007-12-04 12:08:00,5.4570,5.4660,5.4450,5.4550,934920
2007-12-04 12:07:00,5.4640,5.4700,5.4450,5.4560,907228
2007-12-04 12:06:00,5.4600,5.4720,5.4470,5.4610,2577624
2007-12-04 12:05:00,5.4540,5.4650,5.4430,5.4560,1152648
2007-12-04 12:04:00,5.4580,5.4640,5.4390,5.4510,1225728
2007-12-04 12:03:00,5.4470,5.4630,5.4350,5.4550,2186576
2007-12-04 12:02:00,5.4480,5.4570,5.4350,5.4450,827148
2007-12-04 12:01:00,5.4430,5.4570,5.4330,5.4440,880208
2007-12-04 12:00:00,5.4480,5.4560,5.4330,5.4430,769244
2007-12-04 11:59:00,5.4430,5.4530,5.4290,5.4450,2057832
2007-12-04 11:58:00,5.4540,5.4600,5.4330,5.4420,1413496
2007-12-04 11:57:00,5.4520,5.4610,5.4400,5.4530,698180
2007-12-04 11:56:00,5.4490,5.4610,5.4390,5.4500,635824
2007-12-04 11:55:00,5.4590,5.4670,5.4390,5.4480,885276
2007-12-04 11:54:00,5.4560,5.4660,5.4440,5.4560,1146796
2007-12-04 11:53:00,5.4500,5.4620,5.4390,5.4540,1138088
2007-12-04 11:52:00,5.4430,5.4590,5.4320,5.4490,1438640
2007-12-04 11:51:00,5.4470,5.4530,5.4280,5.4410,1936564
2007-12-04 11:50:00,5.4510,5.4580,5.4330,5.4450,1059632
2007-12-04 11:49:00,5.4510,5.4630,5.4320,5.4500,1716316
2007-12-04 11:48:00,5.4530,5.4580,5.4310,5.4490,2135588
2007-12-04 11:47:00,5.4600,5.4680,5.4390,5.4490,1346380
2007-12-04 11:46:00,5.4610,5.4690,5.4460,5.4580,1121008
2007-12-04 11:45:00,5.4590,5.4660,5.4430,5.4590,1058400
2007-12-04 11:44:00,5.4580,5.4660,5.4450,5.4560,1377628
2007-12-04 11:43:00,5.4570,5.4650,5.4440,5.4560,689640
2007-12-04 11:42:00,5.4540,5.4650,5.4430,5.4550,896392
2007-12-04 11:41:00,5.4570,5.4660,5.4380,5.4520,2068808
2007-12-04 11:40:00,5.4580,5.4660,5.4440,5.4550,1444716
2007-12-04 11:39:00,5.4530,5.4680,5.4420,5.4550,1716148
2007-12-04 11:38:00,5.4520,5.4590,5.4380,5.4510,954716
2007-12-04 11:37:00,5.4550,5.4650,5.4360,5.4490,2350432
2007-12-04 11:36:00,5.4570,5.4660,5.4430,5.4520,1962436
2007-12-04 11:35:00,5.4670,5.4730,5.4450,5.4560,2703652
2007-12-04 11:34:00,5.4660,5.4760,5.4550,5.4650,935004
2007-12-04 11:33:00,5.4680,5.4730,5.4530,5.4640,1595020
2007-12-04 11:32:00,5.4700,5.4760,5.4560,5.4660,1577128
2007-12-04 11:31:00,5.4720,5.4800,5.4590,5.4680,1297884
2007-12-04 11:30:00,5.4650,5.4800,5.4530,5.4700,2373868
2007-12-04 11:29:00,5.4700,5.4760,5.4540,5.4630,1960140
2007-12-04 11:28:00,5.4740,5.4820,5.4530,5.4680,1446256
2007-12-04 11:27:00,5.4730,5.4830,5.4600,5.4720,1662416
2007-12-04 11:26:00,5.4720,5.4800,5.4570,5.4710,1244516
2007-12-04 11:25:00,5.4700,5.4800,5.4580,5.4690,2375072
2007-12-04 11:24:00,5.4730,5.4820,5.4600,5.4680,1849904
2007-12-04 11:23:00,5.4800,5.4860,5.4610,5.4710,2212784
2007-12-04 11:22:00,5.4820,5.4900,5.4690,5.4780,1495620
2007-12-04 11:21:00,5.4790,5.4910,5.4680,5.4800,3202892
2007-12-04 11:20:00,5.4670,5.4860,5.4560,5.4780,5435332
2007-12-04 11:19:00,5.4630,5.4730,5.4520,5.4650,2143568
2007-12-04 11:18:00,5.4600,5.4690,5.4490,5.4610,1478400
2007-12-04 11:17:00,5.4600,5.4690,5.4440,5.4580,1516872
2007-12-04 11:16:00,5.4590,5.4690,5.4460,5.4570,1789648
2007-12-04 11:15:00,5.4650,5.4730,5.4480,5.4570,3126788
2007-12-04 11:14:00,5.4590,5.4710,5.4470,5.4630,3020388
2007-12-04 11:13:00,5.4480,5.4670,5.4370,5.4570,3676624
2007-12-04 11:12:00,5.4420,5.4610,5.4310,5.4460,3491936
2007-12-04 11:11:00,5.4490,5.4570,5.4330,5.4410,1077412
2007-12-04 11:10:00,5.4480,5.4580,5.4370,5.4470,1530452
2007-12-04 11:09:00,5.4440,5.4550,5.4290,5.4450,1720628
2007-12-04 11:08:00,5.4460,5.4530,5.4320,5.4420,890148
2007-12-04 11:07:00,5.4480,5.4540,5.4330,5.4450,953708
2007-12-04 11:06:00,5.4380,5.4540,5.4270,5.4460,1770888
2007-12-04 11:05:00,5.4370,5.4440,5.4230,5.4360,991256
2007-12-04 11:04:00,5.4370,5.4450,5.4200,5.4350,1211700
2007-12-04 11:03:00,5.4360,5.4480,5.4220,5.4350,1848028
2007-12-04 11:02:00,5.4410,5.4490,5.4240,5.4340,1978956
2007-12-04 11:01:00,5.4380,5.4490,5.4260,5.4390,1560664
2007-12-04 11:00:00,5.4380,5.4470,5.4220,5.4360,2838024
2007-12-04 10:59:00,5.4400,5.4470,5.4250,5.4360,2240504
2007-12-04 10:58:00,5.4470,5.4540,5.4280,5.4390,2068360
2007-12-04 10:57:00,5.4520,5.4590,5.4360,5.4450,1185828
2007-12-04 10:56:00,5.4490,5.4600,5.4370,5.4500,1720544
2007-12-04 10:55:00,5.4430,5.4590,5.4310,5.4480,1376620
2007-12-04 10:54:00,5.4440,5.4550,5.4310,5.4400,1187144
2007-12-04 10:53:00,5.4480,5.4590,5.4320,5.4420,1272628
2007-12-04 10:52:00,5.4460,5.4560,5.4330,5.4460,1131452
2007-12-04 10:51:00,5.4460,5.4570,5.4310,5.4440,2221856
2007-12-04 10:50:00,5.4480,5.4550,5.4300,5.4440,2183552
2007-12-04 10:49:00,5.4520,5.4580,5.4340,5.4460,2284212
2007-12-04 10:48:00,5.4540,5.4630,5.4410,5.4500,2650144
2007-12-04 10:47:00,5.4590,5.4650,5.4390,5.4510,3341520
2007-12-04 10:46:00,5.4660,5.4720,5.4460,5.4570,2072672
2007-12-04 10:45:00,5.4650,5.4770,5.4500,5.4640,3205188
2007-12-04 10:44:00,5.4600,5.4730,5.4490,5.4630,2736104
2007-12-04 10:43:00,5.4630,5.4690,5.4460,5.4570,1365140
2007-12-04 10:42:00,5.4590,5.4710,5.4430,5.4600,1502816
2007-12-04 10:41:00,5.4580,5.4650,5.4430,5.4560,979160
2007-12-04 10:40:00,5.4660,5.4730,5.4460,5.4570,2143652
2007-12-04 10:39:00,5.4590,5.4730,5.4490,5.4640,2614192
2007-12-04 10:38:00,5.4590,5.4690,5.4440,5.4560,2488164
2007-12-04 10:37:00,5.4690,5.4750,5.4480,5.4580,2603328
2007-12-04 10:36:00,5.4650,5.4750,5.4540,5.4660,2043328
2007-12-04 10:35:00,5.4630,5.4720,5.4520,5.4630,2353400
2007-12-04 10:34:00,5.4690,5.4740,5.4510,5.4610,2635164
2007-12-04 10:33:00,5.4740,5.4800,5.4530,5.4660,3789044
2007-12-04 10:32:00,5.4690,5.4830,5.4570,5.4710,4326588
2007-12-04 10:31:00,5.4620,5.4770,5.4510,5.4670,5443452
2007-12-04 10:30:00,5.4520,5.4680,5.4410,5.4600,2951452
2007-12-04 10:29:00,5.4560,5.4650,5.4400,5.4490,2464084
2007-12-04 10:28:00,5.4480,5.4630,5.4350,5.4550,3166548
2007-12-04 10:27:00,5.4430,5.4550,5.4260,5.4470,1555988
2007-12-04 10:26:00,5.4380,5.4500,5.4270,5.4400,1055712
2007-12-04 10:25:00,5.4320,5.4470,5.4220,5.4370,1493184
2007-12-04 10:24:00,5.4320,5.4390,5.4190,5.4290,1595244
2007-12-04 10:23:00,5.4320,5.4460,5.4180,5.4300,2534448
2007-12-04 10:22:00,5.4310,5.4440,5.4200,5.4300,1986348
2007-12-04 10:21:00,5.4400,5.4490,5.4190,5.4290,2501548
2007-12-04 10:20:00,5.4510,5.4590,5.4290,5.4380,2225832
2007-12-04 10:19:00,5.4500,5.4590,5.4360,5.4490,1924440
2007-12-04 10:18:00,5.4540,5.4630,5.4390,5.4480,2031316
2007-12-04 10:17:00,5.4530,5.4630,5.4400,5.4520,1737316
2007-12-04 10:16:00,5.4590,5.4690,5.4430,5.4510,2876944
2007-12-04 10:15:00,5.4550,5.4660,5.4420,5.4570,1839180
2007-12-04 10:14:00,5.4600,5.4680,5.4430,5.4530,3008628
2007-12-04 10:13:00,5.4550,5.4660,5.4410,5.4580,4131288
2007-12-04 10:12:00,5.4450,5.4620,5.4330,5.4530,2436448
2007-12-04 10:11:00,5.4420,5.4520,5.4280,5.4430,1507772
2007-12-04 10:10:00,5.4400,5.4510,5.4260,5.4390,2007880
2007-12-04 10:09:00,5.4470,5.4540,5.4300,5.4400,2060464
2007-12-04 10:08:00,5.4510,5.4600,5.4320,5.4460,1600872
2007-12-04 10:07:00,5.4490,5.4590,5.4370,5.4490,1260952
2007-12-04 10:06:00,5.4410,5.4590,5.4300,5.4470,2082332
2007-12-04 10:05:00,5.4420,5.4500,5.4270,5.4390,2112964
2007-12-04 10:04:00,5.4520,5.4590,5.4310,5.4410,2498468
2007-12-04 10:03:00,5.4530,5.4620,5.4390,5.4510,1572116
2007-12-04 10:02:00,5.4560,5.4620,5.4370,5.4510,2493904
2007-12-04 10:01:00,5.4460,5.4690,5.4350,5.4540,4607904
2007-12-04 10:00:00,5.4500,5.4590,5.4350,5.4440,3509156
2007-12-04 09:59:00,5.4430,5.4580,5.4300,5.4490,3997700
2007-12-04 09:58:00,5.4270,5.4530,5.4170,5.4400,3084956
2007-12-04 09:57:00,5.4330,5.4400,5.4140,5.4260,1792700
2007-12-04 09:56:00,5.4220,5.4400,5.4110,5.4310,2090032
2007-12-04 09:55:00,5.4240,5.4330,5.4100,5.4200,2076256
2007-12-04 09:54:00,5.4260,5.4380,5.4070,5.4220,5551868
2007-12-04 09:53:00,5.4470,5.4520,5.4140,5.4240,4349744
2007-12-04 09:52:00,5.4280,5.4580,5.4140,5.4450,5285056
2007-12-04 09:51:00,5.4490,5.4560,5.4110,5.4260,5150936
2007-12-04 09:50:00,5.4540,5.4620,5.4310,5.4470,3393572
2007-12-04 09:49:00,5.4520,5.4630,5.4400,5.4520,2689316
2007-12-04 09:48:00,5.4640,5.4730,5.4410,5.4500,4417476
2007-12-04 09:47:00,5.4540,5.4750,5.4420,5.4630,6101116
2007-12-04 09:46:00,5.4390,5.4630,5.4270,5.4530,6082468
2007-12-04 09:45:00,5.4430,5.4480,5.4250,5.4360,4245108
2007-12-04 09:44:00,5.4370,5.4510,5.4260,5.4410,4216660
2007-12-04 09:43:00,5.4450,5.4510,5.4250,5.4350,3765412
2007-12-04 09:42:00,5.4430,5.4510,5.4250,5.4420,5700576
2007-12-04 09:41:00,5.4490,5.4590,5.4280,5.4400,5695732
2007-12-04 09:40:00,5.4390,5.4600,5.4290,5.4470,6542648
2007-12-04 09:39:00,5.4230,5.4480,5.4080,5.4370,7831152
2007-12-04 09:38:00,5.4130,5.4290,5.3920,5.4210,5498108
2007-12-04 09:37:00,5.4000,5.4210,5.3840,5.4110,3602004
2007-12-04 09:36:00,5.3970,5.4150,5.3770,5.3980,4339104
2007-12-04 09:35:00,5.4030,5.4230,5.3760,5.3950,4857104
2007-12-04 09:34:00,5.4160,5.4270,5.3590,5.4040,9043888
2007-12-04 09:33:00,5.3850,5.4290,5.3730,5.4140,7557508
2007-12-04 09:32:00,5.3790,5.3930,5.3660,5.3820,4960564
2007-12-04 09:31:00,5.3750,5.3880,5.3570,5.3760,4518920
2007-12-04 09:30:00,5.3710,5.3920,5.3560,5.3730,10652628
2007-12-04 09:29:00,5.3680,5.3840,5.3580,5.3690,309400
2007-12-04 09:28:00,5.3670,5.3750,5.3570,5.3660,169176
2007-12-04 09:27:00,5.3660,5.3730,5.3550,5.3650,86800
2007-12-04 09:26:00,5.3650,5.3730,5.3530,5.3610,173628
2007-12-04 09:25:00,5.3660,5.3720,5.3530,5.3620,19600
2007-12-04 09:24:00,5.3620,5.3720,5.3520,5.3630,145600
2007-12-04 09:23:00,5.3600,5.3680,5.3490,5.3600,245392
2007-12-04 09:22:00,5.3610,5.3680,5.3510,5.3600,14000
2007-12-04 09:21:00,5.3610,5.3680,5.3490,5.3570,128800
2007-12-04 09:20:00,5.3620,5.3680,5.3520,5.3600,2800
2007-12-04 09:19:00,5.3640,5.3690,5.3520,5.3600,28000
2007-12-04 09:18:00,5.3630,5.3690,5.3520,5.3610,36400
2007-12-04 09:17:00,5.3660,5.3730,5.3560,5.3650,68124
2007-12-04 09:16:00,5.3650,5.3720,5.3540,5.3640,5600
2007-12-04 09:15:00,5.3650,5.3720,5.3520,5.3620,51800
2007-12-04 09:14:00,5.3640,5.3720,5.3520,5.3630,148400
2007-12-04 09:13:00,5.3610,5.3720,5.3450,5.3620,259448
2007-12-04 09:12:00,5.3670,5.3720,5.3510,5.3590,130760
2007-12-04 09:11:00,5.3660,5.3740,5.3560,5.3670,12600
2007-12-04 09:10:00,5.3700,5.3760,5.3570,5.3650,87640
2007-12-04 09:09:00,5.3690,5.3750,5.3590,5.3680,201040
2007-12-04 09:08:00,5.3670,5.3740,5.3570,5.3670,135800
2007-12-04 09:07:00,5.3670,5.3750,5.3560,5.3650,175140
2007-12-04 09:06:00,5.3660,5.3720,5.3540,5.3630,56000
2007-12-04 09:05:00,5.3640,5.3690,5.3520,5.3620,28000
2007-12-04 09:04:00,5.3660,5.3710,5.3550,5.3640,8400
2007-12-04 09:03:00,5.3670,5.3720,5.3550,5.3640,67200
2007-12-04 09:02:00,5.3670,5.3730,5.3570,5.3650,56000
2007-12-04 09:01:00,5.3660,5.3740,5.3560,5.3660,80416
2007-12-04 09:00:00,5.3620,5.3720,5.3520,5.3650,53200
2007-12-04 08:59:00,5.3680,5.3780,5.3510,5.3600,124264
2007-12-04 08:58:00,5.3730,5.3780,5.3600,5.3680,172340
2007-12-04 08:57:00,5.3730,5.3810,5.3630,5.3710,47600
2007-12-04 08:56:00,5.3690,5.3800,5.3590,5.3710,57372
2007-12-04 08:54:00,5.3680,5.3780,5.3570,5.3660,110992
2007-12-04 08:53:00,5.3640,5.3720,5.3520,5.3650,53256
2007-12-04 08:52:00,5.3700,5.3750,5.3560,5.3650,120400
2007-12-04 08:51:00,5.3710,5.3760,5.3580,5.3680,57400
2007-12-04 08:50:00,5.3700,5.3780,5.3600,5.3710,36400
2007-12-04 08:49:00,5.3670,5.3740,5.3570,5.3660,151956
2007-12-04 08:48:00,5.3670,5.3780,5.3550,5.3650,156772
2007-12-04 08:47:00,5.3650,5.3740,5.3540,5.3650,113428
2007-12-04 08:46:00,5.3610,5.3710,5.3500,5.3630,71120
2007-12-04 08:45:00,5.3600,5.3690,5.3500,5.3590,70000
2007-12-04 08:44:00,5.3580,5.3650,5.3470,5.3580,51660
2007-12-04 08:43:00,5.3590,5.3650,5.3480,5.3560,33740
2007-12-04 08:42:00,5.3610,5.3670,5.3480,5.3590,84700
2007-12-04 08:41:00,5.3600,5.3650,5.3500,5.3580,14000
2007-12-04 08:40:00,5.3610,5.3690,5.3510,5.3610,36064
2007-12-04 08:39:00,5.3630,5.3710,5.3520,5.3610,19600
2007-12-04 08:38:00,5.3590,5.3670,5.3480,5.3570,112420
2007-12-04 08:37:00,5.3590,5.3670,5.3490,5.3590,16800
2007-12-04 08:36:00,5.3580,5.3710,5.3480,5.3600,171500
2007-12-04 08:35:00,5.3570,5.3630,5.3470,5.3560,50400
2007-12-04 08:34:00,5.3540,5.3630,5.3420,5.3560,44800
2007-12-04 08:33:00,5.3570,5.3680,5.3400,5.3510,94500
2007-12-04 08:32:00,5.3560,5.3640,5.3380,5.3550,378392
2007-12-04 08:31:00,5.3540,5.3600,5.3410,5.3520,142660
2007-12-04 08:30:00,5.3500,5.3610,5.3390,5.3520,219352
2007-12-04 08:29:00,5.3480,5.3540,5.3380,5.3470,156800
2007-12-04 08:28:00,5.3470,5.3530,5.3340,5.3450,42000
2007-12-04 08:27:00,5.3440,5.3510,5.3320,5.3420,63140
2007-12-04 08:26:00,5.3460,5.3540,5.3340,5.3420,142800
2007-12-04 08:25:00,5.3470,5.3520,5.3340,5.3440,81200
2007-12-04 08:24:00,5.3520,5.3580,5.3360,5.3450,194488
2007-12-04 08:23:00,5.3510,5.3580,5.3410,5.3500,122808
2007-12-04 08:22:00,5.3510,5.3600,5.3390,5.3500,84000
2007-12-04 08:21:00,5.3500,5.3570,5.3380,5.3470,134400
2007-12-04 08:20:00,5.3540,5.3600,5.3410,5.3500,39116
2007-12-04 08:19:00,5.3520,5.3600,5.3390,5.3500,187656
2007-12-04 08:18:00,5.3530,5.3590,5.3380,5.3500,130368
2007-12-04 08:17:00,5.3590,5.3650,5.3420,5.3500,116200
2007-12-04 08:16:00,5.3610,5.3680,5.3480,5.3560,68600
2007-12-04 08:15:00,5.3600,5.3660,5.3480,5.3560,76412
2007-12-04 08:14:00,5.3670,5.3720,5.3460,5.3550,113400
2007-12-04 08:13:00,5.3650,5.3720,5.3540,5.3650,81424
2007-12-04 08:12:00,5.3640,5.3710,5.3490,5.3580,196644
2007-12-04 08:11:00,5.3670,5.3720,5.3550,5.3630,56000
2007-12-04 08:10:00,5.3710,5.3770,5.3540,5.3650,217280
2007-12-04 08:09:00,5.3670,5.3770,5.3570,5.3660,107100
2007-12-04 08:08:00,5.3670,5.3770,5.3540,5.3650,72576
2007-12-04 08:07:00,5.3640,5.3770,5.3540,5.3650,151956
2007-12-04 08:06:00,5.3630,5.3720,5.3530,5.3650,71372
2007-12-04 08:05:00,5.3640,5.3690,5.3520,5.3610,55440
2007-12-04 08:04:00,5.3620,5.3720,5.3520,5.3640,141232
2007-12-04 08:03:00,5.3710,5.3770,5.3540,5.3620,119168
2007-12-04 08:02:00,5.3660,5.3770,5.3540,5.3690,218960
2007-12-04 08:01:00,5.3720,5.3780,5.3570,5.3650,119420
2007-12-04 08:00:00,5.3870,5.3970,5.3570,5.3700,206584
2007-12-04 07:57:00,5.3870,5.3920,5.3770,5.3850,2800
2007-12-04 07:54:00,5.3820,5.3880,5.3720,5.3800,16800
2007-12-04 07:52:00,5.3910,5.3970,5.3810,5.3890,11200
2007-12-04 07:50:00,5.3880,5.3940,5.3780,5.3860,7420
2007-12-04 07:48:00,5.3880,5.3940,5.3780,5.3860,2800
2007-12-04 07:47:00,5.3820,5.3880,5.3720,5.3800,11200
2007-12-04 07:46:00,5.3760,5.3880,5.3660,5.3800,39760
2007-12-04 07:45:00,5.3820,5.3880,5.3720,5.3800,28000
2007-12-04 07:44:00,5.3820,5.3880,5.3720,5.3800,21840
2007-12-04 07:40:00,5.3760,5.3820,5.3660,5.3740,14000
2007-12-04 07:38:00,5.3760,5.3820,5.3660,5.3740,4424
2007-12-04 07:34:00,5.3850,5.3910,5.3750,5.3830,12656
2007-12-04 07:33:00,5.3850,5.3910,5.3750,5.3830,22428
2007-12-04 07:32:00,5.3850,5.3910,5.3750,5.3830,14000
2007-12-04 07:31:00,5.3850,5.3910,5.3750,5.3830,14000
2007-12-04 07:30:00,5.3850,5.3910,5.3750,5.3830,28000
2007-12-04 07:29:00,5.3850,5.3910,5.3700,5.3830,50176
2007-12-04 07:26:00,5.3930,5.3980,5.3820,5.3910,4200
2007-12-04 07:23:00,5.3930,5.3980,5.3830,5.3910,8400
2007-12-04 07:20:00,5.3930,5.3980,5.3830,5.3910,5600
2007-12-04 07:16:00,5.3970,5.4030,5.3870,5.3950,5600
2007-12-04 07:15:00,5.3960,5.4010,5.3850,5.3940,8400
2007-12-04 07:13:00,5.3970,5.4180,5.3870,5.4100,16800
2007-12-04 06:44:00,5.3970,5.4030,5.3870,5.3950,53200
2007-12-04 05:44:00,5.4100,5.4150,5.4000,5.4080,2800
2007-12-04 05:29:00,5.4120,5.4180,5.4000,5.4090,14000
2007-12-03 19:59:00,5.4280,5.4380,5.4170,5.4300,118160
2007-12-03 19:58:00,5.4280,5.4330,5.4170,5.4260,2800
2007-12-03 19:57:00,5.4280,5.4330,5.4160,5.4240,30352
2007-12-03 19:56:00,5.4260,5.4320,5.4160,5.4240,14000
2007-12-03 19:53:00,5.4260,5.4320,5.4150,5.4240,14000
2007-12-03 19:52:00,5.4250,5.4300,5.4140,5.4230,5600
2007-12-03 19:51:00,5.4220,5.4270,5.4110,5.4190,5460
2007-12-03 19:50:00,5.4250,5.4300,5.4110,5.4190,16800
2007-12-03 19:43:00,5.4220,5.4330,5.4110,5.4260,6328
2007-12-03 19:41:00,5.4220,5.4270,5.4110,5.4190,2800
2007-12-03 19:39:00,5.4230,5.4290,5.4130,5.4210,8344
2007-12-03 19:38:00,5.4280,5.4330,5.4130,5.4210,134456
2007-12-03 19:37:00,5.4230,5.4290,5.4130,5.4210,8344
2007-12-03 19:36:00,5.4220,5.4270,5.4110,5.4190,2800
2007-12-03 19:35:00,5.4240,5.4290,5.4130,5.4210,70000
2007-12-03 19:32:00,5.4280,5.4330,5.4170,5.4260,16576
2007-12-03 19:22:00,5.4300,5.4350,5.4200,5.4280,7000
2007-12-03 19:19:00,5.4280,5.4330,5.4170,5.4260,2800
2007-12-03 19:08:00,5.4280,5.4330,5.4160,5.4250,12096
2007-12-03 19:07:00,5.4280,5.4340,5.4180,5.4260,2800
2007-12-03 19:03:00,5.4270,5.4320,5.4160,5.4250,2800
2007-12-03 19:02:00,5.4280,5.4330,5.4170,5.4260,2800
2007-12-03 19:01:00,5.4270,5.4320,5.4170,5.4250,2800
2007-12-03 19:00:00,5.4280,5.4330,5.4170,5.4260,4704
2007-12-03 18:58:00,5.4280,5.4330,5.4170,5.4260,16940
2007-12-03 18:49:00,5.4290,5.4350,5.4190,5.4270,5600
2007-12-03 18:46:00,5.4290,5.4350,5.4190,5.4270,11200
2007-12-03 18:44:00,5.4290,5.4350,5.4190,5.4270,5600
2007-12-03 18:42:00,5.4290,5.4350,5.4190,5.4270,8400
2007-12-03 18:41:00,5.4310,5.4360,5.4200,5.4290,12600
2007-12-03 18:37:00,5.4280,5.4450,5.4180,5.4380,143080
2007-12-03 18:34:00,5.4360,5.4420,5.4260,5.4340,2800
2007-12-03 18:33:00,5.4360,5.4420,5.4260,5.4340,2800
2007-12-03 18:29:00,5.4340,5.4420,5.4240,5.4350,27524
2007-12-03 18:27:00,5.4310,5.4360,5.4170,5.4260,19040
2007-12-03 18:25:00,5.4340,5.4390,5.4230,5.4320,2800
2007-12-03 18:22:00,5.4320,5.4380,5.4220,5.4310,8400
2007-12-03 18:20:00,5.4320,5.4380,5.4220,5.4300,8400
2007-12-03 18:19:00,5.4330,5.4380,5.4220,5.4310,2800
2007-12-03 18:18:00,5.4320,5.4380,5.4220,5.4300,2800
2007-12-03 18:13:00,5.4280,5.4330,5.4170,5.4260,25200
2007-12-03 18:09:00,5.4350,5.4410,5.4250,5.4330,2800
2007-12-03 18:07:00,5.4350,5.4410,5.4250,5.4330,6076
2007-12-03 18:06:00,5.4340,5.4390,5.4230,5.4320,7000
2007-12-03 18:03:00,5.4310,5.4370,5.4210,5.4300,26992
2007-12-03 17:56:00,5.4290,5.4350,5.4190,5.4270,5096
2007-12-03 17:55:00,5.4310,5.4360,5.4200,5.4290,13860
2007-12-03 17:54:00,5.4290,5.4340,5.4180,5.4270,14000
2007-12-03 17:51:00,5.4290,5.4340,5.4180,5.4270,45248
2007-12-03 17:50:00,5.4280,5.4340,5.4180,5.4260,5600
2007-12-03 17:49:00,5.4280,5.4330,5.4170,5.4260,2800
2007-12-03 17:45:00,5.4280,5.4340,5.4170,5.4270,51240
2007-12-03 17:44:00,5.4270,5.4330,5.4170,5.4250,42000
2007-12-03 17:43:00,5.4280,5.4330,5.4160,5.4250,34160
2007-12-03 17:42:00,5.4290,5.4340,5.4180,5.4270,12600
2007-12-03 17:38:00,5.4290,5.4340,5.4180,5.4270,7000
2007-12-03 17:36:00,5.4290,5.4340,5.4180,5.4270,2800
2007-12-03 17:34:00,5.4290,5.4340,5.4180,5.4270,8120
2007-12-03 17:29:00,5.4320,5.4370,5.4210,5.4300,2800
2007-12-03 17:28:00,5.4320,5.4370,5.4210,5.4300,5964
2007-12-03 17:26:00,5.4280,5.4330,5.4170,5.4260,11396
2007-12-03 17:25:00,5.4290,5.4350,5.4170,5.4260,9604
2007-12-03 17:23:00,5.4310,5.4360,5.4200,5.4290,4004
2007-12-03 17:22:00,5.4320,5.4380,5.4200,5.4290,14000
2007-12-03 17:20:00,5.4340,5.4390,5.4220,5.4300,123144
2007-12-03 17:17:00,5.4340,5.4390,5.4220,5.4300,30856
2007-12-03 17:16:00,5.4350,5.4400,5.4240,5.4330,2800
2007-12-03 17:15:00,5.4320,5.4380,5.4220,5.4300,16408
2007-12-03 17:14:00,5.4320,5.4910,5.4130,5.4210,7098000
2007-12-03 17:12:00,5.4350,5.4400,5.4240,5.4330,2800
2007-12-03 17:09:00,5.4340,5.4390,5.4230,5.4320,11200
2007-12-03 17:08:00,5.4340,5.4390,5.4230,5.4320,19600
2007-12-03 17:07:00,5.4310,5.4390,5.4200,5.4320,7000
2007-12-03 17:06:00,5.4310,5.4370,5.4210,5.4300,36400
2007-12-03 17:05:00,5.4310,5.4360,5.4200,5.4290,2800
2007-12-03 16:58:00,5.4290,5.4340,5.4180,5.4270,12600
2007-12-03 16:57:00,5.4290,5.4340,5.4180,5.4270,2800
2007-12-03 16:54:00,5.4310,5.4360,5.4200,5.4290,14000
2007-12-03 16:52:00,5.4230,5.4340,5.4130,5.4260,51380
2007-12-03 16:50:00,5.4300,5.4360,5.4200,5.4280,3780
2007-12-03 16:49:00,5.4300,5.4360,5.4200,5.4280,32620
2007-12-03 16:48:00,5.4280,5.4330,5.4130,5.4210,28000
2007-12-03 16:47:00,5.4310,5.4360,5.4200,5.4290,2800
2007-12-03 16:45:00,5.4300,5.4360,5.4170,5.4260,96488
2007-12-03 16:44:00,5.4270,5.4330,5.4170,5.4260,8400
2007-12-03 16:42:00,5.4270,5.4350,5.4170,5.4270,118440
2007-12-03 16:41:00,5.4270,5.4320,5.4170,5.4250,156940
2007-12-03 16:40:00,5.4270,5.4320,5.4170,5.4250,12320
2007-12-03 16:38:00,5.4280,5.4330,5.4170,5.4260,8400
2007-12-03 16:37:00,5.4270,5.4320,5.4170,5.4250,59612
2007-12-03 16:36:00,5.4280,5.4330,5.4170,5.4260,11200
2007-12-03 16:35:00,5.4280,5.4330,5.4170,5.4260,28000
2007-12-03 16:33:00,5.4280,5.4330,5.4170,5.4260,5600
2007-12-03 16:32:00,5.4300,5.4360,5.4200,5.4280,2800
2007-12-03 16:30:00,5.4290,5.4360,5.4130,5.4210,75852
2007-12-03 16:29:00,5.4280,5.4330,5.4170,5.4260,43400
2007-12-03 16:28:00,5.4270,5.4320,5.4170,5.4250,2800
2007-12-03 16:26:00,5.4270,5.4330,5.4170,5.4260,17108
2007-12-03 16:25:00,5.4280,5.4330,5.4170,5.4260,14000
2007-12-03 16:24:00,5.4280,5.4330,5.4170,5.4260,4648
2007-12-03 16:21:00,5.4280,5.4330,5.4170,5.4260,14000
2007-12-03 16:20:00,5.4270,5.4880,5.4170,5.4260,48160
2007-12-03 16:19:00,5.4280,5.4340,5.4170,5.4260,87640
2007-12-03 16:18:00,5.4270,5.4330,5.4170,5.4260,117264
2007-12-03 16:17:00,5.4290,5.4960,5.4170,5.4260,39704
2007-12-03 16:15:00,5.4300,5.4360,5.4170,5.4260,34440
2007-12-03 16:14:00,5.4230,5.4350,5.4130,5.4260,418040
2007-12-03 16:13:00,5.4290,5.4350,5.4190,5.4270,3248
2007-12-03 16:12:00,5.4790,5.4850,5.4130,5.4290,66640
2007-12-03 16:11:00,5.4230,5.4370,5.4130,5.4210,69440
2007-12-03 16:10:00,5.4300,5.4360,5.4130,5.4210,153412
2007-12-03 16:09:00,5.4830,5.4880,5.4130,5.4210,178444
2007-12-03 16:08:00,5.4300,5.4880,5.4130,5.4810,89880
2007-12-03 16:07:00,5.4300,5.4360,5.4130,5.4280,142800
2007-12-03 16:06:00,5.4230,5.4360,5.4130,5.4280,458528
2007-12-03 16:05:00,5.4230,5.4390,5.4130,5.4210,178948
2007-12-03 16:04:00,5.4330,5.4390,5.4130,5.4210,94220
2007-12-03 16:03:00,5.4230,5.5640,5.4130,5.5560,444528
2007-12-03 16:02:00,5.4280,5.4360,5.4130,5.4290,269304
2007-12-03 16:01:00,5.4270,5.4330,5.4130,5.4260,499072
2007-12-03 16:00:00,5.4270,5.4330,5.4130,5.4250,14927276
2007-12-03 15:59:00,5.4180,5.4390,5.4070,5.4250,4754176
2007-12-03 15:58:00,5.4110,5.4250,5.4000,5.4160,3848068
2007-12-03 15:57:00,5.4100,5.4200,5.3960,5.4090,4639376
2007-12-03 15:56:00,5.4130,5.4190,5.3960,5.4070,4659340
2007-12-03 15:55:00,5.4090,5.4210,5.3970,5.4110,3616620
2007-12-03 15:54:00,5.4070,5.4170,5.3950,5.4070,3138996
2007-12-03 15:53:00,5.3990,5.4140,5.3880,5.4050,3894184
2007-12-03 15:52:00,5.3910,5.4100,5.3810,5.3970,5487748
2007-12-03 15:51:00,5.4120,5.4190,5.3780,5.3900,11275432
2007-12-03 15:50:00,5.4280,5.4350,5.4000,5.4100,6629980
2007-12-03 15:49:00,5.4250,5.4400,5.4130,5.4260,2543100
2007-12-03 15:48:00,5.4270,5.4400,5.4140,5.4230,4165420
2007-12-03 15:47:00,5.4300,5.4390,5.4130,5.4250,4744740
2007-12-03 15:46:00,5.4320,5.4460,5.4170,5.4280,4101636
2007-12-03 15:45:00,5.4450,5.4500,5.4180,5.4290,4294136
2007-12-03 15:44:00,5.4490,5.4560,5.4320,5.4430,2049740
2007-12-03 15:43:00,5.4440,5.4560,5.4310,5.4470,2735628
2007-12-03 15:42:00,5.4370,5.4510,5.4230,5.4410,1848392
2007-12-03 15:41:00,5.4480,5.4530,5.4230,5.4350,3805228
2007-12-03 15:40:00,5.4470,5.4570,5.4350,5.4460,1030092
2007-12-03 15:39:00,5.4550,5.4610,5.4340,5.4450,1818040
2007-12-03 15:38:00,5.4510,5.4600,5.4360,5.4530,1709736
2007-12-03 15:37:00,5.4530,5.4620,5.4400,5.4490,2089752
2007-12-03 15:36:00,5.4560,5.4680,5.4420,5.4510,2937676
2007-12-03 15:35:00,5.4470,5.4620,5.4360,5.4530,2850204
2007-12-03 15:34:00,5.4570,5.4620,5.4300,5.4450,4092788
2007-12-03 15:33:00,5.4590,5.4650,5.4420,5.4540,2649668
2007-12-03 15:32:00,5.4590,5.4690,5.4430,5.4570,1890224
2007-12-03 15:31:00,5.4530,5.4690,5.4420,5.4570,6166748
2007-12-03 15:30:00,5.4540,5.4620,5.4400,5.4520,2393104
2007-12-03 15:29:00,5.4610,5.4710,5.4430,5.4520,2942184
2007-12-03 15:28:00,5.4640,5.4750,5.4500,5.4600,2328648
2007-12-03 15:27:00,5.4630,5.4700,5.4480,5.4620,2597168
2007-12-03 15:26:00,5.4640,5.4750,5.4510,5.4630,2115036
2007-12-03 15:25:00,5.4680,5.4730,5.4520,5.4610,1726060
2007-12-03 15:24:00,5.4650,5.4790,5.4520,5.4660,3489976
2007-12-03 15:23:00,5.4570,5.4750,5.4400,5.4620,5354384
2007-12-03 15:22:00,5.4420,5.4610,5.4320,5.4520,3583356
2007-12-03 15:21:00,5.4390,5.4480,5.4230,5.4410,2649080
2007-12-03 15:20:00,5.4510,5.4590,5.4280,5.4370,2757944
2007-12-03 15:19:00,5.4450,5.4560,5.4320,5.4490,1583988
2007-12-03 15:18:00,5.4500,5.4560,5.4340,5.4430,1282680
2007-12-03 15:17:00,5.4540,5.4610,5.4380,5.4500,2051952
2007-12-03 15:16:00,5.4510,5.4630,5.4290,5.4520,3955028
2007-12-03 15:15:00,5.4400,5.4570,5.4280,5.4490,3727780
2007-12-03 15:14:00,5.4490,5.4540,5.4280,5.4390,5199628
2007-12-03 15:13:00,5.4480,5.4560,5.4320,5.4420,2922864
2007-12-03 15:12:00,5.4520,5.4620,5.4360,5.4450,3078348
2007-12-03 15:11:00,5.4490,5.4630,5.4330,5.4500,2910768
2007-12-03 15:10:00,5.4450,5.4660,5.4330,5.4460,4282124
2007-12-03 15:09:00,5.4610,5.4670,5.4330,5.4420,3810520
2007-12-03 15:08:00,5.4660,5.4730,5.4470,5.4590,3611076
2007-12-03 15:07:00,5.4780,5.4850,5.4520,5.4650,3202864
2007-12-03 15:06:00,5.4840,5.4910,5.4670,5.4760,1324260
2007-12-03 15:05:00,5.4770,5.4910,5.4660,5.4820,1975988
2007-12-03 15:04:00,5.4760,5.4860,5.4650,5.4750,851956
2007-12-03 15:03:00,5.4760,5.4860,5.4650,5.4740,886564
2007-12-03 15:02:00,5.4780,5.4830,5.4650,5.4750,375060
2007-12-03 15:01:00,5.4770,5.4840,5.4650,5.4760,664132
2007-12-03 15:00:00,5.4830,5.4890,5.4660,5.4750,900564
2007-12-03 14:59:00,5.4790,5.4900,5.4670,5.4820,1282008
2007-12-03 14:58:00,5.4820,5.4900,5.4690,5.4770,1413888
2007-12-03 14:57:00,5.4780,5.4870,5.4670,5.4790,457016
2007-12-03 14:56:00,5.4800,5.4870,5.4650,5.4760,1084188
2007-12-03 14:55:00,5.4830,5.4910,5.4690,5.4780,1775340
2007-12-03 14:54:00,5.4800,5.4900,5.4640,5.4800,1493576
2007-12-03 14:53:00,5.4770,5.4880,5.4660,5.4790,1663032
2007-12-03 14:52:00,5.4770,5.4840,5.4640,5.4750,1034068
2007-12-03 14:51:00,5.4670,5.4870,5.4560,5.4750,3317384
2007-12-03 14:50:00,5.4660,5.4750,5.4530,5.4650,744688
2007-12-03 14:49:00,5.4640,5.4720,5.4510,5.4630,1130472
2007-12-03 14:48:00,5.4620,5.4740,5.4510,5.4620,1018920
2007-12-03 14:47:00,5.4620,5.4700,5.4500,5.4600,1211840
2007-12-03 14:46:00,5.4700,5.4760,5.4510,5.4600,1041740
2007-12-03 14:45:00,5.4650,5.4760,5.4540,5.4680,643412
2007-12-03 14:44:00,5.4700,5.4760,5.4510,5.4630,1841840
2007-12-03 14:43:00,5.4710,5.4780,5.4550,5.4680,1135400
2007-12-03 14:42:00,5.4690,5.4770,5.4560,5.4680,1369312
2007-12-03 14:41:00,5.4720,5.4790,5.4560,5.4660,2068976
2007-12-03 14:40:00,5.4650,5.4780,5.4530,5.4700,1344672
2007-12-03 14:39:00,5.4610,5.4710,5.4480,5.4630,1180284
2007-12-03 14:38:00,5.4590,5.4700,5.4490,5.4600,1124508
2007-12-03 14:37:00,5.4590,5.4700,5.4460,5.4580,1877232
2007-12-03 14:36:00,5.4530,5.4650,5.4420,5.4560,2180276
2007-12-03 14:35:00,5.4480,5.4620,5.4380,5.4510,1950648
2007-12-03 14:34:00,5.4600,5.4660,5.4360,5.4470,3468136
2007-12-03 14:33:00,5.4560,5.4660,5.4440,5.4580,2194304
2007-12-03 14:32:00,5.4590,5.4690,5.4440,5.4540,2732604
2007-12-03 14:31:00,5.4610,5.4690,5.4440,5.4560,2174956
2007-12-03 14:30:00,5.4740,5.4800,5.4490,5.4600,3476452
2007-12-03 14:29:00,5.4780,5.4830,5.4630,5.4730,1351700
2007-12-03 14:28:00,5.4850,5.4910,5.4650,5.4750,1058484
2007-12-03 14:27:00,5.4820,5.4930,5.4700,5.4830,418768
2007-12-03 14:26:00,5.4850,5.4930,5.4700,5.4790,932988
2007-12-03 14:25:00,5.4870,5.4940,5.4740,5.4830,803768
2007-12-03 14:24:00,5.4930,5.5000,5.4760,5.4850,1144780
2007-12-03 14:23:00,5.4930,5.5000,5.4810,5.4910,766780
2007-12-03 14:22:00,5.4900,5.5010,5.4770,5.4900,1626128
2007-12-03 14:21:00,5.4880,5.4980,5.4770,5.4880,951160
2007-12-03 14:20:00,5.4890,5.5000,5.4770,5.4860,1376620
2007-12-03 14:19:00,5.4850,5.4970,5.4730,5.4870,1921584
2007-12-03 14:18:00,5.4770,5.4920,5.4640,5.4820,1279236
2007-12-03 14:17:00,5.4760,5.4840,5.4640,5.4750,551880
2007-12-03 14:16:00,5.4820,5.4870,5.4640,5.4740,1345428
2007-12-03 14:15:00,5.4810,5.4880,5.4670,5.4800,591500
2007-12-03 14:14:00,5.4810,5.4890,5.4690,5.4790,671272
2007-12-03 14:13:00,5.4760,5.4870,5.4650,5.4790,1252580
2007-12-03 14:12:00,5.4840,5.4910,5.4660,5.4750,2566088
2007-12-03 14:11:00,5.4910,5.4970,5.4700,5.4830,2174284
2007-12-03 14:10:00,5.4900,5.5000,5.4780,5.4890,1292144
2007-12-03 14:09:00,5.4870,5.4970,5.4750,5.4870,842128
2007-12-03 14:08:00,5.4890,5.4970,5.4750,5.4850,1415204
2007-12-03 14:07:00,5.4890,5.5000,5.4750,5.4870,2063068
2007-12-03 14:06:00,5.4830,5.4950,5.4700,5.4870,2394784
2007-12-03 14:05:00,5.4790,5.4900,5.4670,5.4810,1098132
2007-12-03 14:04:00,5.4840,5.4900,5.4690,5.4790,1068620
2007-12-03 14:03:00,5.4850,5.4910,5.4690,5.4830,1307180
2007-12-03 14:02:00,5.4820,5.4900,5.4680,5.4830,1579340
2007-12-03 14:01:00,5.4790,5.4880,5.4670,5.4800,1129184
2007-12-03 14:00:00,5.4750,5.4870,5.4630,5.4760,1519476
2007-12-03 13:59:00,5.4700,5.4870,5.4590,5.4730,1508444
2007-12-03 13:58:00,5.4750,5.4810,5.4570,5.4680,1302812
2007-12-03 13:57:00,5.4730,5.4870,5.4580,5.4730,1592752
2007-12-03 13:56:00,5.4660,5.4830,5.4550,5.4720,1982008
2007-12-03 13:55:00,5.4560,5.4730,5.4430,5.4640,2357852
2007-12-03 13:54:00,5.4660,5.4720,5.4440,5.4540,2184756
2007-12-03 13:53:00,5.4600,5.4750,5.4490,5.4640,1712592
2007-12-03 13:52:00,5.4660,5.4730,5.4500,5.4580,1915760
2007-12-03 13:51:00,5.4730,5.4790,5.4550,5.4650,1158696
2007-12-03 13:50:00,5.4710,5.4800,5.4580,5.4710,1020124
2007-12-03 13:49:00,5.4780,5.4850,5.4590,5.4690,1578584
2007-12-03 13:48:00,5.4680,5.4900,5.4570,5.4750,3355156
2007-12-03 13:47:00,5.4600,5.4750,5.4490,5.4660,1374380
2007-12-03 13:46:00,5.4630,5.4700,5.4480,5.4580,1064252
2007-12-03 13:45:00,5.4650,5.4730,5.4520,5.4620,916440
2007-12-03 13:44:00,5.4570,5.4740,5.4450,5.4640,1849036
2007-12-03 13:43:00,5.4620,5.4680,5.4440,5.4550,2193940
2007-12-03 13:42:00,5.4650,5.4730,5.4480,5.4600,1267868
2007-12-03 13:41:00,5.4590,5.4720,5.4450,5.4630,3995684
2007-12-03 13:40:00,5.4690,5.4750,5.4490,5.4580,1422904
2007-12-03 13:39:00,5.4640,5.4750,5.4510,5.4670,1188320
2007-12-03 13:38:00,5.4600,5.4720,5.4490,5.4620,1942976
2007-12-03 13:37:00,5.4650,5.4710,5.4470,5.4580,4148144
2007-12-03 13:36:00,5.4740,5.4820,5.4550,5.4630,2044560
2007-12-03 13:35:00,5.4730,5.4800,5.4600,5.4710,1298528
2007-12-03 13:34:00,5.4720,5.4810,5.4590,5.4710,1302308
2007-12-03 13:33:00,5.4660,5.4780,5.4540,5.4700,1711416
2007-12-03 13:32:00,5.4690,5.4810,5.4520,5.4640,2011744
2007-12-03 13:31:00,5.4700,5.4780,5.4530,5.4690,2199260
2007-12-03 13:30:00,5.4780,5.4850,5.4560,5.4680,2165436
2007-12-03 13:29:00,5.4780,5.4870,5.4630,5.4760,1351784
2007-12-03 13:28:00,5.4860,5.4930,5.4630,5.4760,1709260
2007-12-03 13:27:00,5.4820,5.4950,5.4700,5.4840,1262800
2007-12-03 13:26:00,5.4810,5.4920,5.4700,5.4800,1147972
2007-12-03 13:25:00,5.4770,5.4900,5.4640,5.4790,1833776
2007-12-03 13:24:00,5.4820,5.4890,5.4660,5.4750,1439144
2007-12-03 13:23:00,5.4880,5.4940,5.4710,5.4800,1358084
2007-12-03 13:22:00,5.4840,5.4940,5.4730,5.4860,977872
2007-12-03 13:21:00,5.4810,5.4930,5.4700,5.4820,2628808
2007-12-03 13:20:00,5.4740,5.4880,5.4630,5.4800,1846628
2007-12-03 13:19:00,5.4810,5.4860,5.4630,5.4730,1713768
2007-12-03 13:18:00,5.4770,5.4880,5.4660,5.4790,2001048
2007-12-03 13:17:00,5.4720,5.4850,5.4580,5.4750,2198784
2007-12-03 13:16:00,5.4850,5.4910,5.4580,5.4690,4430524
2007-12-03 13:15:00,5.4840,5.4920,5.4730,5.4830,1184176
2007-12-03 13:14:00,5.4890,5.4950,5.4720,5.4820,1736280
2007-12-03 13:13:00,5.5000,5.5060,5.4780,5.4870,1404676
2007-12-03 13:12:00,5.4970,5.5060,5.4860,5.4970,663460
2007-12-03 13:11:00,5.5020,5.5080,5.4850,5.4950,1022560
2007-12-03 13:10:00,5.4930,5.5090,5.4820,5.5000,1977836
2007-12-03 13:09:00,5.4920,5.4990,5.4760,5.4900,1270920
2007-12-03 13:08:00,5.4910,5.5020,5.4800,5.4900,1585780
2007-12-03 13:07:00,5.4820,5.4970,5.4720,5.4880,1539552
2007-12-03 13:06:00,5.4850,5.4960,5.4710,5.4800,2983120
2007-12-03 13:05:00,5.4930,5.4990,5.4750,5.4830,1474872
2007-12-03 13:04:00,5.4970,5.5040,5.4750,5.4910,3347176
2007-12-03 13:03:00,5.4960,5.5050,5.4830,5.4950,1061284
2007-12-03 13:02:00,5.4940,5.5030,5.4750,5.4940,3948812
2007-12-03 13:01:00,5.4970,5.5060,5.4840,5.4930,2690688
2007-12-03 13:00:00,5.4980,5.5040,5.4840,5.4940,2244004
2007-12-03 12:59:00,5.5020,5.5080,5.4870,5.4960,2076592
2007-12-03 12:58:00,5.5100,5.5150,5.4920,5.5000,3997000
2007-12-03 12:57:00,5.5110,5.5190,5.4990,5.5080,1090236
2007-12-03 12:56:00,5.5110,5.5200,5.4990,5.5100,1766184
2007-12-03 12:55:00,5.5160,5.5210,5.5000,5.5090,1524320
2007-12-03 12:54:00,5.5240,5.5300,5.5050,5.5130,2145640
2007-12-03 12:53:00,5.5290,5.5370,5.5140,5.5230,855512
2007-12-03 12:52:00,5.5290,5.5390,5.5160,5.5270,1214780
2007-12-03 12:51:00,5.5230,5.5360,5.5120,5.5260,1231944
2007-12-03 12:50:00,5.5240,5.5300,5.5080,5.5210,888244
2007-12-03 12:49:00,5.5210,5.5300,5.5100,5.5210,837144
2007-12-03 12:48:00,5.5280,5.5340,5.5100,5.5190,1610504
2007-12-03 12:47:00,5.5310,5.5370,5.5170,5.5260,566720
2007-12-03 12:46:00,5.5320,5.5410,5.5200,5.5300,427084
2007-12-03 12:45:00,5.5300,5.5420,5.5180,5.5300,1402296
2007-12-03 12:44:00,5.5280,5.5410,5.5170,5.5280,1480500
2007-12-03 12:43:00,5.5320,5.5370,5.5170,5.5260,695576
2007-12-03 12:42:00,5.5310,5.5380,5.5200,5.5300,601832
2007-12-03 12:41:00,5.5320,5.5390,5.5200,5.5300,501004
2007-12-03 12:40:00,5.5320,5.5400,5.5180,5.5290,727272
2007-12-03 12:39:00,5.5340,5.5400,5.5190,5.5310,1007048
2007-12-03 12:38:00,5.5380,5.5440,5.5220,5.5310,1109332
2007-12-03 12:37:00,5.5390,5.5490,5.5270,5.5360,948220
2007-12-03 12:36:00,5.5370,5.5480,5.5260,5.5360,978600
2007-12-03 12:35:00,5.5320,5.5420,5.5210,5.5350,729904
2007-12-03 12:34:00,5.5300,5.5400,5.5190,5.5300,658756
2007-12-03 12:33:00,5.5310,5.5390,5.5190,5.5290,1256444
2007-12-03 12:32:00,5.5350,5.5420,5.5200,5.5290,1360940
2007-12-03 12:31:00,5.5270,5.5420,5.5160,5.5330,1757364
2007-12-03 12:30:00,5.5250,5.5370,5.5140,5.5250,2101260
2007-12-03 12:29:00,5.5190,5.5310,5.5080,5.5230,1546552
2007-12-03 12:28:00,5.5180,5.5290,5.5060,5.5170,1780212
2007-12-03 12:27:00,5.5130,5.5240,5.5010,5.5160,2064636
2007-12-03 12:26:00,5.5100,5.5200,5.4980,5.5110,2204552
2007-12-03 12:25:00,5.5130,5.5200,5.4970,5.5080,1637552
2007-12-03 12:24:00,5.5070,5.5210,5.4950,5.5120,1330224
2007-12-03 12:23:00,5.5130,5.5210,5.4950,5.5050,3528532
2007-12-03 12:22:00,5.5270,5.5330,5.5020,5.5100,2993032
2007-12-03 12:21:00,5.5370,5.5430,5.5150,5.5250,2084152
2007-12-03 12:20:00,5.5390,5.5450,5.5250,5.5350,850388
2007-12-03 12:19:00,5.5370,5.5450,5.5250,5.5370,436016
2007-12-03 12:18:00,5.5350,5.5450,5.5230,5.5350,770112
2007-12-03 12:17:00,5.5350,5.5410,5.5190,5.5330,1190196
2007-12-03 12:16:00,5.5380,5.5450,5.5180,5.5340,2024764
2007-12-03 12:15:00,5.5430,5.5490,5.5260,5.5370,1309476
2007-12-03 12:14:00,5.5380,5.5530,5.5270,5.5400,2087288
2007-12-03 12:13:00,5.5360,5.5510,5.5250,5.5360,2052736
2007-12-03 12:12:00,5.5350,5.5420,5.5230,5.5340,786996
2007-12-03 12:11:00,5.5360,5.5420,5.5210,5.5320,1781444
2007-12-03 12:10:00,5.5370,5.5440,5.5240,5.5340,1311184
2007-12-03 12:09:00,5.5340,5.5430,5.5230,5.5340,880152
2007-12-03 12:08:00,5.5360,5.5430,5.5230,5.5320,1004780
2007-12-03 12:07:00,5.5370,5.5440,5.5230,5.5340,1001812
2007-12-03 12:06:00,5.5340,5.5450,5.5230,5.5350,1298836
2007-12-03 12:05:00,5.5310,5.5420,5.5180,5.5320,2057356
2007-12-03 12:04:00,5.5270,5.5380,5.5120,5.5290,2477860
2007-12-03 12:03:00,5.5260,5.5350,5.5130,5.5250,2061668
2007-12-03 12:02:00,5.5380,5.5450,5.5120,5.5230,2505860
2007-12-03 12:01:00,5.5420,5.5470,5.5240,5.5360,1883728
2007-12-03 12:00:00,5.5440,5.5500,5.5260,5.5390,1556604
2007-12-03 11:59:00,5.5460,5.5520,5.5320,5.5430,759808
2007-12-03 11:58:00,5.5440,5.5530,5.5330,5.5440,1222004
2007-12-03 11:57:00,5.5380,5.5540,5.5260,5.5430,2833208
2007-12-03 11:56:00,5.5410,5.5460,5.5220,5.5350,2641044
2007-12-03 11:55:00,5.5480,5.5540,5.5270,5.5380,2599548
2007-12-03 11:54:00,5.5540,5.5600,5.5350,5.5460,1646932
2007-12-03 11:53:00,5.5540,5.5620,5.5420,5.5520,1182020
2007-12-03 11:52:00,5.5530,5.5630,5.5360,5.5520,3525228
2007-12-03 11:51:00,5.5580,5.5640,5.5380,5.5520,3900904
2007-12-03 11:50:00,5.5680,5.5740,5.5440,5.5570,3927560
2007-12-03 11:49:00,5.5710,5.5800,5.5560,5.5660,2066372
2007-12-03 11:48:00,5.5720,5.5780,5.5540,5.5670,1757924
2007-12-03 11:47:00,5.5730,5.5800,5.5590,5.5700,1393084
2007-12-03 11:46:00,5.5710,5.5810,5.5590,5.5720,1547308
2007-12-03 11:45:00,5.5690,5.5780,5.5580,5.5690,904960
2007-12-03 11:44:00,5.5690,5.5780,5.5570,5.5670,1524236
2007-12-03 11:43:00,5.5710,5.5770,5.5570,5.5680,1580628
2007-12-03 11:42:00,5.5730,5.5800,5.5590,5.5690,1601628
2007-12-03 11:41:00,5.5730,5.5800,5.5610,5.5710,1022560
2007-12-03 11:40:00,5.5750,5.5850,5.5610,5.5710,2282112
2007-12-03 11:39:00,5.5810,5.5880,5.5630,5.5720,3543960
2007-12-03 11:38:00,5.5750,5.5890,5.5630,5.5800,4971092
2007-12-03 11:37:00,5.5720,5.5840,5.5610,5.5730,2683800
2007-12-03 11:36:00,5.5680,5.5800,5.5510,5.5710,3318476
2007-12-03 11:35:00,5.5590,5.5740,5.5480,5.5660,1750084
2007-12-03 11:34:00,5.5600,5.5660,5.5450,5.5570,1363516
2007-12-03 11:33:00,5.5630,5.5720,5.5490,5.5580,2309188
2007-12-03 11:32:00,5.5610,5.5800,5.5480,5.5610,1882384
2007-12-03 11:31:00,5.5570,5.5710,5.5460,5.5590,3096660
2007-12-03 11:30:00,5.5530,5.5640,5.5400,5.5550,2368464
2007-12-03 11:29:00,5.5470,5.5600,5.5340,5.5510,1684956
2007-12-03 11:28:00,5.5480,5.5550,5.5330,5.5460,1582280
2007-12-03 11:27:00,5.5470,5.5590,5.5350,5.5460,3102372
2007-12-03 11:26:00,5.5430,5.5540,5.5300,5.5450,1139488
2007-12-03 11:25:00,5.5470,5.5530,5.5310,5.5410,1322496
2007-12-03 11:24:00,5.5380,5.5530,5.5260,5.5450,2474304
2007-12-03 11:23:00,5.5330,5.5470,5.5210,5.5360,1439872
2007-12-03 11:22:00,5.5340,5.5420,5.5210,5.5310,1058400
2007-12-03 11:21:00,5.5330,5.5420,5.5190,5.5320,1102752
2007-12-03 11:20:00,5.5360,5.5440,5.5200,5.5300,1240736
2007-12-03 11:19:00,5.5390,5.5450,5.5210,5.5340,1303932
2007-12-03 11:18:00,5.5280,5.5470,5.5180,5.5370,2514960
2007-12-03 11:17:00,5.5240,5.5370,5.5080,5.5260,2429000
2007-12-03 11:16:00,5.5250,5.5320,5.5090,5.5220,2278612
2007-12-03 11:15:00,5.5270,5.5330,5.5120,5.5230,2019976
2007-12-03 11:14:00,5.5250,5.5340,5.5120,5.5250,1515164
2007-12-03 11:13:00,5.5300,5.5380,5.5150,5.5240,1492176
2007-12-03 11:12:00,5.5280,5.5410,5.5160,5.5260,2508800
2007-12-03 11:11:00,5.5430,5.5490,5.5160,5.5270,2932636
2007-12-03 11:10:00,5.5470,5.5550,5.5290,5.5400,1569092
2007-12-03 11:09:00,5.5450,5.5530,5.5310,5.5450,1128848
2007-12-03 11:08:00,5.5400,5.5530,5.5290,5.5430,1295952
2007-12-03 11:07:00,5.5440,5.5520,5.5240,5.5390,2956100
2007-12-03 11:06:00,5.5570,5.5630,5.5290,5.5430,3616256
2007-12-03 11:05:00,5.5490,5.5670,5.5380,5.5550,3471468
2007-12-03 11:04:00,5.5470,5.5540,5.5340,5.5460,1288000
2007-12-03 11:03:00,5.5430,5.5580,5.5320,5.5450,1413524
2007-12-03 11:02:00,5.5530,5.5590,5.5310,5.5410,2467920
2007-12-03 11:01:00,5.5490,5.5600,5.5370,5.5500,1810676
2007-12-03 11:00:00,5.5420,5.5610,5.5310,5.5470,4623836
2007-12-03 10:59:00,5.5450,5.5520,5.5280,5.5400,2279872
2007-12-03 10:58:00,5.5460,5.5530,5.5290,5.5430,2991576
2007-12-03 10:57:00,5.5430,5.5540,5.5290,5.5430,4501560
2007-12-03 10:56:00,5.5180,5.5510,5.5070,5.5400,4877096
2007-12-03 10:55:00,5.5170,5.5280,5.5050,5.5160,2140236
2007-12-03 10:54:00,5.5290,5.5350,5.5070,5.5150,2438016
2007-12-03 10:53:00,5.5240,5.5360,5.5090,5.5260,2600052
2007-12-03 10:52:00,5.5190,5.5310,5.5080,5.5220,2402512
2007-12-03 10:51:00,5.5150,5.5250,5.5030,5.5170,2064748
2007-12-03 10:50:00,5.5160,5.5260,5.4990,5.5120,2667784
2007-12-03 10:49:00,5.5200,5.5270,5.5030,5.5140,2040920
2007-12-03 10:48:00,5.5240,5.5300,5.5040,5.5190,3839948
2007-12-03 10:47:00,5.5290,5.5380,5.5090,5.5210,2792804
2007-12-03 10:46:00,5.5200,5.5450,5.5070,5.5270,5811316
2007-12-03 10:45:00,5.5110,5.5300,5.4950,5.5170,3603460
2007-12-03 10:44:00,5.5100,5.5180,5.4950,5.5090,2823184
2007-12-03 10:43:00,5.5140,5.5200,5.4980,5.5080,1776964
2007-12-03 10:42:00,5.5170,5.5230,5.4990,5.5130,2872884
2007-12-03 10:41:00,5.5060,5.5240,5.4950,5.5150,4811016
2007-12-03 10:40:00,5.5050,5.5120,5.4890,5.5030,2405928
2007-12-03 10:39:00,5.5000,5.5160,5.4880,5.5030,4231332
2007-12-03 10:38:00,5.4860,5.5060,5.4760,5.4980,2600836
2007-12-03 10:37:00,5.4910,5.4970,5.4730,5.4850,2430428
2007-12-03 10:36:00,5.4930,5.5090,5.4810,5.4890,5018720
2007-12-03 10:35:00,5.4860,5.4990,5.4720,5.4910,4057760
2007-12-03 10:34:00,5.4810,5.4920,5.4690,5.4850,2225300
2007-12-03 10:33:00,5.4790,5.4890,5.4660,5.4790,1536388
2007-12-03 10:32:00,5.4810,5.4890,5.4650,5.4770,2110864
2007-12-03 10:31:00,5.4740,5.4860,5.4580,5.4790,2631524
2007-12-03 10:30:00,5.4760,5.4860,5.4580,5.4720,3146276
2007-12-03 10:29:00,5.4750,5.4850,5.4590,5.4740,2702672
2007-12-03 10:28:00,5.4780,5.4860,5.4620,5.4730,1926148
2007-12-03 10:27:00,5.4720,5.4830,5.4590,5.4750,2819600
2007-12-03 10:26:00,5.4830,5.4890,5.4610,5.4700,2264752
2007-12-03 10:25:00,5.4850,5.4920,5.4680,5.4810,3041976
2007-12-03 10:24:00,5.4790,5.4920,5.4660,5.4830,3897068
2007-12-03 10:23:00,5.4720,5.4850,5.4600,5.4770,3005156
2007-12-03 10:22:00,5.4730,5.4830,5.4570,5.4710,3357788
2007-12-03 10:21:00,5.4630,5.4790,5.4510,5.4710,3579156
2007-12-03 10:20:00,5.4580,5.4690,5.4460,5.4600,3901240
2007-12-03 10:19:00,5.4600,5.4670,5.4450,5.4570,2960860
2007-12-03 10:18:00,5.4560,5.4670,5.4380,5.4590,2781688
2007-12-03 10:17:00,5.4580,5.4670,5.4430,5.4530,1866676
2007-12-03 10:16:00,5.4550,5.4660,5.4420,5.4550,2542428
2007-12-03 10:15:00,5.4530,5.4620,5.4380,5.4520,1953840
2007-12-03 10:14:00,5.4570,5.4660,5.4400,5.4510,2105432
2007-12-03 10:13:00,5.4580,5.4640,5.4430,5.4550,1534596
2007-12-03 10:12:00,5.4580,5.4680,5.4430,5.4560,2589776
2007-12-03 10:11:00,5.4500,5.4670,5.4390,5.4560,5429060
2007-12-03 10:10:00,5.4370,5.4570,5.4250,5.4490,2424604
2007-12-03 10:09:00,5.4520,5.4610,5.4260,5.4350,2826992
2007-12-03 10:08:00,5.4450,5.4640,5.4340,5.4500,3797612
2007-12-03 10:07:00,5.4330,5.4520,5.4220,5.4430,3555860
2007-12-03 10:06:00,5.4330,5.4420,5.4190,5.4310,4704644
2007-12-03 10:05:00,5.4380,5.4510,5.4210,5.4310,2875544
2007-12-03 10:04:00,5.4410,5.4560,5.4250,5.4370,4289264
2007-12-03 10:03:00,5.4450,5.4550,5.4230,5.4370,5680920
2007-12-03 10:02:00,5.4350,5.4530,5.4230,5.4430,4361700
2007-12-03 10:01:00,5.4240,5.4450,5.4120,5.4330,4107292
2007-12-03 10:00:00,5.4330,5.4480,5.4100,5.4220,4879756
2007-12-03 09:59:00,5.4380,5.4470,5.4130,5.4300,5362784
2007-12-03 09:58:00,5.4380,5.4470,5.4210,5.4360,3403876
2007-12-03 09:57:00,5.4490,5.4590,5.4270,5.4360,2181480
2007-12-03 09:56:00,5.4450,5.4550,5.4300,5.4470,2436980
2007-12-03 09:55:00,5.4550,5.4620,5.4320,5.4420,2784880
2007-12-03 09:54:00,5.4530,5.4640,5.4420,5.4530,2170000
2007-12-03 09:53:00,5.4490,5.4620,5.4340,5.4510,3008180
2007-12-03 09:52:00,5.4630,5.4690,5.4370,5.4480,3575292
2007-12-03 09:51:00,5.4650,5.4710,5.4480,5.4620,2452856
2007-12-03 09:50:00,5.4600,5.4730,5.4470,5.4620,3918516
2007-12-03 09:49:00,5.4580,5.4660,5.4420,5.4580,2489592
2007-12-03 09:48:00,5.4590,5.4680,5.4400,5.4560,3830456
2007-12-03 09:47:00,5.4580,5.4690,5.4460,5.4590,2966348
2007-12-03 09:46:00,5.4580,5.4650,5.4370,5.4560,4344032
2007-12-03 09:45:00,5.4440,5.4650,5.4330,5.4560,4272576
2007-12-03 09:44:00,5.4420,5.4540,5.4250,5.4420,3747996
2007-12-03 09:43:00,5.4410,5.4530,5.4230,5.4390,5146764
2007-12-03 09:42:00,5.4410,5.4460,5.4170,5.4380,6317920
2007-12-03 09:41:00,5.4530,5.4630,5.4280,5.4400,6020560
2007-12-03 09:40:00,5.4570,5.4800,5.4410,5.4500,5847520
2007-12-03 09:39:00,5.4620,5.4690,5.4430,5.4540,3462032
2007-12-03 09:38:00,5.4540,5.4730,5.4350,5.4600,5504856
2007-12-03 09:37:00,5.4680,5.4740,5.4380,5.4520,6216560
2007-12-03 09:36:00,5.4710,5.4780,5.4510,5.4660,3071152
2007-12-03 09:35:00,5.4780,5.4940,5.4600,5.4700,4749388
2007-12-03 09:34:00,5.4730,5.4840,5.4470,5.4750,5288724
2007-12-03 09:33:00,5.4740,5.4880,5.4560,5.4710,3958584
2007-12-03 09:32:00,5.4660,5.4810,5.4500,5.4720,4007276
2007-12-03 09:31:00,5.4730,5.4810,5.4440,5.4640,5336324
2007-12-03 09:30:00,5.5140,5.5210,5.4550,5.4710,12371380
2007-12-03 09:29:00,5.5130,5.5210,5.4960,5.5100,742280
2007-12-03 09:28:00,5.4910,5.5240,5.4810,5.5060,996212
2007-12-03 09:27:00,5.4900,5.4970,5.4790,5.4890,25200
2007-12-03 09:26:00,5.4850,5.4940,5.4750,5.4860,105056
2007-12-03 09:25:00,5.4840,5.4920,5.4730,5.4850,16800
2007-12-03 09:24:00,5.4890,5.4950,5.4730,5.4820,54600
2007-12-03 09:23:00,5.4880,5.4940,5.4770,5.4860,5600
2007-12-03 09:21:00,5.4910,5.4970,5.4780,5.4860,30800
2007-12-03 09:20:00,5.4900,5.4970,5.4790,5.4890,30660
2007-12-03 09:19:00,5.4880,5.4940,5.4770,5.4860,36400
2007-12-03 09:18:00,5.4900,5.4960,5.4780,5.4860,58408
2007-12-03 09:17:00,5.4930,5.5000,5.4820,5.4920,5600
2007-12-03 09:16:00,5.4930,5.4990,5.4800,5.4890,51492
2007-12-03 09:15:00,5.4940,5.5000,5.4840,5.4920,25200
2007-12-03 09:14:00,5.4980,5.5050,5.4840,5.4960,38864
2007-12-03 09:13:00,5.4880,5.5030,5.4780,5.4950,53340
2007-12-03 09:12:00,5.4860,5.5120,5.4750,5.4860,336588
2007-12-03 09:11:00,5.5000,5.5060,5.4720,5.4840,279944
2007-12-03 09:10:00,5.5020,5.5090,5.4900,5.4980,70252
2007-12-03 09:09:00,5.5030,5.5080,5.4920,5.5010,2800
2007-12-03 09:08:00,5.5010,5.5170,5.4900,5.5030,44772
2007-12-03 09:07:00,5.5070,5.5130,5.4880,5.4990,27440
2007-12-03 09:06:00,5.5080,5.5140,5.4970,5.5060,14000
2007-12-03 09:05:00,5.5090,5.5180,5.4990,5.5090,165956
2007-12-03 09:04:00,5.5090,5.5150,5.4980,5.5070,42000
2007-12-03 09:03:00,5.5080,5.5150,5.4980,5.5070,67760
2007-12-03 09:02:00,5.5090,5.5150,5.4970,5.5070,317436
2007-12-03 09:01:00,5.5070,5.5150,5.4950,5.5070,22400
2007-12-03 09:00:00,5.5000,5.5150,5.4900,5.5060,217112
2007-12-03 08:59:00,5.5040,5.5130,5.4870,5.4960,180460
2007-12-03 08:58:00,5.5110,5.5170,5.4970,5.5060,128800
2007-12-03 08:57:00,5.5120,5.5170,5.4980,5.5060,17780
2007-12-03 08:55:00,5.5160,5.5210,5.5030,5.5120,97356
2007-12-03 08:54:00,5.5150,5.5210,5.5030,5.5130,14000
2007-12-03 08:53:00,5.5200,5.5260,5.5050,5.5130,56868
2007-12-03 08:52:00,5.5240,5.5300,5.5140,5.5220,2800
2007-12-03 08:51:00,5.5200,5.5310,5.5100,5.5190,44800
2007-12-03 08:49:00,5.5190,5.5330,5.5080,5.5230,25200
2007-12-03 08:48:00,5.5160,5.5240,5.5050,5.5140,76160
2007-12-03 08:47:00,5.5210,5.5270,5.5020,5.5110,49448
2007-12-03 08:46:00,5.5250,5.5300,5.5110,5.5190,89712
2007-12-03 08:45:00,5.5300,5.5390,5.5170,5.5260,32144
2007-12-03 08:44:00,5.5300,5.5390,5.5180,5.5280,73220
2007-12-03 08:43:00,5.5270,5.5330,5.5150,5.5240,76580
2007-12-03 08:42:00,5.5290,5.5350,5.5180,5.5270,2800
2007-12-03 08:41:00,5.5160,5.5300,5.5050,5.5220,120400
2007-12-03 08:40:00,5.5190,5.5270,5.5080,5.5160,42000
2007-12-03 08:39:00,5.5190,5.5250,5.5080,5.5160,21560
2007-12-03 08:38:00,5.5250,5.5320,5.5080,5.5160,67480
2007-12-03 08:37:00,5.5140,5.5240,5.5030,5.5160,105000
2007-12-03 08:36:00,5.5150,5.5200,5.4990,5.5120,60368
2007-12-03 08:35:00,5.5190,5.5250,5.5030,5.5130,140448
2007-12-03 08:34:00,5.5210,5.5270,5.5080,5.5180,175420
2007-12-03 08:32:00,5.5200,5.5270,5.5090,5.5200,8400
2007-12-03 08:31:00,5.5250,5.5300,5.5090,5.5180,60676
2007-12-03 08:30:00,5.5260,5.5320,5.5150,5.5240,2800
2007-12-03 08:29:00,5.5290,5.5340,5.5080,5.5250,170828
2007-12-03 08:28:00,5.5280,5.5380,5.5180,5.5310,11536
2007-12-03 08:26:00,5.5260,5.5320,5.5160,5.5240,5600
2007-12-03 08:25:00,5.5280,5.5330,5.5170,5.5260,15120
2007-12-03 08:24:00,5.5280,5.5330,5.5170,5.5260,8400
2007-12-03 08:23:00,5.5340,5.5390,5.5160,5.5250,16772
2007-12-03 08:22:00,5.5340,5.5390,5.5200,5.5320,17500
2007-12-03 08:21:00,5.5310,5.5360,5.5150,5.5240,26992
2007-12-03 08:20:00,5.5340,5.5390,5.5200,5.5290,58800
2007-12-03 08:19:00,5.5310,5.5420,5.5200,5.5330,61880
2007-12-03 08:18:00,5.5290,5.5390,5.5180,5.5290,19600
2007-12-03 08:17:00,5.5340,5.5390,5.5230,5.5320,14280
2007-12-03 08:16:00,5.5280,5.5420,5.5180,5.5320,65660
2007-12-03 08:15:00,5.5420,5.5470,5.5220,5.5320,120400
2007-12-03 08:14:00,5.5460,5.5520,5.5320,5.5410,36400
2007-12-03 08:13:00,5.5460,5.5540,5.5320,5.5440,89600
2007-12-03 08:12:00,5.5460,5.5510,5.5350,5.5440,28000
2007-12-03 08:11:00,5.5520,5.5570,5.5330,5.5420,225708
2007-12-03 08:10:00,5.5530,5.5590,5.5430,5.5510,14000
2007-12-03 08:09:00,5.5490,5.5550,5.5380,5.5470,4200
2007-12-03 08:07:00,5.5510,5.5560,5.5370,5.5470,118300
2007-12-03 08:06:00,5.5580,5.5640,5.5410,5.5500,103600
2007-12-03 08:05:00,5.5560,5.5640,5.5410,5.5530,167328
2007-12-03 08:04:00,5.5490,5.5620,5.5350,5.5540,129920
2007-12-03 08:03:00,5.5430,5.5580,5.5310,5.5470,395276
2007-12-03 08:02:00,5.5420,5.5510,5.5290,5.5420,225036
2007-12-03 08:01:00,5.5340,5.5510,5.5120,5.5380,175364
2007-12-03 08:00:00,5.5160,5.5390,5.5050,5.5320,83972
2007-12-03 07:52:00,5.5250,5.5300,5.5140,5.5230,5600
2007-12-03 07:51:00,5.5140,5.5290,5.5030,5.5210,29400
2007-12-03 07:44:00,5.4960,5.5010,5.4850,5.4940,28000
2007-12-03 07:43:00,5.5110,5.5170,5.5000,5.5090,19600
2007-12-03 07:42:00,5.5120,5.5180,5.5020,5.5100,10500
2007-12-03 07:36:00,5.5110,5.5170,5.5000,5.5090,2800
2007-12-03 07:32:00,5.5190,5.5240,5.5080,5.5170,10220
2007-12-03 07:28:00,5.5220,5.5270,5.5110,5.5200,4060
2007-12-03 07:27:00,5.5320,5.5380,5.5220,5.5300,2800
2007-12-03 07:24:00,5.5270,5.5330,5.5170,5.5250,8400
2007-12-03 07:23:00,5.5250,5.5300,5.5140,5.5230,2800
2007-12-03 07:22:00,5.5320,5.5380,5.5220,5.5300,28000
2007-12-03 07:21:00,5.5310,5.5360,5.5200,5.5290,14000
2007-12-03 07:20:00,5.5250,5.5300,5.5140,5.5230,11480
2007-12-03 07:15:00,5.5250,5.5310,5.5140,5.5240,11200
2007-12-03 07:12:00,5.5250,5.5300,5.5140,5.5230,5600
2007-12-03 07:08:00,5.5240,5.5290,5.5130,5.5220,11200
2007-12-03 06:57:00,5.5190,5.5240,5.5060,5.5140,16800
2007-12-03 06:52:00,5.5120,5.5180,5.5020,5.5100,2800
2007-12-03 06:47:00,5.5080,5.5130,5.4840,5.4930,5600
2007-12-03 06:46:00,5.5080,5.5130,5.4970,5.5060,2800
2007-12-03 06:09:00,5.4930,5.4980,5.4820,5.4910,36400
2007-12-03 04:16:00,5.5120,5.5180,5.5020,5.5100,12544
