timestamp,open,high,low,close,volume
2011-06-30 20:00:00,10.1770,10.1870,10.1570,10.1730,2800
2011-06-30 19:59:00,10.1770,10.1870,10.1570,10.1730,28000
2011-06-30 19:58:00,10.1770,10.1870,10.1570,10.1730,11200
2011-06-30 19:57:00,10.1770,10.1870,10.1570,10.1730,28896
2011-06-30 19:55:00,10.1750,10.1870,10.1540,10.1730,25200
2011-06-30 19:51:00,10.1750,10.1860,10.1560,10.1720,2800
2011-06-30 19:50:00,10.1760,10.1860,10.1560,10.1720,5600
2011-06-30 19:47:00,10.1760,10.1860,10.1560,10.1720,2800
2011-06-30 19:44:00,10.1770,10.1870,10.1570,10.1730,2800
2011-06-30 19:42:00,10.1780,10.1890,10.1580,10.1750,7000
2011-06-30 19:41:00,10.1770,10.1870,10.1570,10.1730,2884
2011-06-30 19:37:00,10.1780,10.1880,10.1580,10.1740,2800
2011-06-30 19:36:00,10.1780,10.1880,10.1580,10.1740,44632
2011-06-30 19:22:00,10.1770,10.1880,10.1570,10.1740,13160
2011-06-30 19:10:00,10.1730,10.1830,10.1530,10.1690,2800
2011-06-30 19:03:00,10.1760,10.1860,10.1560,10.1720,2800
2011-06-30 18:48:00,10.1770,10.1880,10.1540,10.1690,30800
2011-06-30 18:36:00,10.1750,10.1860,10.1560,10.1720,2800
2011-06-30 18:32:00,10.1750,10.1850,10.1550,10.1710,2800
2011-06-30 18:29:00,10.1760,10.1860,10.1560,10.1720,20916
2011-06-30 18:28:00,10.1770,10.1880,10.1580,10.1740,7112
2011-06-30 18:25:00,10.1760,10.1880,10.1560,10.1740,8960
2011-06-30 18:23:00,10.1760,10.1860,10.1560,10.1720,16800
2011-06-30 18:22:00,10.1750,10.1860,10.1560,10.1720,2800
2011-06-30 18:09:00,10.1780,10.1880,10.1580,10.1740,36764
2011-06-30 18:01:00,10.1740,10.1850,10.1550,10.1710,16800
2011-06-30 17:59:00,10.1740,10.1850,10.1550,10.1710,9688
2011-06-30 17:55:00,10.1750,10.1860,10.1560,10.1720,3080
2011-06-30 17:54:00,10.1750,10.1860,10.1540,10.1700,24136
2011-06-30 17:53:00,10.1750,10.1850,10.1550,10.1710,56560
2011-06-30 17:51:00,10.1750,10.1850,10.1550,10.1710,3500
2011-06-30 17:50:00,10.1730,10.1830,10.1530,10.1690,13300
2011-06-30 17:49:00,10.1750,10.1850,10.1550,10.1710,14000
2011-06-30 17:48:00,10.1750,10.1850,10.1550,10.1710,7000
2011-06-30 17:47:00,10.1740,10.1840,10.1540,10.1700,5600
2011-06-30 17:37:00,10.1710,10.1810,10.1510,10.1670,2800
2011-06-30 17:31:00,10.1710,10.1810,10.1510,10.1670,5600
2011-06-30 17:27:00,10.1700,10.1810,10.1510,10.1670,7448
2011-06-30 17:21:00,10.1750,10.1850,10.1550,10.1710,3640
2011-06-30 17:19:00,10.1710,10.1820,10.1510,10.1670,7840
2011-06-30 17:17:00,10.1710,10.1810,10.1510,10.1670,14000
2011-06-30 17:15:00,10.1730,10.1830,10.1530,10.1690,11200
2011-06-30 17:14:00,10.1730,10.1840,10.1540,10.1690,2800
2011-06-30 17:13:00,10.1730,10.1840,10.1530,10.1690,7840
2011-06-30 17:11:00,10.1710,10.1810,10.1510,10.1670,5600
2011-06-30 17:10:00,10.1700,10.1810,10.1510,10.1670,15400
2011-06-30 17:08:00,10.1720,10.1830,10.1530,10.1690,19796
2011-06-30 17:04:00,10.1740,10.1850,10.1550,10.1710,62356
2011-06-30 17:02:00,10.1560,10.1670,10.1370,10.1530,2800
2011-06-30 17:01:00,10.1710,10.1810,10.1510,10.1670,5600
2011-06-30 17:00:00,10.1290,10.1390,10.1090,10.1250,2800
2011-06-30 16:59:00,10.1730,10.1830,10.1530,10.1690,22400
2011-06-30 16:58:00,10.1730,10.1840,10.1530,10.1700,16800
2011-06-30 16:55:00,10.1700,10.1810,10.1510,10.1670,13916
2011-06-30 16:48:00,10.1700,10.1810,10.1510,10.1670,5600
2011-06-30 16:42:00,10.1740,10.1840,10.1530,10.1690,28000
2011-06-30 16:41:00,10.1760,10.1860,10.1530,10.1690,8400
2011-06-30 16:40:00,10.1740,10.1850,10.1550,10.1700,29400
2011-06-30 16:37:00,10.1740,10.1850,10.1550,10.1710,18200
2011-06-30 16:33:00,10.1740,10.1850,10.1550,10.1710,11200
2011-06-30 16:28:00,10.1740,10.1850,10.1550,10.1710,2800
2011-06-30 16:27:00,10.1580,10.1680,10.1380,10.1540,81200
2011-06-30 16:25:00,10.1730,10.1830,10.1530,10.1690,2800
2011-06-30 16:24:00,10.1780,10.1880,10.1580,10.1740,814604
2011-06-30 16:22:00,10.1730,10.1830,10.1530,10.1690,5600
2011-06-30 16:19:00,10.1740,10.1850,10.1550,10.1710,26460
2011-06-30 16:18:00,10.1730,10.1840,10.1530,10.1700,25200
2011-06-30 16:17:00,10.1730,10.1830,10.1510,10.1670,16800
2011-06-30 16:15:00,10.1780,10.1880,10.1580,10.1740,92092
2011-06-30 16:14:00,10.1780,10.1880,10.1580,10.1740,598360
2011-06-30 16:12:00,10.1710,10.1820,10.1520,10.1680,14084
2011-06-30 16:11:00,10.1580,10.1830,10.1380,10.1690,57400
2011-06-30 16:10:00,10.1580,10.1680,10.1380,10.1540,5600
2011-06-30 16:08:00,10.1720,10.1830,10.1510,10.1660,16940
2011-06-30 16:06:00,10.1730,10.1840,10.1530,10.1690,16716
2011-06-30 16:05:00,10.1730,10.1840,10.1520,10.1680,8400
2011-06-30 16:04:00,10.1730,10.1840,10.1530,10.1690,5600
2011-06-30 16:03:00,10.1660,10.1830,10.1460,10.1690,100240
2011-06-30 16:02:00,10.1740,10.1840,10.1370,10.1690,47908
2011-06-30 16:01:00,10.1750,10.1860,10.1540,10.1700,11200
2011-06-30 16:00:00,10.1780,10.1880,10.1530,10.1720,16915808
2011-06-30 15:59:00,10.1760,10.1880,10.1530,10.1720,4657044
2011-06-30 15:58:00,10.1740,10.1860,10.1520,10.1720,2661204
2011-06-30 15:57:00,10.1710,10.1840,10.1500,10.1700,1559152
2011-06-30 15:56:00,10.1720,10.1830,10.1490,10.1670,1110788
2011-06-30 15:55:00,10.1680,10.1820,10.1480,10.1680,1138088
2011-06-30 15:54:00,10.1700,10.1820,10.1480,10.1640,1725528
2011-06-30 15:53:00,10.1690,10.1820,10.1480,10.1660,1236340
2011-06-30 15:52:00,10.1690,10.1810,10.1480,10.1650,713944
2011-06-30 15:51:00,10.1710,10.1830,10.1470,10.1650,1592920
2011-06-30 15:50:00,10.1710,10.1830,10.1490,10.1670,1313088
2011-06-30 15:49:00,10.1730,10.1850,10.1510,10.1670,1179584
2011-06-30 15:48:00,10.1750,10.1860,10.1510,10.1700,712992
2011-06-30 15:47:00,10.1700,10.1850,10.1500,10.1710,1309364
2011-06-30 15:46:00,10.1740,10.1850,10.1490,10.1660,1750056
2011-06-30 15:45:00,10.1750,10.1870,10.1530,10.1710,1210524
2011-06-30 15:44:00,10.1720,10.1860,10.1510,10.1700,1146796
2011-06-30 15:43:00,10.1710,10.1830,10.1500,10.1670,380240
2011-06-30 15:42:00,10.1730,10.1840,10.1500,10.1670,492632
2011-06-30 15:41:00,10.1710,10.1830,10.1500,10.1690,961772
2011-06-30 15:40:00,10.1710,10.1840,10.1490,10.1680,730436
2011-06-30 15:39:00,10.1700,10.1820,10.1500,10.1670,430864
2011-06-30 15:38:00,10.1730,10.1840,10.1500,10.1670,1300096
2011-06-30 15:37:00,10.1720,10.1840,10.1520,10.1690,432908
2011-06-30 15:36:00,10.1730,10.1850,10.1500,10.1680,625212
2011-06-30 15:35:00,10.1730,10.1860,10.1520,10.1690,1047228
2011-06-30 15:34:00,10.1730,10.1850,10.1510,10.1690,828324
2011-06-30 15:33:00,10.1710,10.1860,10.1510,10.1700,1512672
2011-06-30 15:32:00,10.1700,10.1830,10.1510,10.1680,919996
2011-06-30 15:31:00,10.1700,10.1830,10.1500,10.1670,762608
2011-06-30 15:30:00,10.1700,10.1820,10.1500,10.1670,495488
2011-06-30 15:29:00,10.1680,10.1820,10.1470,10.1660,493948
2011-06-30 15:28:00,10.1670,10.1790,10.1450,10.1640,388612
2011-06-30 15:27:00,10.1670,10.1810,10.1470,10.1630,396900
2011-06-30 15:26:00,10.1690,10.1820,10.1460,10.1630,1041264
2011-06-30 15:25:00,10.1690,10.1820,10.1480,10.1650,495096
2011-06-30 15:24:00,10.1700,10.1810,10.1470,10.1650,627116
2011-06-30 15:23:00,10.1710,10.1820,10.1500,10.1660,304948
2011-06-30 15:22:00,10.1700,10.1830,10.1500,10.1680,685188
2011-06-30 15:21:00,10.1680,10.1820,10.1480,10.1670,588028
2011-06-30 15:20:00,10.1670,10.1800,10.1460,10.1660,649068
2011-06-30 15:19:00,10.1640,10.1770,10.1440,10.1630,380884
2011-06-30 15:18:00,10.1610,10.1750,10.1410,10.1600,267596
2011-06-30 15:17:00,10.1620,10.1730,10.1400,10.1570,384944
2011-06-30 15:16:00,10.1620,10.1770,10.1420,10.1590,848288
2011-06-30 15:15:00,10.1570,10.1730,10.1370,10.1590,528696
2011-06-30 15:14:00,10.1560,10.1690,10.1360,10.1530,556332
2011-06-30 15:13:00,10.1580,10.1700,10.1360,10.1530,474908
2011-06-30 15:12:00,10.1580,10.1700,10.1360,10.1550,358596
2011-06-30 15:11:00,10.1590,10.1700,10.1380,10.1550,178752
2011-06-30 15:10:00,10.1600,10.1740,10.1380,10.1550,690760
2011-06-30 15:09:00,10.1580,10.1710,10.1370,10.1570,300076
2011-06-30 15:08:00,10.1560,10.1710,10.1370,10.1550,402192
2011-06-30 15:07:00,10.1580,10.1690,10.1370,10.1530,535640
2011-06-30 15:06:00,10.1570,10.1690,10.1360,10.1550,382200
2011-06-30 15:05:00,10.1570,10.1680,10.1360,10.1530,269332
2011-06-30 15:04:00,10.1580,10.1700,10.1370,10.1540,304892
2011-06-30 15:03:00,10.1580,10.1700,10.1380,10.1530,183680
2011-06-30 15:02:00,10.1560,10.1690,10.1350,10.1550,492884
2011-06-30 15:01:00,10.1580,10.1700,10.1350,10.1510,706636
2011-06-30 15:00:00,10.1590,10.1700,10.1370,10.1540,521528
2011-06-30 14:59:00,10.1590,10.1700,10.1350,10.1540,428036
2011-06-30 14:58:00,10.1580,10.1700,10.1360,10.1550,563724
2011-06-30 14:57:00,10.1620,10.1730,10.1390,10.1550,274344
2011-06-30 14:56:00,10.1640,10.1770,10.1410,10.1580,313992
2011-06-30 14:55:00,10.1600,10.1760,10.1410,10.1620,314608
2011-06-30 14:54:00,10.1580,10.1720,10.1380,10.1570,313628
2011-06-30 14:53:00,10.1580,10.1710,10.1380,10.1540,399000
2011-06-30 14:52:00,10.1580,10.1710,10.1370,10.1550,547064
2011-06-30 14:51:00,10.1620,10.1750,10.1380,10.1540,972300
2011-06-30 14:50:00,10.1610,10.1770,10.1420,10.1590,592144
2011-06-30 14:49:00,10.1660,10.1780,10.1420,10.1580,667576
2011-06-30 14:48:00,10.1630,10.1780,10.1370,10.1630,1498560
2011-06-30 14:47:00,10.1680,10.1780,10.1410,10.1580,772016
2011-06-30 14:46:00,10.1720,10.1830,10.1480,10.1640,419076
2011-06-30 14:45:00,10.1720,10.1830,10.1510,10.1690,236040
2011-06-30 14:44:00,10.1710,10.1830,10.1510,10.1680,188076
2011-06-30 14:43:00,10.1710,10.1830,10.1510,10.1680,159600
2011-06-30 14:42:00,10.1700,10.1850,10.1500,10.1670,514584
2011-06-30 14:41:00,10.1720,10.1830,10.1500,10.1680,259420
2011-06-30 14:40:00,10.1720,10.1850,10.1520,10.1690,201460
2011-06-30 14:39:00,10.1730,10.1840,10.1500,10.1680,294560
2011-06-30 14:38:00,10.1750,10.1860,10.1530,10.1690,213080
2011-06-30 14:37:00,10.1760,10.1890,10.1560,10.1720,491876
2011-06-30 14:36:00,10.1760,10.1890,10.1560,10.1740,765520
2011-06-30 14:35:00,10.1760,10.1870,10.1550,10.1720,511784
2011-06-30 14:34:00,10.1720,10.1860,10.1520,10.1720,654528
2011-06-30 14:33:00,10.1700,10.1830,10.1490,10.1680,233632
2011-06-30 14:32:00,10.1680,10.1800,10.1460,10.1660,744996
2011-06-30 14:31:00,10.1690,10.1810,10.1470,10.1640,325360
2011-06-30 14:30:00,10.1690,10.1820,10.1480,10.1650,211848
2011-06-30 14:29:00,10.1690,10.1800,10.1460,10.1640,308000
2011-06-30 14:28:00,10.1730,10.1840,10.1490,10.1650,167524
2011-06-30 14:27:00,10.1730,10.1860,10.1520,10.1690,180600
2011-06-30 14:26:00,10.1720,10.1840,10.1500,10.1700,203616
2011-06-30 14:25:00,10.1750,10.1860,10.1520,10.1690,150164
2011-06-30 14:24:00,10.1750,10.1860,10.1520,10.1700,466060
2011-06-30 14:23:00,10.1730,10.1850,10.1510,10.1710,297416
2011-06-30 14:22:00,10.1700,10.1860,10.1500,10.1700,320264
2011-06-30 14:21:00,10.1660,10.1800,10.1450,10.1650,269780
2011-06-30 14:20:00,10.1690,10.1800,10.1450,10.1610,215628
2011-06-30 14:19:00,10.1690,10.1820,10.1460,10.1660,490784
2011-06-30 14:18:00,10.1660,10.1820,10.1470,10.1650,200200
2011-06-30 14:17:00,10.1730,10.1840,10.1470,10.1620,306600
2011-06-30 14:16:00,10.1730,10.1860,10.1510,10.1680,349020
2011-06-30 14:15:00,10.1730,10.1860,10.1530,10.1700,304640
2011-06-30 14:14:00,10.1750,10.1860,10.1530,10.1690,242928
2011-06-30 14:13:00,10.1760,10.1870,10.1540,10.1720,415492
2011-06-30 14:12:00,10.1770,10.1880,10.1550,10.1720,280560
2011-06-30 14:11:00,10.1750,10.1870,10.1550,10.1730,402696
2011-06-30 14:10:00,10.1730,10.1850,10.1530,10.1710,522872
2011-06-30 14:09:00,10.1720,10.1840,10.1520,10.1690,286720
2011-06-30 14:08:00,10.1700,10.1820,10.1490,10.1680,119280
2011-06-30 14:07:00,10.1710,10.1820,10.1480,10.1650,326256
2011-06-30 14:06:00,10.1700,10.1820,10.1490,10.1670,307412
2011-06-30 14:05:00,10.1690,10.1810,10.1490,10.1660,120232
2011-06-30 14:04:00,10.1710,10.1820,10.1480,10.1650,168000
2011-06-30 14:03:00,10.1720,10.1820,10.1500,10.1670,136220
2011-06-30 14:02:00,10.1720,10.1830,10.1450,10.1670,497336
2011-06-30 14:01:00,10.1740,10.1850,10.1500,10.1680,251272
2011-06-30 14:00:00,10.1760,10.1860,10.1530,10.1710,595252
2011-06-30 13:59:00,10.1730,10.1870,10.1530,10.1700,376180
2011-06-30 13:58:00,10.1770,10.1880,10.1520,10.1690,438004
2011-06-30 13:57:00,10.1750,10.1880,10.1560,10.1740,215208
2011-06-30 13:56:00,10.1750,10.1880,10.1550,10.1720,290780
2011-06-30 13:55:00,10.1780,10.1890,10.1550,10.1730,732648
2011-06-30 13:54:00,10.1750,10.1890,10.1550,10.1740,171220
2011-06-30 13:53:00,10.1740,10.1880,10.1540,10.1700,435540
2011-06-30 13:52:00,10.1730,10.1840,10.1510,10.1690,337316
2011-06-30 13:51:00,10.1740,10.1850,10.1530,10.1690,203336
2011-06-30 13:50:00,10.1740,10.1870,10.1520,10.1700,286020
2011-06-30 13:49:00,10.1750,10.1900,10.1530,10.1710,1015084
2011-06-30 13:48:00,10.1700,10.1850,10.1500,10.1710,567756
2011-06-30 13:47:00,10.1700,10.1820,10.1500,10.1670,102564
2011-06-30 13:46:00,10.1710,10.1820,10.1500,10.1680,188944
2011-06-30 13:45:00,10.1710,10.1820,10.1500,10.1660,107352
2011-06-30 13:44:00,10.1700,10.1820,10.1490,10.1680,129976
2011-06-30 13:43:00,10.1700,10.1820,10.1480,10.1660,196280
2011-06-30 13:42:00,10.1690,10.1810,10.1480,10.1670,153720
2011-06-30 13:41:00,10.1710,10.1820,10.1470,10.1650,167692
2011-06-30 13:40:00,10.1730,10.1830,10.1500,10.1670,213640
2011-06-30 13:39:00,10.1690,10.1830,10.1450,10.1690,383460
2011-06-30 13:38:00,10.1670,10.1800,10.1470,10.1650,324436
2011-06-30 13:37:00,10.1700,10.1800,10.1460,10.1660,739004
2011-06-30 13:36:00,10.1750,10.1870,10.1490,10.1650,1118180
2011-06-30 13:35:00,10.1750,10.1860,10.1560,10.1720,351232
2011-06-30 13:34:00,10.1760,10.1870,10.1560,10.1720,492996
2011-06-30 13:33:00,10.1770,10.1910,10.1560,10.1730,734440
2011-06-30 13:32:00,10.1730,10.1890,10.1530,10.1750,628376
2011-06-30 13:31:00,10.1750,10.1850,10.1510,10.1690,257656
2011-06-30 13:30:00,10.1730,10.1850,10.1530,10.1710,589680
2011-06-30 13:29:00,10.1700,10.1840,10.1500,10.1690,889448
2011-06-30 13:28:00,10.1670,10.1810,10.1460,10.1670,999208
2011-06-30 13:27:00,10.1700,10.1810,10.1470,10.1630,867160
2011-06-30 13:26:00,10.1700,10.1830,10.1490,10.1670,806652
2011-06-30 13:25:00,10.1700,10.1800,10.1480,10.1660,270564
2011-06-30 13:24:00,10.1680,10.1820,10.1490,10.1660,569212
2011-06-30 13:23:00,10.1720,10.1820,10.1470,10.1650,1326052
2011-06-30 13:22:00,10.1630,10.1820,10.1430,10.1680,1494276
2011-06-30 13:21:00,10.1590,10.1740,10.1370,10.1580,1005312
2011-06-30 13:20:00,10.1590,10.1710,10.1350,10.1550,485184
2011-06-30 13:19:00,10.1570,10.1700,10.1360,10.1550,224616
2011-06-30 13:18:00,10.1570,10.1670,10.1350,10.1530,274372
2011-06-30 13:17:00,10.1570,10.1680,10.1360,10.1520,451836
2011-06-30 13:16:00,10.1600,10.1700,10.1370,10.1530,277816
2011-06-30 13:15:00,10.1580,10.1700,10.1380,10.1560,316400
2011-06-30 13:14:00,10.1580,10.1690,10.1370,10.1540,374892
2011-06-30 13:13:00,10.1590,10.1690,10.1360,10.1530,446768
2011-06-30 13:12:00,10.1590,10.1710,10.1390,10.1560,156968
2011-06-30 13:11:00,10.1600,10.1710,10.1390,10.1550,112840
2011-06-30 13:10:00,10.1600,10.1700,10.1370,10.1560,260120
2011-06-30 13:09:00,10.1610,10.1730,10.1390,10.1570,232456
2011-06-30 13:08:00,10.1630,10.1730,10.1390,10.1590,157220
2011-06-30 13:07:00,10.1610,10.1730,10.1370,10.1590,333340
2011-06-30 13:06:00,10.1630,10.1740,10.1380,10.1570,408856
2011-06-30 13:05:00,10.1570,10.1730,10.1370,10.1590,488964
2011-06-30 13:04:00,10.1560,10.1690,10.1360,10.1540,234136
2011-06-30 13:03:00,10.1580,10.1700,10.1360,10.1530,480928
2011-06-30 13:02:00,10.1580,10.1690,10.1380,10.1540,407036
2011-06-30 13:01:00,10.1570,10.1680,10.1370,10.1540,332752
2011-06-30 13:00:00,10.1580,10.1690,10.1360,10.1520,394100
2011-06-30 12:59:00,10.1560,10.1690,10.1370,10.1540,322784
2011-06-30 12:58:00,10.1570,10.1690,10.1360,10.1520,200508
2011-06-30 12:57:00,10.1580,10.1690,10.1360,10.1540,233520
2011-06-30 12:56:00,10.1570,10.1700,10.1370,10.1540,291032
2011-06-30 12:55:00,10.1570,10.1690,10.1370,10.1540,109732
2011-06-30 12:54:00,10.1570,10.1690,10.1370,10.1540,122724
2011-06-30 12:53:00,10.1600,10.1700,10.1370,10.1540,779688
2011-06-30 12:52:00,10.1630,10.1740,10.1400,10.1560,299628
2011-06-30 12:51:00,10.1640,10.1750,10.1420,10.1600,542780
2011-06-30 12:50:00,10.1620,10.1760,10.1430,10.1610,281960
2011-06-30 12:49:00,10.1630,10.1750,10.1430,10.1580,49000
2011-06-30 12:48:00,10.1620,10.1740,10.1410,10.1600,120400
2011-06-30 12:47:00,10.1630,10.1750,10.1430,10.1590,155876
2011-06-30 12:46:00,10.1610,10.1730,10.1410,10.1580,141400
2011-06-30 12:45:00,10.1620,10.1730,10.1400,10.1590,273000
2011-06-30 12:44:00,10.1580,10.1730,10.1380,10.1590,391636
2011-06-30 12:43:00,10.1590,10.1710,10.1380,10.1540,229236
2011-06-30 12:42:00,10.1540,10.1700,10.1350,10.1550,503412
2011-06-30 12:41:00,10.1560,10.1680,10.1330,10.1500,562800
2011-06-30 12:40:00,10.1580,10.1700,10.1350,10.1530,709800
2011-06-30 12:39:00,10.1600,10.1700,10.1370,10.1540,211960
2011-06-30 12:38:00,10.1530,10.1710,10.1330,10.1550,545244
2011-06-30 12:37:00,10.1500,10.1650,10.1280,10.1490,1174180
2011-06-30 12:36:00,10.1490,10.1610,10.1290,10.1450,443380
2011-06-30 12:35:00,10.1530,10.1640,10.1290,10.1450,363720
2011-06-30 12:34:00,10.1540,10.1670,10.1340,10.1500,287532
2011-06-30 12:33:00,10.1520,10.1650,10.1320,10.1510,549752
2011-06-30 12:32:00,10.1540,10.1650,10.1320,10.1480,250040
2011-06-30 12:31:00,10.1530,10.1660,10.1320,10.1500,447188
2011-06-30 12:30:00,10.1570,10.1680,10.1320,10.1480,386204
2011-06-30 12:29:00,10.1590,10.1700,10.1350,10.1530,472892
2011-06-30 12:28:00,10.1570,10.1740,10.1380,10.1560,947800
2011-06-30 12:27:00,10.1550,10.1710,10.1350,10.1540,912492
2011-06-30 12:26:00,10.1550,10.1670,10.1340,10.1510,187740
2011-06-30 12:25:00,10.1520,10.1670,10.1320,10.1510,522200
2011-06-30 12:24:00,10.1560,10.1660,10.1320,10.1480,393008
2011-06-30 12:23:00,10.1570,10.1680,10.1350,10.1510,351988
2011-06-30 12:22:00,10.1590,10.1700,10.1370,10.1540,227556
2011-06-30 12:21:00,10.1590,10.1730,10.1370,10.1550,549808
2011-06-30 12:20:00,10.1580,10.1710,10.1380,10.1560,151088
2011-06-30 12:19:00,10.1590,10.1700,10.1380,10.1540,358540
2011-06-30 12:18:00,10.1600,10.1710,10.1380,10.1550,416556
2011-06-30 12:17:00,10.1640,10.1750,10.1410,10.1590,406952
2011-06-30 12:16:00,10.1640,10.1760,10.1440,10.1610,184016
2011-06-30 12:15:00,10.1650,10.1770,10.1440,10.1610,106624
2011-06-30 12:14:00,10.1640,10.1760,10.1430,10.1620,248248
2011-06-30 12:13:00,10.1670,10.1780,10.1420,10.1590,626920
2011-06-30 12:12:00,10.1650,10.1780,10.1460,10.1630,287560
2011-06-30 12:11:00,10.1670,10.1770,10.1430,10.1610,272804
2011-06-30 12:10:00,10.1690,10.1800,10.1470,10.1630,172228
2011-06-30 12:09:00,10.1680,10.1810,10.1460,10.1660,349440
2011-06-30 12:08:00,10.1630,10.1790,10.1420,10.1650,297220
2011-06-30 12:07:00,10.1680,10.1790,10.1410,10.1590,531328
2011-06-30 12:06:00,10.1650,10.1800,10.1450,10.1650,297724
2011-06-30 12:05:00,10.1670,10.1780,10.1450,10.1620,124572
2011-06-30 12:04:00,10.1680,10.1800,10.1460,10.1640,226184
2011-06-30 12:03:00,10.1700,10.1810,10.1470,10.1630,178220
2011-06-30 12:02:00,10.1660,10.1810,10.1460,10.1660,267372
2011-06-30 12:01:00,10.1650,10.1770,10.1430,10.1620,215012
2011-06-30 12:00:00,10.1630,10.1750,10.1410,10.1600,592900
2011-06-30 11:59:00,10.1750,10.1860,10.1430,10.1590,381108
2011-06-30 11:58:00,10.1760,10.1870,10.1470,10.1720,728196
2011-06-30 11:57:00,10.1770,10.1880,10.1520,10.1720,707896
2011-06-30 11:56:00,10.1730,10.1880,10.1530,10.1730,485632
2011-06-30 11:55:00,10.1650,10.1830,10.1460,10.1680,620844
2011-06-30 11:54:00,10.1640,10.1790,10.1410,10.1620,490448
2011-06-30 11:53:00,10.1670,10.1790,10.1440,10.1610,474236
2011-06-30 11:52:00,10.1670,10.1800,10.1460,10.1640,728168
2011-06-30 11:51:00,10.1650,10.1780,10.1440,10.1620,429576
2011-06-30 11:50:00,10.1670,10.1770,10.1420,10.1610,471044
2011-06-30 11:49:00,10.1690,10.1810,10.1460,10.1630,423696
2011-06-30 11:48:00,10.1690,10.1820,10.1480,10.1650,338884
2011-06-30 11:47:00,10.1710,10.1830,10.1480,10.1650,884380
2011-06-30 11:46:00,10.1710,10.1840,10.1470,10.1670,1413384
2011-06-30 11:45:00,10.1750,10.1860,10.1480,10.1670,898604
2011-06-30 11:44:00,10.1740,10.1880,10.1530,10.1710,731528
2011-06-30 11:43:00,10.1790,10.1900,10.1550,10.1710,488572
2011-06-30 11:42:00,10.1780,10.1900,10.1560,10.1750,456148
2011-06-30 11:41:00,10.1760,10.1900,10.1550,10.1740,362376
2011-06-30 11:40:00,10.1770,10.1880,10.1550,10.1730,261828
2011-06-30 11:39:00,10.1780,10.1900,10.1560,10.1750,535752
2011-06-30 11:38:00,10.1790,10.1920,10.1560,10.1720,705712
2011-06-30 11:37:00,10.1750,10.1900,10.1550,10.1750,316204
2011-06-30 11:36:00,10.1800,10.1900,10.1550,10.1710,250460
2011-06-30 11:35:00,10.1760,10.1900,10.1560,10.1760,385084
2011-06-30 11:34:00,10.1770,10.1880,10.1550,10.1720,689892
2011-06-30 11:33:00,10.1790,10.1940,10.1550,10.1720,786352
2011-06-30 11:32:00,10.1800,10.1950,10.1590,10.1750,776020
2011-06-30 11:31:00,10.1800,10.1940,10.1570,10.1770,1100148
2011-06-30 11:30:00,10.1730,10.1930,10.1530,10.1760,1804572
2011-06-30 11:29:00,10.1720,10.1830,10.1500,10.1690,189336
2011-06-30 11:28:00,10.1680,10.1830,10.1480,10.1660,543872
2011-06-30 11:27:00,10.1680,10.1800,10.1480,10.1650,240240
2011-06-30 11:26:00,10.1690,10.1790,10.1470,10.1640,202048
2011-06-30 11:25:00,10.1690,10.1820,10.1480,10.1640,354452
2011-06-30 11:24:00,10.1700,10.1830,10.1460,10.1650,734776
2011-06-30 11:23:00,10.1680,10.1840,10.1480,10.1670,1224944
2011-06-30 11:22:00,10.1680,10.1790,10.1450,10.1640,447804
2011-06-30 11:21:00,10.1620,10.1780,10.1410,10.1620,877520
2011-06-30 11:20:00,10.1540,10.1720,10.1350,10.1580,351316
2011-06-30 11:19:00,10.1560,10.1670,10.1350,10.1510,262304
2011-06-30 11:18:00,10.1580,10.1710,10.1330,10.1520,888860
2011-06-30 11:17:00,10.1520,10.1670,10.1300,10.1530,502460
2011-06-30 11:16:00,10.1540,10.1650,10.1300,10.1490,756644
2011-06-30 11:15:00,10.1510,10.1640,10.1310,10.1500,343840
2011-06-30 11:14:00,10.1610,10.1730,10.1300,10.1460,616896
2011-06-30 11:13:00,10.1570,10.1720,10.1380,10.1580,472836
2011-06-30 11:12:00,10.1510,10.1680,10.1310,10.1540,618912
2011-06-30 11:11:00,10.1530,10.1670,10.1290,10.1470,731528
2011-06-30 11:10:00,10.1620,10.1730,10.1330,10.1490,1053192
2011-06-30 11:09:00,10.1600,10.1740,10.1390,10.1590,318136
2011-06-30 11:08:00,10.1640,10.1760,10.1380,10.1560,751492
2011-06-30 11:07:00,10.1740,10.1850,10.1440,10.1610,1328432
2011-06-30 11:06:00,10.1650,10.1850,10.1430,10.1710,971712
2011-06-30 11:05:00,10.1740,10.1880,10.1440,10.1610,1900192
2011-06-30 11:04:00,10.1680,10.1850,10.1470,10.1700,1043616
2011-06-30 11:03:00,10.1630,10.1790,10.1430,10.1630,869792
2011-06-30 11:02:00,10.1640,10.1740,10.1420,10.1600,659316
2011-06-30 11:01:00,10.1550,10.1750,10.1330,10.1610,1745968
2011-06-30 11:00:00,10.1500,10.1650,10.1280,10.1500,666288
2011-06-30 10:59:00,10.1400,10.1650,10.1200,10.1460,1198316
2011-06-30 10:58:00,10.1340,10.1510,10.1110,10.1360,857780
2011-06-30 10:57:00,10.1300,10.1460,10.1080,10.1290,1638756
2011-06-30 10:56:00,10.1380,10.1500,10.1110,10.1270,1302420
2011-06-30 10:55:00,10.1400,10.1500,10.1170,10.1350,688212
2011-06-30 10:54:00,10.1460,10.1580,10.1180,10.1360,775852
2011-06-30 10:53:00,10.1360,10.1560,10.1160,10.1380,449288
2011-06-30 10:52:00,10.1470,10.1580,10.1170,10.1330,743988
2011-06-30 10:51:00,10.1470,10.1600,10.1200,10.1420,1000972
2011-06-30 10:50:00,10.1500,10.1680,10.1230,10.1450,1457736
2011-06-30 10:49:00,10.1500,10.1600,10.1210,10.1460,644588
2011-06-30 10:48:00,10.1410,10.1630,10.1190,10.1440,1338260
2011-06-30 10:47:00,10.1420,10.1530,10.1160,10.1350,2074408
2011-06-30 10:46:00,10.1450,10.1570,10.1210,10.1380,812196
2011-06-30 10:45:00,10.1490,10.1620,10.1260,10.1420,1259412
2011-06-30 10:44:00,10.1460,10.1610,10.1220,10.1450,1192100
2011-06-30 10:43:00,10.1550,10.1650,10.1210,10.1440,1402044
2011-06-30 10:42:00,10.1620,10.1730,10.1320,10.1500,1090180
2011-06-30 10:41:00,10.1610,10.1730,10.1330,10.1580,1830248
2011-06-30 10:40:00,10.1540,10.1740,10.1250,10.1560,2696792
2011-06-30 10:39:00,10.1590,10.1750,10.1340,10.1500,1412768
2011-06-30 10:38:00,10.1630,10.1770,10.1350,10.1550,858788
2011-06-30 10:37:00,10.1690,10.1800,10.1430,10.1590,830648
2011-06-30 10:36:00,10.1630,10.1830,10.1440,10.1650,1305864
2011-06-30 10:35:00,10.1610,10.1740,10.1400,10.1600,597072
2011-06-30 10:34:00,10.1600,10.1740,10.1360,10.1570,1048516
2011-06-30 10:33:00,10.1620,10.1740,10.1390,10.1560,726600
2011-06-30 10:32:00,10.1570,10.1770,10.1360,10.1610,1248912
2011-06-30 10:31:00,10.1630,10.1760,10.1350,10.1530,1462216
2011-06-30 10:30:00,10.1650,10.1800,10.1390,10.1610,1287832
2011-06-30 10:29:00,10.1660,10.1800,10.1420,10.1600,980476
2011-06-30 10:28:00,10.1780,10.1890,10.1440,10.1620,1538908
2011-06-30 10:27:00,10.1730,10.1900,10.1530,10.1720,624484
2011-06-30 10:26:00,10.1740,10.1880,10.1520,10.1690,1082424
2011-06-30 10:25:00,10.1860,10.1980,10.1500,10.1700,1509060
2011-06-30 10:24:00,10.1860,10.1970,10.1610,10.1830,1102752
2011-06-30 10:23:00,10.1870,10.2020,10.1640,10.1810,2070572
2011-06-30 10:22:00,10.1820,10.1980,10.1630,10.1830,1885548
2011-06-30 10:21:00,10.1850,10.1980,10.1530,10.1780,2523976
2011-06-30 10:20:00,10.1780,10.1980,10.1590,10.1800,1938580
2011-06-30 10:19:00,10.1780,10.1920,10.1550,10.1750,1992704
2011-06-30 10:18:00,10.1670,10.1890,10.1460,10.1740,2044980
2011-06-30 10:17:00,10.1700,10.1800,10.1440,10.1630,1079960
2011-06-30 10:16:00,10.1700,10.1830,10.1450,10.1660,2430988
2011-06-30 10:15:00,10.1580,10.1810,10.1380,10.1660,2712948
2011-06-30 10:14:00,10.1530,10.1710,10.1260,10.1570,2085440
2011-06-30 10:13:00,10.1530,10.1720,10.1320,10.1490,2408056
2011-06-30 10:12:00,10.1540,10.1660,10.1290,10.1490,702464
2011-06-30 10:11:00,10.1480,10.1670,10.1270,10.1500,1324176
2011-06-30 10:10:00,10.1510,10.1620,10.1240,10.1440,979132
2011-06-30 10:09:00,10.1420,10.1640,10.1220,10.1450,1348788
2011-06-30 10:08:00,10.1390,10.1530,10.1170,10.1390,602896
2011-06-30 10:07:00,10.1440,10.1550,10.1120,10.1330,1651608
2011-06-30 10:06:00,10.1540,10.1660,10.1230,10.1420,2790620
2011-06-30 10:05:00,10.1360,10.1660,10.1160,10.1510,2999528
2011-06-30 10:04:00,10.1310,10.1470,10.1090,10.1300,1425116
2011-06-30 10:03:00,10.1240,10.1410,10.1030,10.1260,877912
2011-06-30 10:02:00,10.1270,10.1410,10.1020,10.1190,1158052
2011-06-30 10:01:00,10.1290,10.1430,10.1000,10.1210,1936704
2011-06-30 10:00:00,10.1180,10.1390,10.0950,10.1230,1274952
2011-06-30 09:59:00,10.1210,10.1320,10.0940,10.1120,745108
2011-06-30 09:58:00,10.1200,10.1320,10.0970,10.1160,900256
2011-06-30 09:57:00,10.1190,10.1370,10.0980,10.1150,558880
2011-06-30 09:56:00,10.1240,10.1360,10.0960,10.1150,965972
2011-06-30 09:55:00,10.1250,10.1420,10.1020,10.1210,1535072
2011-06-30 09:54:00,10.1380,10.1500,10.1020,10.1200,787892
2011-06-30 09:53:00,10.1260,10.1500,10.1050,10.1340,1099056
2011-06-30 09:52:00,10.1240,10.1360,10.0990,10.1220,1876924
2011-06-30 09:51:00,10.1370,10.1490,10.1040,10.1200,1654828
2011-06-30 09:50:00,10.1400,10.1560,10.1140,10.1320,1182776
2011-06-30 09:49:00,10.1360,10.1580,10.1140,10.1360,1736392
2011-06-30 09:48:00,10.1370,10.1530,10.1070,10.1300,2155384
2011-06-30 09:47:00,10.1060,10.1500,10.0860,10.1320,2111452
2011-06-30 09:46:00,10.1050,10.1210,10.0810,10.1020,1351280
2011-06-30 09:45:00,10.1110,10.1290,10.0840,10.1000,3158204
2011-06-30 09:44:00,10.1180,10.1310,10.0900,10.1070,1375640
2011-06-30 09:43:00,10.1100,10.1310,10.0890,10.1170,1363544
2011-06-30 09:42:00,10.1060,10.1410,10.0760,10.1060,4970476
2011-06-30 09:41:00,10.0990,10.1190,10.0730,10.0950,1677844
2011-06-30 09:40:00,10.1030,10.1150,10.0760,10.0920,1273608
2011-06-30 09:39:00,10.1050,10.1200,10.0760,10.1010,2145024
2011-06-30 09:38:00,10.1050,10.1200,10.0810,10.1020,1207164
2011-06-30 09:37:00,10.1230,10.1330,10.0780,10.1000,2984268
2011-06-30 09:36:00,10.1270,10.1390,10.0940,10.1220,1936368
2011-06-30 09:35:00,10.1320,10.1600,10.1080,10.1240,1412544
2011-06-30 09:34:00,10.1370,10.1510,10.1100,10.1290,1003296
2011-06-30 09:33:00,10.1300,10.1500,10.1050,10.1350,1548260
2011-06-30 09:32:00,10.1350,10.1630,10.1090,10.1260,1713516
2011-06-30 09:31:00,10.1490,10.1620,10.0990,10.1330,3024392
2011-06-30 09:30:00,10.1490,10.1650,10.1120,10.1430,1798664
2011-06-30 09:29:00,10.1390,10.1560,10.1190,10.1420,73304
2011-06-30 09:28:00,10.1350,10.1590,10.1090,10.1260,250432
2011-06-30 09:27:00,10.1320,10.1420,10.1110,10.1270,26656
2011-06-30 09:26:00,10.1330,10.1430,10.1130,10.1290,5600
2011-06-30 09:24:00,10.1340,10.1440,10.1110,10.1290,32340
2011-06-30 09:23:00,10.1460,10.1560,10.1100,10.1270,171360
2011-06-30 09:22:00,10.1460,10.1560,10.1260,10.1420,26600
2011-06-30 09:21:00,10.1490,10.1590,10.1260,10.1420,18200
2011-06-30 09:20:00,10.1490,10.1590,10.1260,10.1420,8400
2011-06-30 09:19:00,10.1470,10.1570,10.1260,10.1420,84000
2011-06-30 09:18:00,10.1460,10.1560,10.1260,10.1420,54600
2011-06-30 09:17:00,10.1480,10.1600,10.1230,10.1420,109200
2011-06-30 09:16:00,10.1490,10.1590,10.1290,10.1450,2800
2011-06-30 09:15:00,10.1530,10.1630,10.1310,10.1460,5600
2011-06-30 09:14:00,10.1480,10.1580,10.1280,10.1440,2800
2011-06-30 09:13:00,10.1480,10.1580,10.1280,10.1440,5600
2011-06-30 09:10:00,10.1510,10.1610,10.1290,10.1450,14000
2011-06-30 09:09:00,10.1490,10.1600,10.1290,10.1450,5600
2011-06-30 09:07:00,10.1550,10.1650,10.1350,10.1510,2800
2011-06-30 09:03:00,10.1500,10.1680,10.1310,10.1540,5600
2011-06-30 09:00:00,10.1560,10.1680,10.1370,10.1540,46900
2011-06-30 08:59:00,10.1490,10.1600,10.1290,10.1460,5600
2011-06-30 08:58:00,10.1480,10.1590,10.1280,10.1450,5600
2011-06-30 08:57:00,10.1460,10.1560,10.1260,10.1420,9800
2011-06-30 08:56:00,10.1460,10.1570,10.1260,10.1430,31500
2011-06-30 08:55:00,10.1460,10.1560,10.1260,10.1420,5600
2011-06-30 08:53:00,10.1460,10.1560,10.1270,10.1420,5600
2011-06-30 08:52:00,10.1460,10.1570,10.1260,10.1430,11200
2011-06-30 08:51:00,10.1470,10.1580,10.1280,10.1440,5600
2011-06-30 08:50:00,10.1480,10.1580,10.1280,10.1440,2800
2011-06-30 08:49:00,10.1460,10.1560,10.1260,10.1420,30800
2011-06-30 08:47:00,10.1440,10.1550,10.1240,10.1400,63700
2011-06-30 08:42:00,10.1500,10.1600,10.1300,10.1460,2800
2011-06-30 08:39:00,10.1500,10.1600,10.1310,10.1460,5600
2011-06-30 08:38:00,10.1500,10.1600,10.1300,10.1460,8400
2011-06-30 08:36:00,10.1440,10.1550,10.1240,10.1400,8400
2011-06-30 08:35:00,10.1440,10.1550,10.1250,10.1410,2800
2011-06-30 08:34:00,10.1470,10.1580,10.1280,10.1440,9688
2011-06-30 08:30:00,10.1410,10.1510,10.1140,10.1300,14000
2011-06-30 08:26:00,10.1400,10.1580,10.1210,10.1430,25760
2011-06-30 08:25:00,10.1400,10.1520,10.1210,10.1360,30044
2011-06-30 08:24:00,10.1400,10.1500,10.1200,10.1360,2800
2011-06-30 08:23:00,10.1400,10.1500,10.1200,10.1360,10808
2011-06-30 08:22:00,10.1400,10.1510,10.1200,10.1370,6160
2011-06-30 08:20:00,10.1350,10.1510,10.1140,10.1370,47516
2011-06-30 08:19:00,10.1370,10.1470,10.1170,10.1330,11200
2011-06-30 08:18:00,10.1370,10.1470,10.1170,10.1330,11200
2011-06-30 08:17:00,10.1400,10.1510,10.1200,10.1370,7000
2011-06-30 08:16:00,10.1440,10.1550,10.1250,10.1400,21924
2011-06-30 08:15:00,10.1490,10.1590,10.1290,10.1450,2800
2011-06-30 08:12:00,10.1530,10.1630,10.1340,10.1490,2800
2011-06-30 08:02:00,10.1540,10.1640,10.1350,10.1500,2800
2011-06-30 08:00:00,10.1440,10.1540,10.1240,10.1390,16660
2011-06-30 07:57:00,10.1550,10.1650,10.1350,10.1510,2800
2011-06-30 07:56:00,10.1550,10.1650,10.1350,10.1510,2800
2011-06-30 07:52:00,10.1430,10.1530,10.1230,10.1390,6160
2011-06-30 07:45:00,10.1580,10.1680,10.1320,10.1480,33600
2011-06-30 07:43:00,10.1610,10.1710,10.1410,10.1570,4200
2011-06-30 07:32:00,10.1650,10.1750,10.1450,10.1610,15400
2011-06-30 07:23:00,10.1650,10.1750,10.1450,10.1610,5600
2011-06-30 07:22:00,10.1650,10.1760,10.1460,10.1620,28000
2011-06-30 07:18:00,10.1610,10.1710,10.1410,10.1570,14000
2011-06-30 07:15:00,10.1600,10.1710,10.1410,10.1570,5600
2011-06-30 07:04:00,10.1570,10.1680,10.1380,10.1540,2800
2011-06-29 19:57:00,10.1270,10.1410,10.1080,10.1270,82320
2011-06-29 19:53:00,10.1290,10.1390,10.1090,10.1250,28000
2011-06-29 19:40:00,10.1300,10.1410,10.1110,10.1270,28000
2011-06-29 19:38:00,10.1310,10.1420,10.1120,10.1280,5600
2011-06-29 18:55:00,10.1330,10.1430,10.1140,10.1290,2800
2011-06-29 18:50:00,10.1300,10.1410,10.1110,10.1270,2800
2011-06-29 18:40:00,10.1290,10.1390,10.1100,10.1250,3780
2011-06-29 18:35:00,10.1330,10.1430,10.1110,10.1270,19124
2011-06-29 18:11:00,10.1290,10.1390,10.1090,10.1250,8400
2011-06-29 18:10:00,10.1290,10.1390,10.1090,10.1250,18732
2011-06-29 17:53:00,10.1370,10.1470,10.1170,10.1330,4200
2011-06-29 17:50:00,10.1340,10.1440,10.1140,10.1300,2940
2011-06-29 17:49:00,10.1340,10.1440,10.1140,10.1300,10080
2011-06-29 17:38:00,10.1370,10.1470,10.1170,10.1330,2800
2011-06-29 17:31:00,10.1350,10.1450,10.1150,10.1310,2800
2011-06-29 17:24:00,10.1350,10.1450,10.1150,10.1310,3920
2011-06-29 17:16:00,10.1370,10.1470,10.1170,10.1330,5600
2011-06-29 17:14:00,10.1350,10.1550,10.1150,10.1310,32928
2011-06-29 17:13:00,10.1290,10.1390,10.1100,10.1250,32172
2011-06-29 17:07:00,10.1340,10.1450,10.1150,10.1310,7672
2011-06-29 17:06:00,10.1330,10.1450,10.1140,10.1310,8456
2011-06-29 17:04:00,10.1340,10.1440,10.1150,10.1300,2800
2011-06-29 17:03:00,10.1300,10.1440,10.1110,10.1300,18200
2011-06-29 17:02:00,10.1300,10.1410,10.1110,10.1270,23828
2011-06-29 17:01:00,10.1340,10.1450,10.1150,10.1310,2800
2011-06-29 17:00:00,10.1340,10.1440,10.1140,10.1300,2800
2011-06-29 16:58:00,10.1330,10.1430,10.1130,10.1290,2800
2011-06-29 16:48:00,10.1330,10.1430,10.1130,10.1290,2800
2011-06-29 16:47:00,10.1330,10.1440,10.1130,10.1300,14000
2011-06-29 16:44:00,10.1320,10.1430,10.1120,10.1290,40040
2011-06-29 16:42:00,10.1260,10.1360,10.1060,10.1220,36400
2011-06-29 16:41:00,10.1300,10.1400,10.1100,10.1260,2800
2011-06-29 16:38:00,10.1320,10.1420,10.1120,10.1280,22400
2011-06-29 16:34:00,10.1300,10.1400,10.1090,10.1250,13384
2011-06-29 16:19:00,10.1290,10.1410,10.1090,10.1270,277508
2011-06-29 16:17:00,10.1340,10.1450,10.1150,10.1310,19600
2011-06-29 16:16:00,10.1470,10.1570,10.1270,10.1430,8400
2011-06-29 16:15:00,10.1330,10.1440,10.1130,10.1300,20356
2011-06-29 16:14:00,10.1290,10.1390,10.1090,10.1250,2800
2011-06-29 16:13:00,10.1310,10.1410,10.1110,10.1270,87024
2011-06-29 16:12:00,10.1280,10.1380,10.1080,10.1240,16800
2011-06-29 16:11:00,10.1300,10.1410,10.1100,10.1260,8400
2011-06-29 16:10:00,10.1310,10.1450,10.1110,10.1270,34720
2011-06-29 16:09:00,10.1310,10.1410,10.1120,10.1270,2800
2011-06-29 16:08:00,10.1110,10.1210,10.0920,10.1070,28000
2011-06-29 16:07:00,10.1310,10.1410,10.1120,10.1270,2800
2011-06-29 16:06:00,10.1300,10.1410,10.1110,10.1270,14000
2011-06-29 16:05:00,10.1320,10.1420,10.1120,10.1270,15400
2011-06-29 16:04:00,10.1330,10.1440,10.1120,10.1280,22400
2011-06-29 16:03:00,10.1310,10.1410,10.1120,10.1270,8400
2011-06-29 16:02:00,10.1320,10.1420,10.1120,10.1280,36400
2011-06-29 16:01:00,10.1290,10.1410,10.1090,10.1270,57176
2011-06-29 16:00:00,10.1290,10.1430,10.1090,10.1250,6330380
2011-06-29 15:59:00,10.1270,10.1390,10.1050,10.1250,2831080
2011-06-29 15:58:00,10.1270,10.1390,10.1050,10.1240,1503432
2011-06-29 15:57:00,10.1290,10.1400,10.1050,10.1230,1277332
2011-06-29 15:56:00,10.1290,10.1410,10.1080,10.1270,1211560
2011-06-29 15:55:00,10.1270,10.1400,10.1070,10.1250,1223740
2011-06-29 15:54:00,10.1270,10.1420,10.1080,10.1230,1463616
2011-06-29 15:53:00,10.1280,10.1410,10.1060,10.1230,1666252
2011-06-29 15:52:00,10.1270,10.1390,10.1050,10.1250,862008
2011-06-29 15:51:00,10.1250,10.1380,10.1040,10.1230,1149232
2011-06-29 15:50:00,10.1260,10.1380,10.1030,10.1210,771904
2011-06-29 15:49:00,10.1230,10.1380,10.1020,10.1220,1143352
2011-06-29 15:48:00,10.1220,10.1340,10.1000,10.1190,906444
2011-06-29 15:47:00,10.1280,10.1390,10.1020,10.1190,553028
2011-06-29 15:46:00,10.1170,10.1400,10.0960,10.1260,696780
2011-06-29 15:45:00,10.1260,10.1420,10.0950,10.1130,2120272
2011-06-29 15:44:00,10.1280,10.1380,10.1050,10.1220,533092
2011-06-29 15:43:00,10.1290,10.1410,10.1050,10.1230,633220
2011-06-29 15:42:00,10.1300,10.1420,10.1060,10.1260,876708
2011-06-29 15:41:00,10.1330,10.1450,10.1080,10.1260,782768
2011-06-29 15:40:00,10.1260,10.1450,10.1060,10.1310,686168
2011-06-29 15:39:00,10.1270,10.1390,10.1060,10.1240,709240
2011-06-29 15:38:00,10.1290,10.1400,10.1040,10.1220,646268
2011-06-29 15:37:00,10.1300,10.1420,10.1090,10.1260,623812
2011-06-29 15:36:00,10.1280,10.1420,10.1070,10.1270,651084
2011-06-29 15:35:00,10.1300,10.1440,10.1060,10.1240,655704
2011-06-29 15:34:00,10.1310,10.1440,10.1080,10.1260,508452
2011-06-29 15:33:00,10.1270,10.1420,10.1050,10.1270,416136
2011-06-29 15:32:00,10.1270,10.1380,10.1040,10.1220,656516
2011-06-29 15:31:00,10.1270,10.1430,10.1060,10.1240,604492
2011-06-29 15:30:00,10.1240,10.1390,10.1040,10.1250,620032
2011-06-29 15:29:00,10.1220,10.1370,10.1020,10.1210,414400
2011-06-29 15:28:00,10.1300,10.1420,10.0990,10.1180,816340
2011-06-29 15:27:00,10.1310,10.1450,10.1050,10.1270,693224
2011-06-29 15:26:00,10.1260,10.1430,10.1030,10.1290,1285116
2011-06-29 15:25:00,10.1170,10.1380,10.0970,10.1220,1186528
2011-06-29 15:24:00,10.1110,10.1290,10.0920,10.1150,917168
2011-06-29 15:23:00,10.1100,10.1230,10.0890,10.1080,325640
2011-06-29 15:22:00,10.1090,10.1220,10.0860,10.1090,466592
2011-06-29 15:21:00,10.1080,10.1190,10.0810,10.1040,851872
2011-06-29 15:20:00,10.1130,10.1260,10.0880,10.1040,610148
2011-06-29 15:19:00,10.1080,10.1240,10.0870,10.1090,695156
2011-06-29 15:18:00,10.1060,10.1250,10.0860,10.1060,678048
2011-06-29 15:17:00,10.1080,10.1210,10.0810,10.1010,791280
2011-06-29 15:16:00,10.1100,10.1240,10.0860,10.1040,914396
2011-06-29 15:15:00,10.1030,10.1200,10.0820,10.1060,492940
2011-06-29 15:14:00,10.1010,10.1170,10.0810,10.0990,358260
2011-06-29 15:13:00,10.0980,10.1140,10.0780,10.0970,365120
2011-06-29 15:12:00,10.1140,10.1270,10.0760,10.0930,2007068
2011-06-29 15:11:00,10.1030,10.1240,10.0830,10.1100,1805720
2011-06-29 15:10:00,10.0880,10.1150,10.0680,10.0990,1296064
2011-06-29 15:09:00,10.0930,10.1030,10.0680,10.0860,348880
2011-06-29 15:08:00,10.0900,10.1040,10.0710,10.0890,317296
2011-06-29 15:07:00,10.0890,10.1010,10.0690,10.0860,258804
2011-06-29 15:06:00,10.0900,10.1000,10.0660,10.0850,467096
2011-06-29 15:05:00,10.0930,10.1030,10.0690,10.0870,474264
2011-06-29 15:04:00,10.0970,10.1110,10.0720,10.0880,241500
2011-06-29 15:03:00,10.0960,10.1100,10.0730,10.0950,742980
2011-06-29 15:02:00,10.0970,10.1100,10.0770,10.0930,401268
2011-06-29 15:01:00,10.1010,10.1140,10.0760,10.0940,740684
2011-06-29 15:00:00,10.0970,10.1140,10.0760,10.0980,884744
2011-06-29 14:59:00,10.1010,10.1120,10.0720,10.0920,704312
2011-06-29 14:58:00,10.0920,10.1110,10.0710,10.0970,660940
2011-06-29 14:57:00,10.0900,10.1030,10.0690,10.0890,670404
2011-06-29 14:56:00,10.0860,10.1020,10.0660,10.0870,1242640
2011-06-29 14:55:00,10.0970,10.1070,10.0660,10.0820,562604
2011-06-29 14:54:00,10.0910,10.1070,10.0690,10.0920,1311100
2011-06-29 14:53:00,10.0900,10.1010,10.0660,10.0870,445228
2011-06-29 14:52:00,10.0900,10.1040,10.0650,10.0820,1625596
2011-06-29 14:51:00,10.0800,10.1010,10.0600,10.0840,1061676
2011-06-29 14:50:00,10.0700,10.0930,10.0500,10.0750,1128316
2011-06-29 14:49:00,10.0750,10.0870,10.0480,10.0650,725956
2011-06-29 14:48:00,10.0770,10.0910,10.0560,10.0720,681828
2011-06-29 14:47:00,10.0740,10.0880,10.0510,10.0730,391048
2011-06-29 14:46:00,10.0810,10.0910,10.0540,10.0710,984676
2011-06-29 14:45:00,10.0700,10.0910,10.0500,10.0770,663236
2011-06-29 14:44:00,10.0650,10.0800,10.0440,10.0650,469196
2011-06-29 14:43:00,10.0660,10.0810,10.0440,10.0610,948528
2011-06-29 14:42:00,10.0690,10.0810,10.0440,10.0630,1174796
2011-06-29 14:41:00,10.0720,10.0850,10.0490,10.0660,1099084
2011-06-29 14:40:00,10.0770,10.0920,10.0500,10.0690,816424
2011-06-29 14:39:00,10.0790,10.0900,10.0570,10.0740,238000
2011-06-29 14:38:00,10.0780,10.0920,10.0570,10.0760,587608
2011-06-29 14:37:00,10.0760,10.0920,10.0540,10.0730,667492
2011-06-29 14:36:00,10.0830,10.0950,10.0560,10.0720,563248
2011-06-29 14:35:00,10.0810,10.0950,10.0600,10.0790,795732
2011-06-29 14:34:00,10.0810,10.0930,10.0600,10.0780,783048
2011-06-29 14:33:00,10.0760,10.0920,10.0550,10.0770,694792
2011-06-29 14:32:00,10.0740,10.0880,10.0550,10.0710,517944
2011-06-29 14:31:00,10.0770,10.0910,10.0530,10.0690,1064280
2011-06-29 14:30:00,10.0810,10.0940,10.0560,10.0730,1031352
2011-06-29 14:29:00,10.0710,10.0950,10.0510,10.0770,1339996
2011-06-29 14:28:00,10.0710,10.0830,10.0480,10.0690,1086540
2011-06-29 14:27:00,10.0730,10.0880,10.0520,10.0680,1083264
2011-06-29 14:26:00,10.0700,10.0860,10.0510,10.0690,852628
2011-06-29 14:25:00,10.0680,10.0830,10.0470,10.0660,825300
2011-06-29 14:24:00,10.0720,10.0870,10.0470,10.0660,1871492
2011-06-29 14:23:00,10.0850,10.0960,10.0510,10.0690,2773708
2011-06-29 14:22:00,10.0920,10.1020,10.0650,10.0820,579936
2011-06-29 14:21:00,10.0970,10.1070,10.0720,10.0870,527856
2011-06-29 14:20:00,10.0940,10.1070,10.0700,10.0920,510496
2011-06-29 14:19:00,10.0940,10.1080,10.0740,10.0900,504812
2011-06-29 14:18:00,10.0960,10.1070,10.0710,10.0910,667660
2011-06-29 14:17:00,10.0970,10.1100,10.0760,10.0920,826924
2011-06-29 14:16:00,10.0890,10.1090,10.0660,10.0950,931812
2011-06-29 14:15:00,10.0900,10.1020,10.0630,10.0840,1440572
2011-06-29 14:14:00,10.0950,10.1060,10.0700,10.0860,565964
2011-06-29 14:13:00,10.0970,10.1070,10.0720,10.0930,792232
2011-06-29 14:12:00,10.1000,10.1120,10.0780,10.0930,712012
2011-06-29 14:11:00,10.1060,10.1160,10.0730,10.0950,2271108
2011-06-29 14:10:00,10.1030,10.1180,10.0840,10.1010,817992
2011-06-29 14:09:00,10.1120,10.1260,10.0840,10.1020,1131368
2011-06-29 14:08:00,10.1160,10.1270,10.0900,10.1090,619416
2011-06-29 14:07:00,10.1140,10.1300,10.0940,10.1150,402752
2011-06-29 14:06:00,10.1210,10.1330,10.0930,10.1100,911036
2011-06-29 14:05:00,10.1250,10.1370,10.0990,10.1160,900956
2011-06-29 14:04:00,10.1260,10.1390,10.1050,10.1220,701736
2011-06-29 14:03:00,10.1260,10.1400,10.1050,10.1230,699076
2011-06-29 14:02:00,10.1290,10.1410,10.1050,10.1240,1052828
2011-06-29 14:01:00,10.1410,10.1530,10.1090,10.1250,597996
2011-06-29 14:00:00,10.1380,10.1530,10.1170,10.1370,318920
2011-06-29 13:59:00,10.1360,10.1490,10.1130,10.1330,370188
2011-06-29 13:58:00,10.1370,10.1480,10.1150,10.1320,171668
2011-06-29 13:57:00,10.1360,10.1480,10.1130,10.1340,516404
2011-06-29 13:56:00,10.1410,10.1530,10.1160,10.1330,706608
2011-06-29 13:55:00,10.1430,10.1550,10.1190,10.1380,649208
2011-06-29 13:54:00,10.1440,10.1560,10.1220,10.1400,348068
2011-06-29 13:53:00,10.1460,10.1570,10.1220,10.1400,632492
2011-06-29 13:52:00,10.1500,10.1610,10.1250,10.1420,692300
2011-06-29 13:51:00,10.1480,10.1610,10.1280,10.1470,648508
2011-06-29 13:50:00,10.1430,10.1600,10.1230,10.1440,789880
2011-06-29 13:49:00,10.1410,10.1530,10.1220,10.1390,84000
2011-06-29 13:48:00,10.1400,10.1540,10.1200,10.1380,553644
2011-06-29 13:47:00,10.1420,10.1520,10.1180,10.1360,187600
2011-06-29 13:46:00,10.1410,10.1530,10.1200,10.1370,285712
2011-06-29 13:45:00,10.1390,10.1520,10.1190,10.1380,212744
2011-06-29 13:44:00,10.1410,10.1540,10.1200,10.1360,170436
2011-06-29 13:43:00,10.1390,10.1520,10.1190,10.1370,384720
2011-06-29 13:42:00,10.1390,10.1500,10.1180,10.1350,369236
2011-06-29 13:41:00,10.1430,10.1540,10.1190,10.1350,493192
2011-06-29 13:40:00,10.1400,10.1540,10.1190,10.1400,375452
2011-06-29 13:39:00,10.1350,10.1520,10.1160,10.1370,425684
2011-06-29 13:38:00,10.1360,10.1480,10.1150,10.1320,385364
2011-06-29 13:37:00,10.1340,10.1470,10.1130,10.1320,545580
2011-06-29 13:36:00,10.1340,10.1450,10.1130,10.1290,291200
2011-06-29 13:35:00,10.1320,10.1450,10.1130,10.1300,135352
2011-06-29 13:34:00,10.1340,10.1460,10.1110,10.1280,671076
2011-06-29 13:33:00,10.1320,10.1440,10.1120,10.1300,417956
2011-06-29 13:32:00,10.1310,10.1430,10.1090,10.1280,425852
2011-06-29 13:31:00,10.1290,10.1410,10.1080,10.1270,324100
2011-06-29 13:30:00,10.1280,10.1390,10.1050,10.1250,539000
2011-06-29 13:29:00,10.1270,10.1400,10.1070,10.1240,262920
2011-06-29 13:28:00,10.1270,10.1390,10.1060,10.1220,298452
2011-06-29 13:27:00,10.1280,10.1390,10.1060,10.1230,298900
2011-06-29 13:26:00,10.1310,10.1430,10.1080,10.1250,442876
2011-06-29 13:25:00,10.1290,10.1420,10.1080,10.1280,516880
2011-06-29 13:24:00,10.1250,10.1390,10.1040,10.1240,145040
2011-06-29 13:23:00,10.1240,10.1390,10.1040,10.1210,174832
2011-06-29 13:22:00,10.1250,10.1410,10.1050,10.1200,688044
2011-06-29 13:21:00,10.1250,10.1370,10.1040,10.1220,163884
2011-06-29 13:20:00,10.1240,10.1350,10.1020,10.1210,332108
2011-06-29 13:19:00,10.1250,10.1350,10.1020,10.1200,174524
2011-06-29 13:18:00,10.1240,10.1360,10.1020,10.1180,384496
2011-06-29 13:17:00,10.1240,10.1360,10.1030,10.1210,310996
2011-06-29 13:16:00,10.1220,10.1360,10.1020,10.1190,350784
2011-06-29 13:15:00,10.1240,10.1360,10.1020,10.1190,882448
2011-06-29 13:14:00,10.1240,10.1350,10.1020,10.1210,297080
2011-06-29 13:13:00,10.1210,10.1350,10.1010,10.1190,832188
2011-06-29 13:12:00,10.1310,10.1420,10.1020,10.1190,622496
2011-06-29 13:11:00,10.1330,10.1450,10.1080,10.1260,586684
2011-06-29 13:10:00,10.1260,10.1430,10.1040,10.1290,812308
2011-06-29 13:09:00,10.1220,10.1370,10.0990,10.1230,374948
2011-06-29 13:08:00,10.1220,10.1340,10.1000,10.1180,614992
2011-06-29 13:07:00,10.1170,10.1340,10.0970,10.1190,472584
2011-06-29 13:06:00,10.1240,10.1360,10.0970,10.1140,1044820
2011-06-29 13:05:00,10.1280,10.1390,10.1040,10.1190,710808
2011-06-29 13:04:00,10.1270,10.1400,10.1070,10.1240,161112
2011-06-29 13:03:00,10.1260,10.1410,10.1060,10.1230,395248
2011-06-29 13:02:00,10.1300,10.1400,10.1060,10.1220,163884
2011-06-29 13:01:00,10.1270,10.1400,10.1060,10.1250,454076
2011-06-29 13:00:00,10.1290,10.1390,10.1070,10.1250,210224
2011-06-29 12:59:00,10.1300,10.1410,10.1090,10.1270,165872
2011-06-29 12:58:00,10.1320,10.1420,10.1090,10.1250,122976
2011-06-29 12:57:00,10.1310,10.1430,10.1110,10.1290,204792
2011-06-29 12:56:00,10.1290,10.1420,10.1090,10.1270,96880
2011-06-29 12:55:00,10.1300,10.1440,10.1090,10.1260,829640
2011-06-29 12:54:00,10.1270,10.1430,10.1070,10.1250,181916
2011-06-29 12:53:00,10.1320,10.1440,10.1080,10.1240,143444
2011-06-29 12:52:00,10.1320,10.1450,10.1110,10.1300,213780
2011-06-29 12:51:00,10.1340,10.1500,10.1120,10.1300,461580
2011-06-29 12:50:00,10.1330,10.1450,10.1130,10.1310,151704
2011-06-29 12:49:00,10.1330,10.1440,10.1110,10.1290,130984
2011-06-29 12:48:00,10.1320,10.1470,10.1110,10.1300,433328
2011-06-29 12:47:00,10.1280,10.1420,10.1070,10.1280,303044
2011-06-29 12:46:00,10.1260,10.1380,10.1060,10.1230,207172
2011-06-29 12:45:00,10.1290,10.1390,10.1060,10.1220,416444
2011-06-29 12:44:00,10.1260,10.1390,10.1060,10.1250,124824
2011-06-29 12:43:00,10.1270,10.1390,10.1040,10.1210,229992
2011-06-29 12:42:00,10.1270,10.1380,10.1040,10.1230,185444
2011-06-29 12:41:00,10.1260,10.1380,10.1060,10.1230,137424
2011-06-29 12:40:00,10.1260,10.1370,10.1050,10.1230,288540
2011-06-29 12:39:00,10.1240,10.1390,10.1050,10.1210,198520
2011-06-29 12:38:00,10.1290,10.1400,10.1050,10.1210,614852
2011-06-29 12:37:00,10.1270,10.1390,10.1070,10.1250,244944
2011-06-29 12:36:00,10.1280,10.1380,10.1060,10.1230,146608
2011-06-29 12:35:00,10.1260,10.1390,10.1050,10.1240,192080
2011-06-29 12:34:00,10.1250,10.1400,10.1050,10.1220,380352
2011-06-29 12:33:00,10.1240,10.1360,10.1010,10.1220,389200
2011-06-29 12:32:00,10.1280,10.1380,10.1000,10.1220,825720
2011-06-29 12:31:00,10.1300,10.1430,10.1080,10.1240,500892
2011-06-29 12:30:00,10.1330,10.1430,10.1090,10.1260,283024
2011-06-29 12:29:00,10.1370,10.1480,10.1130,10.1290,545300
2011-06-29 12:28:00,10.1390,10.1510,10.1180,10.1330,228648
2011-06-29 12:27:00,10.1410,10.1520,10.1170,10.1350,220444
2011-06-29 12:26:00,10.1420,10.1540,10.1200,10.1380,242200
2011-06-29 12:25:00,10.1370,10.1530,10.1180,10.1390,162400
2011-06-29 12:24:00,10.1370,10.1490,10.1160,10.1330,141820
2011-06-29 12:23:00,10.1370,10.1490,10.1160,10.1340,131880
2011-06-29 12:22:00,10.1380,10.1500,10.1170,10.1330,259280
2011-06-29 12:21:00,10.1400,10.1530,10.1190,10.1350,254016
2011-06-29 12:20:00,10.1420,10.1520,10.1200,10.1360,62468
2011-06-29 12:19:00,10.1430,10.1540,10.1200,10.1370,265496
2011-06-29 12:18:00,10.1430,10.1540,10.1220,10.1390,225960
2011-06-29 12:17:00,10.1410,10.1520,10.1200,10.1380,93800
2011-06-29 12:16:00,10.1370,10.1510,10.1150,10.1350,767004
2011-06-29 12:15:00,10.1370,10.1500,10.1140,10.1330,723800
2011-06-29 12:14:00,10.1380,10.1530,10.1170,10.1340,336252
2011-06-29 12:13:00,10.1400,10.1500,10.1160,10.1340,288820
2011-06-29 12:12:00,10.1420,10.1540,10.1200,10.1360,124600
2011-06-29 12:11:00,10.1410,10.1540,10.1190,10.1380,348600
2011-06-29 12:10:00,10.1480,10.1580,10.1210,10.1370,279076
2011-06-29 12:09:00,10.1460,10.1580,10.1250,10.1440,282800
2011-06-29 12:08:00,10.1460,10.1580,10.1250,10.1430,184100
2011-06-29 12:07:00,10.1450,10.1570,10.1240,10.1420,189056
2011-06-29 12:06:00,10.1440,10.1560,10.1210,10.1410,399952
2011-06-29 12:05:00,10.1440,10.1560,10.1200,10.1410,710724
2011-06-29 12:04:00,10.1370,10.1600,10.1180,10.1400,1687588
2011-06-29 12:03:00,10.1350,10.1480,10.1120,10.1340,261828
2011-06-29 12:02:00,10.1240,10.1460,10.1030,10.1300,497336
2011-06-29 12:01:00,10.1270,10.1410,10.1030,10.1200,551516
2011-06-29 12:00:00,10.1330,10.1430,10.1050,10.1220,645148
2011-06-29 11:59:00,10.1300,10.1430,10.1080,10.1280,244496
2011-06-29 11:58:00,10.1300,10.1430,10.1090,10.1260,301280
2011-06-29 11:57:00,10.1320,10.1460,10.1090,10.1260,289576
2011-06-29 11:56:00,10.1350,10.1460,10.1120,10.1290,192752
2011-06-29 11:55:00,10.1320,10.1510,10.1120,10.1320,870940
2011-06-29 11:54:00,10.1300,10.1430,10.1080,10.1290,391888
2011-06-29 11:53:00,10.1240,10.1400,10.1030,10.1260,285600
2011-06-29 11:52:00,10.1240,10.1430,10.1050,10.1220,333788
2011-06-29 11:51:00,10.1320,10.1420,10.1030,10.1210,470204
2011-06-29 11:50:00,10.1270,10.1430,10.1060,10.1290,228816
2011-06-29 11:49:00,10.1350,10.1460,10.1060,10.1220,501396
2011-06-29 11:48:00,10.1300,10.1450,10.1090,10.1310,455672
2011-06-29 11:47:00,10.1250,10.1410,10.1050,10.1260,329812
2011-06-29 11:46:00,10.1200,10.1380,10.1000,10.1210,444248
2011-06-29 11:45:00,10.1240,10.1380,10.1000,10.1170,643188
2011-06-29 11:44:00,10.1250,10.1370,10.1040,10.1210,285712
2011-06-29 11:43:00,10.1310,10.1430,10.1060,10.1220,242060
2011-06-29 11:42:00,10.1250,10.1430,10.1040,10.1280,445200
2011-06-29 11:41:00,10.1220,10.1360,10.1010,10.1220,951636
2011-06-29 11:40:00,10.1290,10.1390,10.1020,10.1180,1476916
2011-06-29 11:39:00,10.1280,10.1410,10.1060,10.1260,315560
2011-06-29 11:38:00,10.1280,10.1400,10.1040,10.1250,485184
2011-06-29 11:37:00,10.1340,10.1450,10.1090,10.1240,385840
2011-06-29 11:36:00,10.1350,10.1460,10.1090,10.1290,282996
2011-06-29 11:35:00,10.1230,10.1470,10.1020,10.1320,1248520
2011-06-29 11:34:00,10.1330,10.1440,10.1020,10.1180,1243144
2011-06-29 11:33:00,10.1360,10.1480,10.1120,10.1290,333564
2011-06-29 11:32:00,10.1400,10.1510,10.1160,10.1340,478968
2011-06-29 11:31:00,10.1340,10.1510,10.1140,10.1370,669144
2011-06-29 11:30:00,10.1310,10.1460,10.1100,10.1300,783524
2011-06-29 11:29:00,10.1360,10.1460,10.1110,10.1280,722932
2011-06-29 11:28:00,10.1400,10.1520,10.1110,10.1310,932456
2011-06-29 11:27:00,10.1470,10.1590,10.1190,10.1370,977536
2011-06-29 11:26:00,10.1450,10.1590,10.1250,10.1440,422576
2011-06-29 11:25:00,10.1440,10.1600,10.1220,10.1410,1655472
2011-06-29 11:24:00,10.1490,10.1630,10.1250,10.1410,1201592
2011-06-29 11:23:00,10.1490,10.1640,10.1290,10.1450,580972
2011-06-29 11:22:00,10.1510,10.1630,10.1270,10.1450,749784
2011-06-29 11:21:00,10.1510,10.1640,10.1290,10.1470,879760
2011-06-29 11:20:00,10.1490,10.1620,10.1260,10.1470,1018192
2011-06-29 11:19:00,10.1550,10.1660,10.1260,10.1470,823396
2011-06-29 11:18:00,10.1540,10.1650,10.1290,10.1510,1162364
2011-06-29 11:17:00,10.1530,10.1670,10.1320,10.1510,1356796
2011-06-29 11:16:00,10.1710,10.1810,10.1340,10.1500,2687188
2011-06-29 11:15:00,10.1730,10.1830,10.1490,10.1680,1082256
2011-06-29 11:14:00,10.1760,10.1880,10.1520,10.1680,713776
2011-06-29 11:13:00,10.1690,10.1860,10.1480,10.1700,1035692
2011-06-29 11:12:00,10.1810,10.1920,10.1470,10.1650,1379168
2011-06-29 11:11:00,10.1830,10.1940,10.1610,10.1760,440160
2011-06-29 11:10:00,10.1880,10.2010,10.1620,10.1790,480284
2011-06-29 11:09:00,10.1850,10.1980,10.1620,10.1830,556472
2011-06-29 11:08:00,10.1820,10.2000,10.1620,10.1820,445256
2011-06-29 11:07:00,10.1880,10.1990,10.1610,10.1780,775936
2011-06-29 11:06:00,10.1800,10.1980,10.1600,10.1820,871444
2011-06-29 11:05:00,10.1820,10.1950,10.1590,10.1770,897064
2011-06-29 11:04:00,10.1780,10.1940,10.1570,10.1790,702296
2011-06-29 11:03:00,10.1850,10.1970,10.1570,10.1750,1057084
2011-06-29 11:02:00,10.1860,10.1970,10.1640,10.1820,512232
2011-06-29 11:01:00,10.1850,10.1980,10.1600,10.1790,838124
2011-06-29 11:00:00,10.1950,10.2080,10.1630,10.1810,2183888
2011-06-29 10:59:00,10.1860,10.2050,10.1640,10.1880,2274468
2011-06-29 10:58:00,10.1790,10.1970,10.1580,10.1810,677404
2011-06-29 10:57:00,10.1840,10.1950,10.1580,10.1750,1311212
2011-06-29 10:56:00,10.1690,10.1950,10.1490,10.1810,1297296
2011-06-29 10:55:00,10.1710,10.1850,10.1480,10.1660,756420
2011-06-29 10:54:00,10.1710,10.1850,10.1480,10.1680,977088
2011-06-29 10:53:00,10.1590,10.1830,10.1380,10.1680,1686412
2011-06-29 10:52:00,10.1680,10.1800,10.1370,10.1530,932932
2011-06-29 10:51:00,10.1730,10.1860,10.1480,10.1650,564928
2011-06-29 10:50:00,10.1710,10.1840,10.1470,10.1690,1073044
2011-06-29 10:49:00,10.1700,10.1850,10.1470,10.1680,1610784
2011-06-29 10:48:00,10.1680,10.1800,10.1450,10.1660,596736
2011-06-29 10:47:00,10.1640,10.1810,10.1440,10.1650,810348
2011-06-29 10:46:00,10.1640,10.1770,10.1410,10.1590,402920
2011-06-29 10:45:00,10.1690,10.1810,10.1370,10.1600,1243480
2011-06-29 10:44:00,10.1690,10.1840,10.1480,10.1650,645596
2011-06-29 10:43:00,10.1760,10.1870,10.1480,10.1640,721448
2011-06-29 10:42:00,10.1770,10.1930,10.1500,10.1710,1077272
2011-06-29 10:41:00,10.1700,10.1880,10.1440,10.1740,1236788
2011-06-29 10:40:00,10.1710,10.1820,10.1430,10.1650,1156008
2011-06-29 10:39:00,10.1650,10.1810,10.1420,10.1670,1572452
2011-06-29 10:38:00,10.1440,10.1760,10.1240,10.1610,3011400
2011-06-29 10:37:00,10.1430,10.1550,10.1200,10.1390,575904
2011-06-29 10:36:00,10.1450,10.1570,10.1230,10.1390,681940
2011-06-29 10:35:00,10.1460,10.1580,10.1200,10.1420,2199512
2011-06-29 10:34:00,10.1370,10.1570,10.1160,10.1410,1609104
2011-06-29 10:33:00,10.1280,10.1490,10.1050,10.1320,1411788
2011-06-29 10:32:00,10.1200,10.1390,10.1000,10.1250,914256
2011-06-29 10:31:00,10.1230,10.1380,10.0970,10.1160,918456
2011-06-29 10:30:00,10.1280,10.1450,10.1020,10.1180,708792
2011-06-29 10:29:00,10.1200,10.1400,10.0980,10.1240,1568868
2011-06-29 10:28:00,10.1220,10.1340,10.0980,10.1160,356076
2011-06-29 10:27:00,10.1240,10.1360,10.0980,10.1190,1160656
2011-06-29 10:26:00,10.1300,10.1440,10.1000,10.1200,1901396
2011-06-29 10:25:00,10.1410,10.1530,10.1110,10.1270,1671460
2011-06-29 10:24:00,10.1390,10.1570,10.1190,10.1370,1203076
2011-06-29 10:23:00,10.1390,10.1510,10.1110,10.1370,1229424
2011-06-29 10:22:00,10.1350,10.1560,10.1150,10.1340,1843352
2011-06-29 10:21:00,10.1260,10.1450,10.1030,10.1310,1433740
2011-06-29 10:20:00,10.1230,10.1400,10.1020,10.1240,677824
2011-06-29 10:19:00,10.1270,10.1430,10.1040,10.1200,855820
2011-06-29 10:18:00,10.1330,10.1450,10.1030,10.1220,1300096
2011-06-29 10:17:00,10.1210,10.1440,10.1010,10.1300,1626884
2011-06-29 10:16:00,10.1250,10.1410,10.1010,10.1190,2158184
2011-06-29 10:15:00,10.1240,10.1370,10.0990,10.1220,1530284
2011-06-29 10:14:00,10.1180,10.1350,10.0950,10.1200,1345708
2011-06-29 10:13:00,10.1070,10.1300,10.0870,10.1160,1058036
2011-06-29 10:12:00,10.1070,10.1220,10.0820,10.1020,1462104
2011-06-29 10:11:00,10.1140,10.1280,10.0830,10.1040,1198428
2011-06-29 10:10:00,10.1030,10.1270,10.0800,10.1100,1251796
2011-06-29 10:09:00,10.1100,10.1210,10.0840,10.1000,363972
2011-06-29 10:08:00,10.0940,10.1250,10.0740,10.1090,1410556
2011-06-29 10:07:00,10.1000,10.1130,10.0730,10.0910,1560524
2011-06-29 10:06:00,10.1110,10.1240,10.0760,10.0970,2043776
2011-06-29 10:05:00,10.1090,10.1280,10.0880,10.1080,1716120
2011-06-29 10:04:00,10.1080,10.1210,10.0810,10.1060,898632
2011-06-29 10:03:00,10.0950,10.1190,10.0710,10.1030,1131844
2011-06-29 10:02:00,10.1040,10.1160,10.0710,10.0890,3294564
2011-06-29 10:01:00,10.1150,10.1290,10.0850,10.1010,1047340
2011-06-29 10:00:00,10.1260,10.1400,10.0870,10.1120,2877476
2011-06-29 09:59:00,10.1200,10.1360,10.0950,10.1210,1064812
2011-06-29 09:58:00,10.1200,10.1340,10.0990,10.1150,375872
2011-06-29 09:57:00,10.1190,10.1340,10.0930,10.1150,1115856
2011-06-29 09:56:00,10.1190,10.1400,10.0990,10.1150,830900
2011-06-29 09:55:00,10.1200,10.1330,10.0930,10.1140,765576
2011-06-29 09:54:00,10.1160,10.1320,10.0950,10.1140,932400
2011-06-29 09:53:00,10.1230,10.1370,10.0950,10.1130,1312332
2011-06-29 09:52:00,10.1310,10.1410,10.0980,10.1200,1440348
2011-06-29 09:51:00,10.1330,10.1470,10.1090,10.1300,1022560
2011-06-29 09:50:00,10.1370,10.1510,10.1080,10.1280,1718276
2011-06-29 09:49:00,10.1320,10.1560,10.1110,10.1290,3130260
2011-06-29 09:48:00,10.1260,10.1470,10.1030,10.1280,1973328
2011-06-29 09:47:00,10.1110,10.1380,10.0900,10.1230,2217852
2011-06-29 09:46:00,10.1170,10.1320,10.0880,10.1080,1874348
2011-06-29 09:45:00,10.1010,10.1310,10.0790,10.1130,2048172
2011-06-29 09:44:00,10.1030,10.1180,10.0780,10.0970,1717408
2011-06-29 09:43:00,10.0970,10.1180,10.0780,10.1000,1444884
2011-06-29 09:42:00,10.1110,10.1290,10.0780,10.0940,1773128
2011-06-29 09:41:00,10.1090,10.1300,10.0840,10.1090,2116744
2011-06-29 09:40:00,10.1060,10.1200,10.0800,10.1030,2832592
2011-06-29 09:39:00,10.1150,10.1300,10.0860,10.1020,2328956
2011-06-29 09:38:00,10.1230,10.1430,10.0930,10.1130,2408364
2011-06-29 09:37:00,10.1230,10.1450,10.0990,10.1190,2059428
2011-06-29 09:36:00,10.1260,10.1470,10.0990,10.1190,3111304
2011-06-29 09:35:00,10.1570,10.1680,10.0990,10.1220,4478040
2011-06-29 09:34:00,10.1650,10.1890,10.1370,10.1540,2233392
2011-06-29 09:33:00,10.1580,10.1900,10.1370,10.1620,3061772
2011-06-29 09:32:00,10.1500,10.1760,10.1280,10.1540,3710252
2011-06-29 09:31:00,10.1570,10.1760,10.1190,10.1460,3541804
2011-06-29 09:30:00,10.1890,10.2100,10.1260,10.1530,4063696
2011-06-29 09:29:00,10.1940,10.2060,10.1660,10.1860,211680
2011-06-29 09:28:00,10.1810,10.2060,10.1610,10.1920,214200
2011-06-29 09:27:00,10.1830,10.1930,10.1610,10.1770,78400
2011-06-29 09:26:00,10.1930,10.2040,10.1680,10.1850,152040
2011-06-29 09:25:00,10.2000,10.2100,10.1730,10.1890,50848
2011-06-29 09:23:00,10.2030,10.2140,10.1810,10.1990,19880
2011-06-29 09:22:00,10.2010,10.2110,10.1800,10.1960,14000
2011-06-29 09:20:00,10.2010,10.2190,10.1810,10.2010,47600
2011-06-29 09:19:00,10.1930,10.2070,10.1730,10.1930,54376
2011-06-29 09:18:00,10.1980,10.2080,10.1740,10.1890,53200
2011-06-29 09:17:00,10.1970,10.2120,10.1760,10.1940,81200
2011-06-29 09:16:00,10.2030,10.2140,10.1760,10.1930,134960
2011-06-29 09:15:00,10.2070,10.2190,10.1840,10.1990,146720
2011-06-29 09:14:00,10.2120,10.2230,10.1850,10.2010,68880
2011-06-29 09:13:00,10.2150,10.2260,10.1960,10.2120,11200
2011-06-29 09:12:00,10.2090,10.2260,10.1900,10.2090,60480
2011-06-29 09:11:00,10.2120,10.2280,10.1900,10.2060,62720
2011-06-29 09:10:00,10.2090,10.2220,10.1900,10.2080,14000
2011-06-29 09:09:00,10.2090,10.2230,10.1850,10.2060,76160
2011-06-29 09:08:00,10.2130,10.2290,10.1870,10.2030,114800
2011-06-29 09:07:00,10.2180,10.2320,10.1910,10.2070,182000
2011-06-29 09:06:00,10.2240,10.2370,10.1980,10.2140,258748
2011-06-29 09:05:00,10.2310,10.2590,10.1960,10.2200,367500
2011-06-29 09:04:00,10.2370,10.2520,10.2110,10.2270,114828
2011-06-29 09:03:00,10.2370,10.2490,10.2150,10.2350,25200
2011-06-29 09:02:00,10.2310,10.2500,10.2110,10.2360,40124
2011-06-29 09:01:00,10.2300,10.2450,10.2090,10.2250,79660
2011-06-29 09:00:00,10.2330,10.2450,10.2060,10.2290,140700
2011-06-29 08:59:00,10.2340,10.2470,10.2120,10.2310,126700
2011-06-29 08:58:00,10.2290,10.2440,10.2080,10.2280,98084
2011-06-29 08:57:00,10.2260,10.2440,10.2060,10.2280,79800
2011-06-29 08:56:00,10.2250,10.2370,10.2050,10.2220,8400
2011-06-29 08:55:00,10.2250,10.2370,10.2030,10.2190,14000
2011-06-29 08:54:00,10.2180,10.2360,10.1930,10.2150,49448
2011-06-29 08:53:00,10.2190,10.2290,10.1990,10.2150,5600
2011-06-29 08:51:00,10.2170,10.2280,10.1970,10.2130,46900
2011-06-29 08:50:00,10.2190,10.2300,10.1960,10.2120,8540
2011-06-29 08:49:00,10.2150,10.2300,10.1950,10.2160,53032
2011-06-29 08:48:00,10.2140,10.2240,10.1940,10.2100,72800
2011-06-29 08:47:00,10.2140,10.2240,10.1930,10.2090,22400
2011-06-29 08:46:00,10.2090,10.2290,10.1850,10.2150,78400
2011-06-29 08:45:00,10.2230,10.2340,10.1930,10.2090,90692
2011-06-29 08:42:00,10.2210,10.2320,10.2000,10.2160,11200
2011-06-29 08:41:00,10.2170,10.2300,10.1970,10.2160,39396
2011-06-29 08:40:00,10.2170,10.2290,10.1960,10.2150,41552
2011-06-29 08:39:00,10.2210,10.2330,10.1980,10.2140,40880
2011-06-29 08:38:00,10.2190,10.2290,10.1990,10.2150,2800
2011-06-29 08:36:00,10.2210,10.2350,10.2010,10.2190,86800
2011-06-29 08:35:00,10.2220,10.2360,10.2020,10.2220,33376
2011-06-29 08:34:00,10.2170,10.2350,10.1970,10.2210,67844
2011-06-29 08:33:00,10.2170,10.2270,10.1970,10.2130,2800
2011-06-29 08:30:00,10.2170,10.2270,10.1940,10.2100,61600
2011-06-29 08:29:00,10.2110,10.2280,10.1910,10.2130,56560
2011-06-29 08:28:00,10.2140,10.2240,10.1910,10.2070,16800
2011-06-29 08:27:00,10.2120,10.2240,10.1930,10.2100,5600
2011-06-29 08:26:00,10.2100,10.2200,10.1900,10.2060,5600
2011-06-29 08:23:00,10.2110,10.2220,10.1910,10.2070,11200
2011-06-29 08:22:00,10.2140,10.2240,10.1900,10.2070,116340
2011-06-29 08:21:00,10.2140,10.2240,10.1940,10.2100,2800
2011-06-29 08:20:00,10.2150,10.2260,10.1960,10.2120,2800
2011-06-29 08:19:00,10.2150,10.2260,10.1940,10.2100,22820
2011-06-29 08:18:00,10.2150,10.2250,10.1940,10.2100,23408
2011-06-29 08:16:00,10.2150,10.2280,10.1950,10.2110,33600
2011-06-29 08:15:00,10.2140,10.2290,10.1950,10.2110,43064
2011-06-29 08:14:00,10.2180,10.2290,10.1950,10.2150,47908
2011-06-29 08:12:00,10.2240,10.2350,10.2040,10.2200,22400
2011-06-29 08:11:00,10.2230,10.2360,10.2010,10.2170,33600
2011-06-29 08:10:00,10.2240,10.2340,10.2040,10.2200,8400
2011-06-29 08:09:00,10.2180,10.2290,10.1970,10.2150,80556
2011-06-29 08:08:00,10.2170,10.2280,10.1970,10.2140,8400
2011-06-29 08:07:00,10.2170,10.2270,10.1970,10.2130,5600
2011-06-29 08:06:00,10.2130,10.2230,10.1930,10.2090,6300
2011-06-29 08:05:00,10.2140,10.2290,10.1900,10.2060,48160
2011-06-29 08:04:00,10.2080,10.2260,10.1880,10.2120,8400
2011-06-29 08:03:00,10.2150,10.2260,10.1960,10.2120,2800
2011-06-29 08:02:00,10.2100,10.2210,10.1900,10.2070,14168
2011-06-29 08:01:00,10.2180,10.2290,10.1880,10.2060,25200
2011-06-29 08:00:00,10.2170,10.2290,10.1840,10.2030,106960
2011-06-29 07:57:00,10.2180,10.2290,10.1990,10.2150,11200
2011-06-29 07:54:00,10.2260,10.2360,10.2030,10.2190,13272
2011-06-29 07:53:00,10.2290,10.2390,10.2090,10.2250,36400
2011-06-29 07:52:00,10.2290,10.2390,10.2090,10.2250,2800
2011-06-29 07:49:00,10.2240,10.2350,10.2050,10.2210,2800
2011-06-29 07:47:00,10.2240,10.2390,10.2050,10.2210,44800
2011-06-29 07:46:00,10.2240,10.2350,10.2050,10.2210,5600
2011-06-29 07:45:00,10.2290,10.2390,10.2090,10.2250,28000
2011-06-29 07:44:00,10.2350,10.2450,10.2150,10.2310,15960
2011-06-29 07:43:00,10.2290,10.2390,10.2090,10.2250,2800
2011-06-29 07:42:00,10.2340,10.2440,10.2140,10.2300,2800
2011-06-29 07:41:00,10.2320,10.2440,10.2120,10.2300,5600
2011-06-29 07:40:00,10.2250,10.2410,10.2050,10.2270,30800
2011-06-29 07:39:00,10.2250,10.2350,10.2050,10.2210,22400
2011-06-29 07:37:00,10.2240,10.2350,10.2040,10.2210,26600
2011-06-29 07:36:00,10.2260,10.2370,10.2050,10.2210,11620
2011-06-29 07:35:00,10.2340,10.2450,10.2150,10.2310,2800
2011-06-29 07:32:00,10.2240,10.2440,10.2050,10.2300,11200
2011-06-29 07:29:00,10.2330,10.2440,10.2140,10.2300,8400
2011-06-29 07:27:00,10.2340,10.2440,10.2140,10.2300,27020
2011-06-29 07:26:00,10.2300,10.2400,10.2100,10.2260,5600
2011-06-29 07:25:00,10.2230,10.2340,10.2040,10.2190,2800
2011-06-29 07:16:00,10.2260,10.2440,10.2060,10.2300,16800
2011-06-29 07:15:00,10.2260,10.2360,10.2060,10.2220,19040
2011-06-29 07:14:00,10.2260,10.2360,10.2060,10.2220,29400
2011-06-29 07:13:00,10.2180,10.2360,10.1990,10.2220,17360
2011-06-29 07:11:00,10.2260,10.2360,10.1990,10.2150,5600
2011-06-29 07:09:00,10.2340,10.2440,10.2140,10.2300,11200
2011-06-29 07:07:00,10.2230,10.2350,10.2020,10.2210,30800
2011-06-29 07:05:00,10.2180,10.2290,10.1980,10.2150,23380
2011-06-29 07:02:00,10.2180,10.2290,10.1990,10.2150,12600
2011-06-29 06:45:00,10.2180,10.2290,10.1990,10.2150,2800
2011-06-29 06:43:00,10.2180,10.2290,10.1990,10.2150,2800
2011-06-29 04:25:00,10.1880,10.1980,10.1680,10.1840,2800
2011-06-29 04:22:00,10.2020,10.2120,10.1820,10.1980,2800
2011-06-29 04:19:00,10.1880,10.1980,10.1680,10.1840,2800
2011-06-28 19:59:00,10.1640,10.1740,10.1380,10.1550,36400
2011-06-28 19:53:00,10.1630,10.1730,10.1430,10.1590,11200
2011-06-28 19:47:00,10.1630,10.1730,10.1430,10.1590,22400
2011-06-28 19:46:00,10.1630,10.1730,10.1430,10.1590,2800
2011-06-28 19:45:00,10.1620,10.1730,10.1430,10.1590,12460
2011-06-28 19:39:00,10.1640,10.1740,10.1440,10.1600,2800
2011-06-28 19:31:00,10.1620,10.1720,10.1420,10.1580,6580
2011-06-28 19:30:00,10.1610,10.1720,10.1390,10.1550,8400
2011-06-28 19:29:00,10.1640,10.1740,10.1420,10.1580,10920
2011-06-28 19:22:00,10.1640,10.1740,10.1440,10.1600,5600
2011-06-28 19:21:00,10.1640,10.1740,10.1440,10.1590,30800
2011-06-28 19:13:00,10.1630,10.1730,10.1430,10.1590,112000
2011-06-28 19:12:00,10.1630,10.1730,10.1410,10.1570,28000
2011-06-28 19:11:00,10.1660,10.1760,10.1460,10.1620,14000
2011-06-28 19:08:00,10.1680,10.1780,10.1460,10.1620,16800
2011-06-28 19:06:00,10.1690,10.1790,10.1490,10.1650,2800
2011-06-28 19:05:00,10.1700,10.1810,10.1500,10.1660,16520
2011-06-28 18:49:00,10.1760,10.1860,10.1560,10.1720,11620
2011-06-28 18:40:00,10.1730,10.1830,10.1530,10.1690,2800
2011-06-28 18:30:00,10.1720,10.1820,10.1520,10.1680,2800
2011-06-28 18:29:00,10.1760,10.1860,10.1560,10.1720,8400
2011-06-28 18:23:00,10.1780,10.1880,10.1580,10.1740,13720
2011-06-28 18:21:00,10.1770,10.1870,10.1570,10.1730,11508
2011-06-28 18:15:00,10.1750,10.1850,10.1550,10.1710,8400
2011-06-28 18:10:00,10.1660,10.1760,10.1460,10.1620,280056
2011-06-28 18:09:00,10.1780,10.1890,10.1580,10.1740,14280
2011-06-28 18:07:00,10.1760,10.1860,10.1560,10.1720,6188
2011-06-28 18:06:00,10.1760,10.1870,10.1560,10.1720,14000
2011-06-28 18:00:00,10.1750,10.1860,10.1550,10.1720,8400
2011-06-28 17:54:00,10.1780,10.1890,10.1580,10.1750,11284
2011-06-28 17:53:00,10.1750,10.1860,10.1560,10.1720,3416
2011-06-28 17:51:00,10.1780,10.1890,10.1590,10.1750,3640
2011-06-28 17:50:00,10.1750,10.1850,10.1550,10.1710,2800
2011-06-28 17:46:00,10.1740,10.1850,10.1550,10.1710,4396
2011-06-28 17:42:00,10.1770,10.1890,10.1580,10.1750,9016
2011-06-28 17:40:00,10.1760,10.1860,10.1560,10.1720,2800
2011-06-28 17:38:00,10.1750,10.1850,10.1550,10.1710,2800
2011-06-28 17:32:00,10.1730,10.1910,10.1530,10.1770,42476
2011-06-28 17:31:00,10.1730,10.1840,10.1540,10.1690,22400
2011-06-28 17:24:00,10.1780,10.1880,10.1580,10.1740,11200
2011-06-28 17:23:00,10.1730,10.1830,10.1530,10.1690,5544
2011-06-28 17:21:00,10.1740,10.1840,10.1530,10.1690,45976
2011-06-28 17:16:00,10.1770,10.1880,10.1580,10.1740,2800
2011-06-28 17:13:00,10.1770,10.1880,10.1580,10.1740,7784
2011-06-28 17:11:00,10.1760,10.1860,10.1560,10.1720,2800
2011-06-28 17:02:00,10.1760,10.1870,10.1560,10.1730,8400
2011-06-28 16:59:00,10.1760,10.1860,10.1560,10.1720,21196
2011-06-28 16:58:00,10.1740,10.1850,10.1550,10.1710,5600
2011-06-28 16:56:00,10.1760,10.1860,10.1560,10.1720,8540
2011-06-28 16:51:00,10.1730,10.1830,10.1530,10.1690,25200
2011-06-28 16:42:00,10.1730,10.1830,10.1380,10.1620,796712
2011-06-28 16:40:00,10.1700,10.1810,10.1500,10.1660,14000
2011-06-28 16:38:00,10.1700,10.1800,10.1500,10.1660,5600
2011-06-28 16:37:00,10.1730,10.1830,10.1530,10.1690,7420
2011-06-28 16:34:00,10.1730,10.1840,10.1540,10.1690,2800
2011-06-28 16:32:00,10.1730,10.1840,10.1540,10.1690,14000
2011-06-28 16:30:00,10.1740,10.1840,10.1420,10.1690,1231496
2011-06-28 16:28:00,10.1660,10.1760,10.1460,10.1620,326312
2011-06-28 16:27:00,10.1740,10.1850,10.1550,10.1710,14000
2011-06-28 16:25:00,10.1740,10.1850,10.1550,10.1710,2800
2011-06-28 16:24:00,10.1740,10.1850,10.1550,10.1710,16800
2011-06-28 16:23:00,10.1740,10.1850,10.1540,10.1710,9800
2011-06-28 16:20:00,10.1750,10.1850,10.1550,10.1710,11200
2011-06-28 16:19:00,10.1780,10.1880,10.1570,10.1730,14000
2011-06-28 16:18:00,10.1770,10.1880,10.1480,10.1700,75320
2011-06-28 16:17:00,10.1790,10.1900,10.1600,10.1760,70700
2011-06-28 16:16:00,10.1810,10.1910,10.1610,10.1770,8400
2011-06-28 16:15:00,10.1820,10.1950,10.1460,10.1640,366044
2011-06-28 16:14:00,10.1760,10.1950,10.1570,10.1810,50400
2011-06-28 16:13:00,10.1750,10.1870,10.1470,10.1680,67200
2011-06-28 16:10:00,10.1770,10.1880,10.1460,10.1690,187600
2011-06-28 16:09:00,10.1770,10.1870,10.1570,10.1720,5600
2011-06-28 16:08:00,10.1760,10.1880,10.1570,10.1730,14000
2011-06-28 16:07:00,10.1770,10.1870,10.1530,10.1700,46760
2011-06-28 16:06:00,10.1780,10.1880,10.1560,10.1720,26180
2011-06-28 16:05:00,10.1750,10.1860,10.1550,10.1720,49000
2011-06-28 16:04:00,10.1700,10.1840,10.1500,10.1690,47600
2011-06-28 16:03:00,10.1700,10.1820,10.1460,10.1680,54348
2011-06-28 16:02:00,10.1640,10.1820,10.1430,10.1680,121492
2011-06-28 16:01:00,10.1640,10.1740,10.1440,10.1600,14000
2011-06-28 16:00:00,10.1660,10.1770,10.1400,10.1620,5980408
2011-06-28 15:59:00,10.1530,10.1790,10.1330,10.1620,3777144
2011-06-28 15:58:00,10.1470,10.1670,10.1270,10.1490,2831220
2011-06-28 15:57:00,10.1400,10.1580,10.1210,10.1430,2184756
2011-06-28 15:56:00,10.1430,10.1540,10.1200,10.1360,1664684
2011-06-28 15:55:00,10.1380,10.1530,10.1150,10.1390,1658048
2011-06-28 15:54:00,10.1440,10.1550,10.1190,10.1350,1098244
2011-06-28 15:53:00,10.1440,10.1550,10.1220,10.1390,735812
2011-06-28 15:52:00,10.1410,10.1570,10.1200,10.1390,933240
2011-06-28 15:51:00,10.1440,10.1550,10.1190,10.1380,855512
2011-06-28 15:50:00,10.1370,10.1580,10.1180,10.1400,1393616
2011-06-28 15:49:00,10.1430,10.1530,10.1170,10.1330,999404
2011-06-28 15:48:00,10.1470,10.1580,10.1200,10.1400,1031828
2011-06-28 15:47:00,10.1470,10.1610,10.1260,10.1440,1066268
2011-06-28 15:46:00,10.1480,10.1590,10.1220,10.1440,1191400
2011-06-28 15:45:00,10.1410,10.1590,10.1180,10.1440,1408596
2011-06-28 15:44:00,10.1370,10.1560,10.1180,10.1380,1057224
2011-06-28 15:43:00,10.1390,10.1520,10.1180,10.1340,971852
2011-06-28 15:42:00,10.1340,10.1500,10.1130,10.1350,867664
2011-06-28 15:41:00,10.1400,10.1500,10.1150,10.1310,560672
2011-06-28 15:40:00,10.1380,10.1510,10.1170,10.1350,523012
2011-06-28 15:39:00,10.1320,10.1500,10.1120,10.1340,1141588
2011-06-28 15:38:00,10.1330,10.1440,10.1080,10.1280,1434104
2011-06-28 15:37:00,10.1380,10.1500,10.1120,10.1280,1180032
2011-06-28 15:36:00,10.1440,10.1570,10.1180,10.1340,1279768
2011-06-28 15:35:00,10.1410,10.1540,10.1190,10.1400,1099672
2011-06-28 15:34:00,10.1450,10.1570,10.1220,10.1370,602252
2011-06-28 15:33:00,10.1470,10.1600,10.1240,10.1420,1113924
2011-06-28 15:32:00,10.1570,10.1680,10.1270,10.1420,960540
2011-06-28 15:31:00,10.1640,10.1750,10.1370,10.1530,609700
2011-06-28 15:30:00,10.1630,10.1750,10.1410,10.1600,336056
2011-06-28 15:29:00,10.1620,10.1730,10.1400,10.1580,415072
2011-06-28 15:28:00,10.1620,10.1730,10.1410,10.1590,194824
2011-06-28 15:27:00,10.1610,10.1730,10.1410,10.1580,561736
2011-06-28 15:26:00,10.1640,10.1760,10.1410,10.1570,627592
2011-06-28 15:25:00,10.1630,10.1750,10.1420,10.1600,411796
2011-06-28 15:24:00,10.1630,10.1750,10.1420,10.1590,561456
2011-06-28 15:23:00,10.1640,10.1750,10.1410,10.1600,468916
2011-06-28 15:22:00,10.1630,10.1770,10.1410,10.1590,508788
2011-06-28 15:21:00,10.1630,10.1750,10.1430,10.1600,350280
2011-06-28 15:20:00,10.1650,10.1750,10.1410,10.1600,407456
2011-06-28 15:19:00,10.1610,10.1760,10.1410,10.1610,332080
2011-06-28 15:18:00,10.1660,10.1770,10.1400,10.1580,662760
2011-06-28 15:17:00,10.1680,10.1800,10.1460,10.1620,380380
2011-06-28 15:16:00,10.1700,10.1820,10.1450,10.1640,413616
2011-06-28 15:15:00,10.1670,10.1830,10.1480,10.1660,365036
2011-06-28 15:14:00,10.1710,10.1810,10.1480,10.1640,386344
2011-06-28 15:13:00,10.1670,10.1830,10.1480,10.1670,214984
2011-06-28 15:12:00,10.1700,10.1830,10.1480,10.1650,462420
2011-06-28 15:11:00,10.1730,10.1840,10.1500,10.1660,879284
2011-06-28 15:10:00,10.1710,10.1840,10.1500,10.1690,723156
2011-06-28 15:09:00,10.1690,10.1820,10.1500,10.1670,715232
2011-06-28 15:08:00,10.1680,10.1810,10.1460,10.1650,371644
2011-06-28 15:07:00,10.1640,10.1780,10.1440,10.1630,344540
2011-06-28 15:06:00,10.1630,10.1750,10.1410,10.1590,475776
2011-06-28 15:05:00,10.1620,10.1740,10.1400,10.1600,451752
2011-06-28 15:04:00,10.1610,10.1740,10.1400,10.1590,868196
2011-06-28 15:03:00,10.1610,10.1710,10.1380,10.1570,255612
2011-06-28 15:02:00,10.1610,10.1710,10.1390,10.1570,295792
2011-06-28 15:01:00,10.1600,10.1730,10.1400,10.1580,177072
2011-06-28 15:00:00,10.1640,10.1750,10.1400,10.1560,353024
2011-06-28 14:59:00,10.1610,10.1740,10.1400,10.1600,642292
2011-06-28 14:58:00,10.1590,10.1730,10.1390,10.1570,311276
2011-06-28 14:57:00,10.1610,10.1710,10.1390,10.1560,281344
2011-06-28 14:56:00,10.1600,10.1720,10.1390,10.1580,247604
2011-06-28 14:55:00,10.1580,10.1710,10.1360,10.1560,296688
2011-06-28 14:54:00,10.1580,10.1710,10.1370,10.1560,329168
2011-06-28 14:53:00,10.1610,10.1710,10.1360,10.1540,367052
2011-06-28 14:52:00,10.1620,10.1730,10.1380,10.1570,433468
2011-06-28 14:51:00,10.1600,10.1720,10.1390,10.1580,199808
2011-06-28 14:50:00,10.1650,10.1750,10.1370,10.1560,1078784
2011-06-28 14:49:00,10.1650,10.1780,10.1440,10.1610,559272
2011-06-28 14:48:00,10.1630,10.1750,10.1430,10.1610,164276
2011-06-28 14:47:00,10.1640,10.1750,10.1410,10.1590,451360
2011-06-28 14:46:00,10.1690,10.1790,10.1420,10.1600,471016
2011-06-28 14:45:00,10.1680,10.1800,10.1470,10.1650,407064
2011-06-28 14:44:00,10.1680,10.1790,10.1460,10.1630,233856
2011-06-28 14:43:00,10.1650,10.1790,10.1420,10.1650,545972
2011-06-28 14:42:00,10.1670,10.1790,10.1430,10.1610,460152
2011-06-28 14:41:00,10.1700,10.1810,10.1430,10.1640,738388
2011-06-28 14:40:00,10.1760,10.1860,10.1510,10.1670,365316
2011-06-28 14:39:00,10.1770,10.1880,10.1520,10.1720,718172
2011-06-28 14:38:00,10.1700,10.1880,10.1500,10.1740,1401372
2011-06-28 14:37:00,10.1690,10.1830,10.1460,10.1660,612864
2011-06-28 14:36:00,10.1680,10.1810,10.1480,10.1650,639856
2011-06-28 14:35:00,10.1660,10.1800,10.1440,10.1650,989660
2011-06-28 14:34:00,10.1620,10.1760,10.1420,10.1620,165060
2011-06-28 14:33:00,10.1630,10.1760,10.1410,10.1590,564032
2011-06-28 14:32:00,10.1590,10.1740,10.1380,10.1600,544208
2011-06-28 14:31:00,10.1620,10.1730,10.1400,10.1570,171528
2011-06-28 14:30:00,10.1590,10.1730,10.1390,10.1580,498036
2011-06-28 14:29:00,10.1550,10.1700,10.1350,10.1560,394576
2011-06-28 14:28:00,10.1570,10.1670,10.1360,10.1520,78036
2011-06-28 14:27:00,10.1540,10.1670,10.1350,10.1530,93212
2011-06-28 14:26:00,10.1520,10.1680,10.1320,10.1520,581560
2011-06-28 14:25:00,10.1540,10.1660,10.1320,10.1490,331100
2011-06-28 14:24:00,10.1530,10.1640,10.1320,10.1490,28000
2011-06-28 14:23:00,10.1590,10.1700,10.1330,10.1490,405776
2011-06-28 14:22:00,10.1570,10.1690,10.1370,10.1550,120736
2011-06-28 14:21:00,10.1560,10.1690,10.1350,10.1530,286496
2011-06-28 14:20:00,10.1540,10.1660,10.1340,10.1520,138180
2011-06-28 14:19:00,10.1540,10.1660,10.1320,10.1500,179368
2011-06-28 14:18:00,10.1530,10.1660,10.1320,10.1520,177352
2011-06-28 14:17:00,10.1520,10.1630,10.1310,10.1480,53200
2011-06-28 14:16:00,10.1510,10.1640,10.1310,10.1480,137620
2011-06-28 14:15:00,10.1460,10.1610,10.1260,10.1450,327292
2011-06-28 14:14:00,10.1480,10.1590,10.1260,10.1430,362292
2011-06-28 14:13:00,10.1500,10.1610,10.1260,10.1440,338912
2011-06-28 14:12:00,10.1500,10.1630,10.1290,10.1460,333508
2011-06-28 14:11:00,10.1520,10.1640,10.1290,10.1450,306432
2011-06-28 14:10:00,10.1530,10.1660,10.1320,10.1490,413112
2011-06-28 14:09:00,10.1530,10.1630,10.1310,10.1490,259616
2011-06-28 14:08:00,10.1530,10.1630,10.1310,10.1490,163072
2011-06-28 14:07:00,10.1560,10.1680,10.1310,10.1480,444808
2011-06-28 14:06:00,10.1580,10.1710,10.1340,10.1510,397880
2011-06-28 14:05:00,10.1600,10.1710,10.1380,10.1560,176400
2011-06-28 14:04:00,10.1630,10.1740,10.1400,10.1550,414904
2011-06-28 14:03:00,10.1600,10.1730,10.1390,10.1590,220808
2011-06-28 14:02:00,10.1600,10.1720,10.1390,10.1560,488572
2011-06-28 14:01:00,10.1570,10.1700,10.1370,10.1560,275856
2011-06-28 14:00:00,10.1580,10.1690,10.1320,10.1530,630056
2011-06-28 13:59:00,10.1570,10.1700,10.1370,10.1540,271488
2011-06-28 13:58:00,10.1600,10.1710,10.1370,10.1540,375872
2011-06-28 13:57:00,10.1610,10.1710,10.1370,10.1560,281568
2011-06-28 13:56:00,10.1570,10.1720,10.1360,10.1560,890456
2011-06-28 13:55:00,10.1540,10.1680,10.1320,10.1530,960512
2011-06-28 13:54:00,10.1520,10.1680,10.1320,10.1520,366996
2011-06-28 13:53:00,10.1500,10.1630,10.1290,10.1470,167664
2011-06-28 13:52:00,10.1530,10.1650,10.1300,10.1460,337344
2011-06-28 13:51:00,10.1520,10.1650,10.1320,10.1490,152544
2011-06-28 13:50:00,10.1540,10.1650,10.1310,10.1480,182000
2011-06-28 13:49:00,10.1550,10.1680,10.1340,10.1500,434224
2011-06-28 13:48:00,10.1530,10.1670,10.1300,10.1530,648340
2011-06-28 13:47:00,10.1530,10.1650,10.1290,10.1500,517580
2011-06-28 13:46:00,10.1500,10.1650,10.1280,10.1490,578116
2011-06-28 13:45:00,10.1470,10.1620,10.1230,10.1470,636720
2011-06-28 13:44:00,10.1470,10.1570,10.1240,10.1420,142800
2011-06-28 13:43:00,10.1470,10.1580,10.1230,10.1440,713160
2011-06-28 13:42:00,10.1500,10.1620,10.1280,10.1430,308280
2011-06-28 13:41:00,10.1500,10.1630,10.1270,10.1470,532168
2011-06-28 13:40:00,10.1490,10.1620,10.1270,10.1470,276724
2011-06-28 13:39:00,10.1520,10.1650,10.1280,10.1440,429072
2011-06-28 13:38:00,10.1440,10.1630,10.1240,10.1490,1022336
2011-06-28 13:37:00,10.1410,10.1560,10.1200,10.1400,438088
2011-06-28 13:36:00,10.1390,10.1520,10.1190,10.1360,174944
2011-06-28 13:35:00,10.1390,10.1510,10.1180,10.1350,198660
2011-06-28 13:34:00,10.1420,10.1530,10.1180,10.1360,375200
2011-06-28 13:33:00,10.1440,10.1550,10.1180,10.1380,387996
2011-06-28 13:32:00,10.1440,10.1560,10.1240,10.1420,319704
2011-06-28 13:31:00,10.1440,10.1560,10.1240,10.1410,136500
2011-06-28 13:30:00,10.1440,10.1560,10.1230,10.1410,80836
2011-06-28 13:29:00,10.1460,10.1560,10.1230,10.1390,242676
2011-06-28 13:28:00,10.1480,10.1590,10.1240,10.1410,232512
2011-06-28 13:27:00,10.1480,10.1600,10.1270,10.1450,254016
2011-06-28 13:26:00,10.1430,10.1590,10.1230,10.1440,212240
2011-06-28 13:25:00,10.1440,10.1550,10.1220,10.1390,201684
2011-06-28 13:24:00,10.1400,10.1550,10.1200,10.1390,263312
2011-06-28 13:23:00,10.1450,10.1560,10.1200,10.1360,466900
2011-06-28 13:22:00,10.1480,10.1600,10.1270,10.1420,167468
2011-06-28 13:21:00,10.1490,10.1590,10.1270,10.1440,99400
2011-06-28 13:20:00,10.1470,10.1590,10.1250,10.1450,319032
2011-06-28 13:19:00,10.1530,10.1630,10.1270,10.1430,191912
2011-06-28 13:18:00,10.1510,10.1650,10.1310,10.1480,220556
2011-06-28 13:17:00,10.1540,10.1670,10.1310,10.1480,464184
2011-06-28 13:16:00,10.1510,10.1670,10.1320,10.1490,769804
2011-06-28 13:15:00,10.1470,10.1630,10.1270,10.1490,330484
2011-06-28 13:14:00,10.1440,10.1580,10.1240,10.1440,641452
2011-06-28 13:13:00,10.1420,10.1560,10.1190,10.1420,672896
2011-06-28 13:12:00,10.1450,10.1570,10.1220,10.1380,326144
2011-06-28 13:11:00,10.1480,10.1600,10.1240,10.1400,428848
2011-06-28 13:10:00,10.1470,10.1610,10.1250,10.1460,356356
2011-06-28 13:09:00,10.1550,10.1650,10.1260,10.1440,861448
2011-06-28 13:08:00,10.1470,10.1650,10.1270,10.1510,663152
2011-06-28 13:07:00,10.1430,10.1630,10.1230,10.1450,1410948
2011-06-28 13:06:00,10.1420,10.1540,10.1210,10.1390,357392
2011-06-28 13:05:00,10.1440,10.1580,10.1190,10.1370,1073436
2011-06-28 13:04:00,10.1340,10.1550,10.1150,10.1390,1250984
2011-06-28 13:03:00,10.1310,10.1470,10.1080,10.1310,1758288
2011-06-28 13:02:00,10.1400,10.1530,10.1120,10.1270,1933372
2011-06-28 13:01:00,10.1440,10.1570,10.1200,10.1370,1099560
2011-06-28 13:00:00,10.1460,10.1560,10.1230,10.1400,722456
2011-06-28 12:59:00,10.1510,10.1620,10.1250,10.1420,763196
2011-06-28 12:58:00,10.1500,10.1630,10.1300,10.1470,236040
2011-06-28 12:57:00,10.1540,10.1660,10.1300,10.1460,683704
2011-06-28 12:56:00,10.1530,10.1650,10.1320,10.1500,424424
2011-06-28 12:55:00,10.1490,10.1630,10.1280,10.1490,617456
2011-06-28 12:54:00,10.1530,10.1640,10.1290,10.1450,804272
2011-06-28 12:53:00,10.1570,10.1680,10.1320,10.1480,789516
2011-06-28 12:52:00,10.1560,10.1700,10.1320,10.1540,1185128
2011-06-28 12:51:00,10.1620,10.1720,10.1360,10.1520,1178408
2011-06-28 12:50:00,10.1660,10.1790,10.1430,10.1590,223356
2011-06-28 12:49:00,10.1670,10.1800,10.1470,10.1630,216440
2011-06-28 12:48:00,10.1680,10.1800,10.1460,10.1620,314804
2011-06-28 12:47:00,10.1620,10.1790,10.1410,10.1650,383768
2011-06-28 12:46:00,10.1680,10.1780,10.1410,10.1590,253372
2011-06-28 12:45:00,10.1690,10.1810,10.1460,10.1630,370832
2011-06-28 12:44:00,10.1670,10.1780,10.1440,10.1630,342972
2011-06-28 12:43:00,10.1680,10.1800,10.1470,10.1640,268268
2011-06-28 12:42:00,10.1720,10.1830,10.1480,10.1640,450548
2011-06-28 12:41:00,10.1690,10.1830,10.1490,10.1670,331156
2011-06-28 12:40:00,10.1690,10.1800,10.1450,10.1640,385728
2011-06-28 12:39:00,10.1680,10.1810,10.1470,10.1650,322224
2011-06-28 12:38:00,10.1670,10.1790,10.1450,10.1640,371952
2011-06-28 12:37:00,10.1660,10.1770,10.1440,10.1630,209188
2011-06-28 12:36:00,10.1640,10.1770,10.1430,10.1600,168280
2011-06-28 12:35:00,10.1640,10.1770,10.1450,10.1610,194152
2011-06-28 12:34:00,10.1660,10.1770,10.1430,10.1600,268100
2011-06-28 12:33:00,10.1640,10.1770,10.1430,10.1620,522032
2011-06-28 12:32:00,10.1630,10.1740,10.1420,10.1590,458668
2011-06-28 12:31:00,10.1610,10.1730,10.1400,10.1590,786660
2011-06-28 12:30:00,10.1650,10.1780,10.1420,10.1580,399000
2011-06-28 12:29:00,10.1650,10.1780,10.1450,10.1610,497252
2011-06-28 12:28:00,10.1670,10.1780,10.1420,10.1610,1393756
2011-06-28 12:27:00,10.1730,10.1830,10.1480,10.1630,478380
2011-06-28 12:26:00,10.1730,10.1850,10.1530,10.1690,322700
2011-06-28 12:25:00,10.1700,10.1840,10.1510,10.1680,192612
2011-06-28 12:24:00,10.1730,10.1840,10.1500,10.1650,156688
2011-06-28 12:23:00,10.1750,10.1870,10.1540,10.1690,205800
2011-06-28 12:22:00,10.1720,10.1870,10.1520,10.1730,449316
2011-06-28 12:21:00,10.1720,10.1840,10.1510,10.1680,117880
2011-06-28 12:20:00,10.1680,10.1840,10.1480,10.1690,613256
2011-06-28 12:19:00,10.1690,10.1810,10.1490,10.1650,367052
2011-06-28 12:18:00,10.1710,10.1820,10.1490,10.1660,701064
2011-06-28 12:17:00,10.1740,10.1850,10.1510,10.1670,434756
2011-06-28 12:16:00,10.1730,10.1840,10.1520,10.1690,265776
2011-06-28 12:15:00,10.1730,10.1850,10.1520,10.1710,400148
2011-06-28 12:14:00,10.1720,10.1850,10.1520,10.1700,310296
2011-06-28 12:13:00,10.1760,10.1870,10.1520,10.1680,303744
2011-06-28 12:12:00,10.1740,10.1870,10.1550,10.1730,314720
2011-06-28 12:11:00,10.1740,10.1850,10.1530,10.1700,117040
2011-06-28 12:10:00,10.1750,10.1860,10.1530,10.1700,151480
2011-06-28 12:09:00,10.1740,10.1860,10.1540,10.1700,246204
2011-06-28 12:08:00,10.1720,10.1860,10.1520,10.1700,259952
2011-06-28 12:07:00,10.1730,10.1870,10.1520,10.1690,264460
2011-06-28 12:06:00,10.1750,10.1860,10.1530,10.1690,241976
2011-06-28 12:05:00,10.1800,10.1900,10.1550,10.1710,362656
2011-06-28 12:04:00,10.1720,10.1920,10.1520,10.1750,605836
2011-06-28 12:03:00,10.1760,10.1860,10.1520,10.1680,381108
2011-06-28 12:02:00,10.1780,10.1910,10.1570,10.1730,436044
2011-06-28 12:01:00,10.1780,10.1900,10.1570,10.1730,140000
2011-06-28 12:00:00,10.1770,10.1900,10.1560,10.1730,435596
2011-06-28 11:59:00,10.1760,10.1880,10.1550,10.1740,205996
2011-06-28 11:58:00,10.1770,10.1910,10.1580,10.1730,227360
2011-06-28 11:57:00,10.1760,10.1890,10.1560,10.1730,216104
2011-06-28 11:56:00,10.1770,10.1880,10.1540,10.1710,428316
2011-06-28 11:55:00,10.1790,10.1910,10.1550,10.1730,478380
2011-06-28 11:54:00,10.1800,10.1930,10.1590,10.1760,265636
2011-06-28 11:53:00,10.1810,10.1930,10.1600,10.1790,144368
2011-06-28 11:52:00,10.1810,10.1920,10.1580,10.1780,464800
2011-06-28 11:51:00,10.1870,10.1970,10.1550,10.1750,1690752
2011-06-28 11:50:00,10.1870,10.2010,10.1660,10.1830,463680
2011-06-28 11:49:00,10.1880,10.1990,10.1650,10.1830,368984
2011-06-28 11:48:00,10.1880,10.2010,10.1680,10.1850,664720
2011-06-28 11:47:00,10.1870,10.2000,10.1670,10.1840,525784
2011-06-28 11:46:00,10.1830,10.2000,10.1630,10.1830,905072
2011-06-28 11:45:00,10.1810,10.1950,10.1610,10.1790,264488
2011-06-28 11:44:00,10.1830,10.1950,10.1590,10.1770,329392
2011-06-28 11:43:00,10.1800,10.1950,10.1600,10.1790,472892
2011-06-28 11:42:00,10.1810,10.1920,10.1590,10.1750,171220
2011-06-28 11:41:00,10.1730,10.1910,10.1540,10.1770,545216
2011-06-28 11:40:00,10.1770,10.1870,10.1520,10.1700,835996
2011-06-28 11:39:00,10.1810,10.1920,10.1560,10.1720,282940
2011-06-28 11:38:00,10.1820,10.1940,10.1600,10.1770,288904
2011-06-28 11:37:00,10.1820,10.1940,10.1600,10.1780,277200
2011-06-28 11:36:00,10.1840,10.1970,10.1610,10.1790,504084
2011-06-28 11:35:00,10.1900,10.2000,10.1640,10.1820,570248
2011-06-28 11:34:00,10.1900,10.2000,10.1660,10.1860,509264
2011-06-28 11:33:00,10.1880,10.1990,10.1650,10.1850,191884
2011-06-28 11:32:00,10.1860,10.2000,10.1660,10.1840,439908
2011-06-28 11:31:00,10.1880,10.2010,10.1660,10.1820,378532
2011-06-28 11:30:00,10.1840,10.1980,10.1640,10.1830,249004
2011-06-28 11:29:00,10.1850,10.1970,10.1640,10.1800,211484
2011-06-28 11:28:00,10.1850,10.1960,10.1630,10.1820,194936
2011-06-28 11:27:00,10.1830,10.1950,10.1610,10.1810,337400
2011-06-28 11:26:00,10.1880,10.1990,10.1610,10.1800,394324
2011-06-28 11:25:00,10.1870,10.1990,10.1660,10.1840,431732
2011-06-28 11:24:00,10.1860,10.1970,10.1630,10.1830,329336
2011-06-28 11:23:00,10.1840,10.1990,10.1640,10.1800,1427104
2011-06-28 11:22:00,10.1830,10.1970,10.1620,10.1790,393680
2011-06-28 11:21:00,10.1820,10.1950,10.1560,10.1800,502292
2011-06-28 11:20:00,10.1790,10.1910,10.1570,10.1760,544852
2011-06-28 11:19:00,10.1810,10.1920,10.1580,10.1760,249592
2011-06-28 11:18:00,10.1830,10.1940,10.1580,10.1760,399812
2011-06-28 11:17:00,10.1800,10.1940,10.1590,10.1780,114800
2011-06-28 11:16:00,10.1830,10.1930,10.1590,10.1780,365036
2011-06-28 11:15:00,10.1860,10.1980,10.1630,10.1790,703500
2011-06-28 11:14:00,10.1830,10.1970,10.1630,10.1820,611324
2011-06-28 11:13:00,10.1810,10.1940,10.1600,10.1790,475440
2011-06-28 11:12:00,10.1830,10.1950,10.1590,10.1780,349664
2011-06-28 11:11:00,10.1840,10.1970,10.1640,10.1810,242144
2011-06-28 11:10:00,10.1840,10.1980,10.1630,10.1810,906724
2011-06-28 11:09:00,10.1840,10.1950,10.1610,10.1790,718536
2011-06-28 11:08:00,10.1800,10.1960,10.1580,10.1800,695296
2011-06-28 11:07:00,10.1750,10.1900,10.1550,10.1760,395416
2011-06-28 11:06:00,10.1730,10.1870,10.1510,10.1720,554764
2011-06-28 11:05:00,10.1730,10.1850,10.1510,10.1690,276472
2011-06-28 11:04:00,10.1730,10.1860,10.1520,10.1690,348544
2011-06-28 11:03:00,10.1750,10.1860,10.1520,10.1710,362040
2011-06-28 11:02:00,10.1710,10.1850,10.1480,10.1710,469952
2011-06-28 11:01:00,10.1670,10.1820,10.1450,10.1670,910644
2011-06-28 11:00:00,10.1750,10.1890,10.1460,10.1640,1275176
2011-06-28 10:59:00,10.1800,10.1920,10.1520,10.1690,907816
2011-06-28 10:58:00,10.1870,10.2000,10.1570,10.1740,1148420
2011-06-28 10:57:00,10.1840,10.2000,10.1640,10.1830,1421028
2011-06-28 10:56:00,10.1860,10.1980,10.1630,10.1810,506072
2011-06-28 10:55:00,10.1770,10.1980,10.1580,10.1830,876596
2011-06-28 10:54:00,10.1800,10.1940,10.1580,10.1740,332416
2011-06-28 10:53:00,10.1810,10.1940,10.1580,10.1750,552916
2011-06-28 10:52:00,10.1790,10.1930,10.1580,10.1760,267680
2011-06-28 10:51:00,10.1750,10.1900,10.1530,10.1750,824068
2011-06-28 10:50:00,10.1750,10.1870,10.1530,10.1710,306180
2011-06-28 10:49:00,10.1800,10.1900,10.1520,10.1710,651952
2011-06-28 10:48:00,10.1860,10.1960,10.1610,10.1790,230468
2011-06-28 10:47:00,10.1820,10.1960,10.1590,10.1820,415660
2011-06-28 10:46:00,10.1790,10.1950,10.1580,10.1770,637364
2011-06-28 10:45:00,10.1810,10.1930,10.1580,10.1750,351624
2011-06-28 10:44:00,10.1860,10.1980,10.1600,10.1760,446572
2011-06-28 10:43:00,10.1820,10.1980,10.1610,10.1830,760788
2011-06-28 10:42:00,10.1790,10.1920,10.1570,10.1780,555576
2011-06-28 10:41:00,10.1740,10.1900,10.1540,10.1740,443324
2011-06-28 10:40:00,10.1750,10.1870,10.1530,10.1710,336224
2011-06-28 10:39:00,10.1720,10.1880,10.1520,10.1720,608776
2011-06-28 10:38:00,10.1760,10.1860,10.1500,10.1660,394772
2011-06-28 10:37:00,10.1710,10.1880,10.1500,10.1710,478128
2011-06-28 10:36:00,10.1740,10.1880,10.1510,10.1690,1006880
2011-06-28 10:35:00,10.1810,10.1920,10.1540,10.1700,871164
2011-06-28 10:34:00,10.1870,10.1980,10.1590,10.1760,973252
2011-06-28 10:33:00,10.1860,10.1980,10.1630,10.1830,618268
2011-06-28 10:32:00,10.1870,10.2000,10.1610,10.1810,954184
2011-06-28 10:31:00,10.1890,10.2010,10.1630,10.1830,1073240
2011-06-28 10:30:00,10.1840,10.2030,10.1640,10.1860,1953616
2011-06-28 10:29:00,10.1830,10.1980,10.1620,10.1810,1210860
2011-06-28 10:28:00,10.1730,10.1950,10.1530,10.1780,756672
2011-06-28 10:27:00,10.1770,10.1870,10.1520,10.1710,491764
2011-06-28 10:26:00,10.1770,10.1890,10.1520,10.1730,416136
2011-06-28 10:25:00,10.1800,10.1900,10.1560,10.1730,364588
2011-06-28 10:24:00,10.1780,10.1900,10.1560,10.1760,530460
2011-06-28 10:23:00,10.1770,10.1880,10.1530,10.1720,343896
2011-06-28 10:22:00,10.1750,10.1880,10.1510,10.1720,643020
2011-06-28 10:21:00,10.1770,10.1880,10.1550,10.1710,695380
2011-06-28 10:20:00,10.1790,10.1940,10.1560,10.1720,1291220
2011-06-28 10:19:00,10.1800,10.1920,10.1570,10.1780,700224
2011-06-28 10:18:00,10.1780,10.1950,10.1580,10.1760,853440
2011-06-28 10:17:00,10.1850,10.1960,10.1570,10.1730,832356
2011-06-28 10:16:00,10.1930,10.2050,10.1630,10.1810,1415736
2011-06-28 10:15:00,10.1900,10.2050,10.1700,10.1890,1331708
2011-06-28 10:14:00,10.1840,10.2030,10.1630,10.1880,1112692
2011-06-28 10:13:00,10.1850,10.1980,10.1630,10.1810,1626436
2011-06-28 10:12:00,10.1780,10.1950,10.1540,10.1810,1371636
2011-06-28 10:11:00,10.1770,10.1890,10.1500,10.1730,977564
2011-06-28 10:10:00,10.1730,10.1900,10.1490,10.1750,1080548
2011-06-28 10:09:00,10.1640,10.1830,10.1430,10.1690,585312
2011-06-28 10:08:00,10.1650,10.1770,10.1430,10.1610,413112
2011-06-28 10:07:00,10.1680,10.1800,10.1430,10.1600,694512
2011-06-28 10:06:00,10.1690,10.1830,10.1410,10.1650,623336
2011-06-28 10:05:00,10.1690,10.1860,10.1470,10.1680,687820
2011-06-28 10:04:00,10.1700,10.1850,10.1450,10.1680,706272
2011-06-28 10:03:00,10.1720,10.1850,10.1490,10.1680,1138228
2011-06-28 10:02:00,10.1710,10.1840,10.1440,10.1680,1202824
2011-06-28 10:01:00,10.1590,10.1840,10.1400,10.1680,1337896
2011-06-28 10:00:00,10.1610,10.1730,10.1350,10.1570,1849176
2011-06-28 09:59:00,10.1640,10.1780,10.1410,10.1570,1199268
2011-06-28 09:58:00,10.1700,10.1830,10.1430,10.1590,1037652
2011-06-28 09:57:00,10.1670,10.1850,10.1460,10.1690,1378384
2011-06-28 09:56:00,10.1730,10.1870,10.1470,10.1630,1123780
2011-06-28 09:55:00,10.1770,10.1890,10.1450,10.1720,2331224
2011-06-28 09:54:00,10.1850,10.1950,10.1540,10.1730,1302028
2011-06-28 09:53:00,10.1840,10.1980,10.1610,10.1810,1199492
2011-06-28 09:52:00,10.1940,10.2090,10.1640,10.1810,1559292
2011-06-28 09:51:00,10.1860,10.2040,10.1650,10.1890,903672
2011-06-28 09:50:00,10.1820,10.1960,10.1600,10.1810,1234016
2011-06-28 09:49:00,10.1790,10.1980,10.1580,10.1780,1036504
2011-06-28 09:48:00,10.1840,10.1960,10.1580,10.1750,1702512
2011-06-28 09:47:00,10.1870,10.1980,10.1620,10.1800,2517060
2011-06-28 09:46:00,10.1920,10.2060,10.1650,10.1840,2175348
2011-06-28 09:45:00,10.2020,10.2150,10.1720,10.1900,2813636
2011-06-28 09:44:00,10.1940,10.2140,10.1740,10.1970,2131024
2011-06-28 09:43:00,10.1990,10.2140,10.1730,10.1900,3055528
2011-06-28 09:42:00,10.1900,10.2200,10.1700,10.1960,3372068
2011-06-28 09:41:00,10.1710,10.2010,10.1510,10.1860,3631768
2011-06-28 09:40:00,10.1770,10.1870,10.1430,10.1690,2282588
2011-06-28 09:39:00,10.1680,10.1880,10.1440,10.1720,2583224
2011-06-28 09:38:00,10.1760,10.1860,10.1440,10.1640,2248316
2011-06-28 09:37:00,10.1660,10.1890,10.1460,10.1700,2750664
2011-06-28 09:36:00,10.1520,10.1790,10.1320,10.1640,1987300
2011-06-28 09:35:00,10.1610,10.1720,10.1320,10.1490,1800820
2011-06-28 09:34:00,10.1500,10.1740,10.1300,10.1570,4112724
2011-06-28 09:33:00,10.1510,10.1670,10.1290,10.1470,2661064
2011-06-28 09:32:00,10.1410,10.1660,10.1190,10.1470,3694628
2011-06-28 09:31:00,10.1290,10.1580,10.1060,10.1410,3959620
2011-06-28 09:30:00,10.1180,10.1430,10.0910,10.1260,3663016
2011-06-28 09:29:00,10.1170,10.1300,10.0970,10.1150,250628
2011-06-28 09:28:00,10.1080,10.1290,10.0880,10.1150,194292
2011-06-28 09:27:00,10.1020,10.1160,10.0800,10.1020,45500
2011-06-28 09:26:00,10.1020,10.1120,10.0810,10.0960,25200
2011-06-28 09:25:00,10.1040,10.1140,10.0830,10.0990,747600
2011-06-28 09:23:00,10.1050,10.1160,10.0860,10.1020,2800
2011-06-28 09:22:00,10.1060,10.1170,10.0830,10.0990,45500
2011-06-28 09:21:00,10.1090,10.1210,10.0870,10.1030,99400
2011-06-28 09:20:00,10.1070,10.1190,10.0880,10.1050,22400
2011-06-28 09:19:00,10.1100,10.1200,10.0900,10.1060,5600
2011-06-28 09:18:00,10.1110,10.1220,10.0890,10.1050,38920
2011-06-28 09:17:00,10.1120,10.1260,10.0920,10.1090,33600
2011-06-28 09:16:00,10.1150,10.1260,10.0920,10.1090,185696
2011-06-28 09:15:00,10.1130,10.1230,10.0930,10.1090,11200
2011-06-28 09:14:00,10.1120,10.1260,10.0910,10.1120,103936
2011-06-28 09:13:00,10.1110,10.1220,10.0920,10.1080,37940
2011-06-28 09:12:00,10.1100,10.1220,10.0890,10.1080,25200
2011-06-28 09:11:00,10.1100,10.1220,10.0910,10.1070,22288
2011-06-28 09:10:00,10.0680,10.1220,10.0490,10.1030,333200
2011-06-28 09:09:00,10.1120,10.1220,10.0890,10.1040,25200
2011-06-28 09:08:00,10.1120,10.1220,10.0920,10.1090,5600
2011-06-28 09:07:00,10.1110,10.1220,10.0910,10.1090,26600
2011-06-28 09:06:00,10.1050,10.1180,10.0850,10.1040,26992
2011-06-28 09:05:00,10.1050,10.1160,10.0850,10.1020,11200
2011-06-28 09:04:00,10.1060,10.1170,10.0830,10.1030,42560
2011-06-28 09:03:00,10.1020,10.1120,10.0820,10.0990,5600
2011-06-28 09:02:00,10.1090,10.1190,10.0820,10.1050,21784
2011-06-28 09:01:00,10.1020,10.1200,10.0830,10.1060,81648
2011-06-28 09:00:00,10.1020,10.1120,10.0780,10.0980,22400
2011-06-28 08:59:00,10.0970,10.1120,10.0780,10.0980,14000
2011-06-28 08:58:00,10.0970,10.1070,10.0780,10.0930,59388
2011-06-28 08:57:00,10.0960,10.1070,10.0760,10.0930,34384
2011-06-28 08:56:00,10.0960,10.1060,10.0750,10.0910,18620
2011-06-28 08:55:00,10.0940,10.1070,10.0740,10.0920,16800
2011-06-28 08:54:00,10.0960,10.1060,10.0740,10.0900,12880
2011-06-28 08:53:00,10.0940,10.1050,10.0750,10.0910,10416
2011-06-28 08:52:00,10.0990,10.1090,10.0800,10.0950,2800
2011-06-28 08:51:00,10.0970,10.1080,10.0780,10.0940,11200
2011-06-28 08:46:00,10.0980,10.1120,10.0790,10.0960,16800
2011-06-28 08:45:00,10.0990,10.1110,10.0780,10.0940,36400
2011-06-28 08:44:00,10.0940,10.1040,10.0750,10.0900,2800
2011-06-28 08:43:00,10.0970,10.1070,10.0780,10.0930,8400
2011-06-28 08:42:00,10.0990,10.1090,10.0740,10.0930,92400
2011-06-28 08:41:00,10.0980,10.1090,10.0790,10.0950,2800
2011-06-28 08:40:00,10.1030,10.1140,10.0840,10.1000,16800
2011-06-28 08:39:00,10.0970,10.1080,10.0780,10.0940,2800
2011-06-28 08:38:00,10.1000,10.1110,10.0780,10.0930,51604
2011-06-28 08:37:00,10.1060,10.1160,10.0870,10.1020,5600
2011-06-28 08:36:00,10.1030,10.1160,10.0830,10.1020,39200
2011-06-28 08:35:00,10.1050,10.1220,10.0780,10.0950,25200
2011-06-28 08:34:00,10.1080,10.1190,10.0870,10.1020,39200
2011-06-28 08:33:00,10.1040,10.1210,10.0850,10.1070,25200
2011-06-28 08:32:00,10.0970,10.1140,10.0780,10.0990,86800
2011-06-28 08:31:00,10.0990,10.1090,10.0780,10.0930,30800
2011-06-28 08:30:00,10.0990,10.1120,10.0790,10.0980,11200
2011-06-28 08:29:00,10.0970,10.1140,10.0710,10.0860,40376
2011-06-28 08:28:00,10.0950,10.1070,10.0740,10.0930,61600
2011-06-28 08:27:00,10.0930,10.1030,10.0710,10.0870,36400
2011-06-28 08:26:00,10.0880,10.0980,10.0680,10.0840,39200
2011-06-28 08:25:00,10.0820,10.0980,10.0630,10.0840,21980
2011-06-28 08:23:00,10.0790,10.0890,10.0590,10.0750,2800
2011-06-28 08:22:00,10.0820,10.0920,10.0630,10.0780,2800
2011-06-28 08:21:00,10.0800,10.0970,10.0610,10.0830,21980
2011-06-28 08:20:00,10.0790,10.0890,10.0590,10.0750,14000
2011-06-28 08:19:00,10.0760,10.0860,10.0560,10.0720,8400
2011-06-28 08:18:00,10.0720,10.0820,10.0530,10.0690,16800
2011-06-28 08:17:00,10.0660,10.0820,10.0470,10.0690,28000
2011-06-28 08:16:00,10.0660,10.0770,10.0470,10.0620,5600
2011-06-28 08:15:00,10.0630,10.0740,10.0440,10.0600,8400
2011-06-28 08:14:00,10.0590,10.0700,10.0400,10.0560,16800
2011-06-28 08:12:00,10.0640,10.0740,10.0440,10.0600,5600
2011-06-28 08:11:00,10.0670,10.0770,10.0470,10.0630,14000
2011-06-28 08:09:00,10.0650,10.0750,10.0460,10.0610,6580
2011-06-28 08:07:00,10.0660,10.0760,10.0470,10.0620,5600
2011-06-28 08:05:00,10.0640,10.0740,10.0430,10.0590,11032
2011-06-28 08:03:00,10.0640,10.0800,10.0430,10.0590,25760
2011-06-28 08:02:00,10.0600,10.0830,10.0400,10.0660,46200
2011-06-28 08:00:00,10.0730,10.0830,10.0430,10.0580,11200
2011-06-28 07:59:00,10.0540,10.0650,10.0350,10.0510,8400
2011-06-28 07:58:00,10.0550,10.0650,10.0320,10.0470,16800
2011-06-28 07:49:00,10.0510,10.0610,10.0310,10.0470,2800
2011-06-28 07:48:00,10.0380,10.0480,10.0170,10.0330,14280
2011-06-28 07:47:00,10.0440,10.0540,10.0190,10.0350,61600
2011-06-28 07:46:00,10.0520,10.0620,10.0250,10.0400,25200
2011-06-28 07:41:00,10.0580,10.0680,10.0390,10.0540,5600
2011-06-28 07:39:00,10.0570,10.0670,10.0380,10.0530,7000
2011-06-28 07:38:00,10.0560,10.0770,10.0320,10.0480,65464
2011-06-28 07:37:00,10.0560,10.0660,10.0370,10.0520,14000
2011-06-28 07:36:00,10.0620,10.0720,10.0430,10.0580,14000
2011-06-28 07:35:00,10.0620,10.0720,10.0420,10.0590,17780
2011-06-28 07:34:00,10.0560,10.0660,10.0370,10.0520,2800
2011-06-28 07:33:00,10.0660,10.0760,10.0460,10.0620,5600
2011-06-28 07:32:00,10.0520,10.0630,10.0330,10.0490,11200
2011-06-28 07:30:00,10.0430,10.0530,10.0230,10.0390,14000
2011-06-28 07:27:00,10.0650,10.0750,10.0320,10.0480,70700
2011-06-28 07:26:00,10.0660,10.0760,10.0470,10.0620,10640
2011-06-28 07:24:00,10.0650,10.0750,10.0460,10.0620,2800
2011-06-28 07:23:00,10.0650,10.0750,10.0460,10.0620,2800
2011-06-28 07:21:00,10.0720,10.0820,10.0530,10.0690,5600
2011-06-28 07:19:00,10.0670,10.0770,10.0470,10.0630,5600
2011-06-28 07:17:00,10.0670,10.0770,10.0470,10.0630,2800
2011-06-28 07:15:00,10.0640,10.0740,10.0440,10.0600,2800
2011-06-28 07:14:00,10.0730,10.0830,10.0460,10.0620,12600
2011-06-28 07:13:00,10.0690,10.0790,10.0470,10.0630,5600
2011-06-28 07:08:00,10.0650,10.0750,10.0450,10.0610,2800
2011-06-28 07:00:00,10.0670,10.0770,10.0480,10.0630,2800
2011-06-28 04:51:00,10.0770,10.0880,10.0580,10.0740,2800
2011-06-27 19:59:00,10.0910,10.1010,10.0720,10.0870,19488
2011-06-27 19:56:00,10.0910,10.1010,10.0710,10.0870,2800
2011-06-27 19:53:00,10.0910,10.1010,10.0720,10.0870,8624
2011-06-27 19:51:00,10.0880,10.0980,10.0690,10.0840,2800
2011-06-27 19:44:00,10.0880,10.0980,10.0690,10.0840,2800
2011-06-27 19:36:00,10.0910,10.1010,10.0710,10.0870,5600
2011-06-27 19:31:00,10.0900,10.1000,10.0700,10.0860,6160
2011-06-27 19:24:00,10.0900,10.1000,10.0700,10.0860,5600
2011-06-27 19:21:00,10.0880,10.0980,10.0690,10.0840,2800
2011-06-27 19:19:00,10.0900,10.1010,10.0710,10.0870,5600
2011-06-27 19:14:00,10.0840,10.0940,10.0640,10.0800,5600
2011-06-27 19:09:00,10.0880,10.1000,10.0610,10.0770,34580
2011-06-27 19:07:00,10.0870,10.0970,10.0670,10.0830,2800
2011-06-27 19:04:00,10.0850,10.0950,10.0660,10.0810,5600
2011-06-27 18:36:00,10.0800,10.0900,10.0590,10.0750,17836
2011-06-27 18:35:00,10.0920,10.1020,10.0720,10.0880,4900
2011-06-27 18:32:00,10.0850,10.0950,10.0660,10.0810,5600
2011-06-27 18:31:00,10.0850,10.0950,10.0660,10.0810,7812
2011-06-27 18:15:00,10.0830,10.0940,10.0620,10.0780,11928
2011-06-27 18:14:00,10.0790,10.0900,10.0590,10.0760,12600
2011-06-27 18:12:00,10.0770,10.0880,10.0580,10.0740,2800
2011-06-27 18:11:00,10.0730,10.0830,10.0540,10.0690,2800
2011-06-27 18:10:00,10.0680,10.0780,10.0490,10.0640,496944
2011-06-27 18:08:00,10.0780,10.0880,10.0590,10.0750,2800
2011-06-27 17:58:00,10.0790,10.0890,10.0590,10.0750,2940
2011-06-27 17:53:00,10.0800,10.0910,10.0580,10.0730,16492
2011-06-27 17:50:00,10.0770,10.0880,10.0580,10.0740,5600
2011-06-27 17:27:00,10.0800,10.0910,10.0610,10.0760,8400
2011-06-27 17:24:00,10.0800,10.0900,10.0610,10.0760,27720
2011-06-27 17:22:00,10.0800,10.0900,10.0600,10.0760,2800
2011-06-27 17:15:00,10.0790,10.0890,10.0590,10.0750,2800
2011-06-27 17:13:00,10.0790,10.0890,10.0590,10.0750,2800
2011-06-27 17:08:00,10.0790,10.0890,10.0590,10.0750,22400
2011-06-27 17:03:00,10.0780,10.0880,10.0580,10.0740,10080
2011-06-27 17:00:00,10.0780,10.0880,10.0590,10.0740,2800
2011-06-27 16:58:00,10.0760,10.0860,10.0560,10.0720,3836
2011-06-27 16:57:00,10.0760,10.0860,10.0570,10.0720,2800
2011-06-27 16:56:00,10.0760,10.0860,10.0570,10.0720,8400
2011-06-27 16:53:00,10.0740,10.0850,10.0550,10.0710,2800
2011-06-27 16:48:00,10.0760,10.0860,10.0540,10.0700,8400
2011-06-27 16:47:00,10.0680,10.0840,10.0490,10.0700,531944
2011-06-27 16:42:00,10.0910,10.1020,10.0720,10.0880,33600
2011-06-27 16:33:00,10.0740,10.0840,10.0550,10.0700,2800
2011-06-27 16:32:00,10.0740,10.0840,10.0550,10.0700,2800
2011-06-27 16:29:00,10.0710,10.0820,10.0520,10.0680,6552
2011-06-27 16:26:00,10.0740,10.0860,10.0550,10.0720,5600
2011-06-27 16:24:00,10.0720,10.0820,10.0530,10.0680,3360
2011-06-27 16:23:00,10.0730,10.0840,10.0530,10.0700,17500
2011-06-27 16:22:00,10.0690,10.0790,10.0490,10.0640,553000
2011-06-27 16:21:00,10.0660,10.0760,10.0470,10.0620,22232
2011-06-27 16:20:00,10.0740,10.0850,10.0500,10.0660,28784
2011-06-27 16:19:00,10.0740,10.0850,10.0550,10.0710,8400
2011-06-27 16:18:00,10.0740,10.0840,10.0540,10.0700,2800
2011-06-27 16:16:00,10.0680,10.0780,10.0490,10.0640,120988
2011-06-27 16:15:00,10.0680,10.0820,10.0490,10.0690,28000
2011-06-27 16:14:00,10.0710,10.0820,10.0520,10.0680,19600
2011-06-27 16:13:00,10.0680,10.0780,10.0490,10.0640,2800
2011-06-27 16:12:00,10.0680,10.0780,10.0320,10.0480,273868
2011-06-27 16:11:00,10.0690,10.0790,10.0490,10.0650,14000
2011-06-27 16:10:00,10.0720,10.0820,10.0340,10.0660,72800
2011-06-27 16:09:00,10.0710,10.0820,10.0500,10.0650,47264
2011-06-27 16:08:00,10.0700,10.0810,10.0500,10.0670,22400
2011-06-27 16:07:00,10.0690,10.0810,10.0480,10.0670,14000
2011-06-27 16:06:00,10.0670,10.0810,10.0480,10.0670,22400
2011-06-27 16:05:00,10.0690,10.0790,10.0450,10.0630,52976
2011-06-27 16:04:00,10.0680,10.0790,10.0340,10.0490,25200
2011-06-27 16:03:00,10.0690,10.0790,10.0470,10.0640,35000
2011-06-27 16:02:00,10.0670,10.0800,10.0320,10.0640,303100
2011-06-27 16:01:00,10.0690,10.0790,10.0470,10.0630,57400
2011-06-27 16:00:00,10.0680,10.0800,10.0470,10.0650,36987160
2011-06-27 15:59:00,10.0700,10.0820,10.0440,10.0650,3691800
2011-06-27 15:58:00,10.0660,10.0800,10.0430,10.0660,2790620
2011-06-27 15:57:00,10.0710,10.0810,10.0440,10.0620,2988552
2011-06-27 15:56:00,10.0770,10.0870,10.0500,10.0680,2907996
2011-06-27 15:55:00,10.0830,10.0950,10.0560,10.0720,2717904
2011-06-27 15:54:00,10.0880,10.0990,10.0630,10.0790,1215256
2011-06-27 15:53:00,10.0900,10.1030,10.0690,10.0840,1234968
2011-06-27 15:52:00,10.0950,10.1050,10.0700,10.0860,1130164
2011-06-27 15:51:00,10.0950,10.1090,10.0740,10.0910,914676
2011-06-27 15:50:00,10.0990,10.1100,10.0720,10.0910,1210440
2011-06-27 15:49:00,10.0970,10.1100,10.0750,10.0950,706580
2011-06-27 15:48:00,10.1020,10.1140,10.0760,10.0960,1357832
2011-06-27 15:47:00,10.0960,10.1120,10.0750,10.0990,1424780
2011-06-27 15:46:00,10.0930,10.1070,10.0720,10.0920,774032
2011-06-27 15:45:00,10.0940,10.1050,10.0690,10.0890,1128652
2011-06-27 15:44:00,10.0960,10.1080,10.0700,10.0900,597436
2011-06-27 15:43:00,10.0890,10.1090,10.0680,10.0930,1476272
2011-06-27 15:42:00,10.0890,10.1010,10.0680,10.0840,303576
2011-06-27 15:41:00,10.0900,10.1010,10.0690,10.0870,718704
2011-06-27 15:40:00,10.0880,10.1020,10.0660,10.0860,817488
2011-06-27 15:39:00,10.0920,10.1020,10.0660,10.0840,874384
2011-06-27 15:38:00,10.0920,10.1040,10.0720,10.0870,860328
2011-06-27 15:37:00,10.0940,10.1050,10.0720,10.0890,479724
2011-06-27 15:36:00,10.0980,10.1080,10.0740,10.0900,764400
2011-06-27 15:35:00,10.1040,10.1140,10.0780,10.0930,960316
2011-06-27 15:34:00,10.1020,10.1170,10.0810,10.1000,506072
2011-06-27 15:33:00,10.1070,10.1180,10.0810,10.0980,523432
2011-06-27 15:32:00,10.1090,10.1190,10.0850,10.1030,520044
2011-06-27 15:31:00,10.1070,10.1220,10.0870,10.1050,773500
2011-06-27 15:30:00,10.1030,10.1170,10.0820,10.1030,503692
2011-06-27 15:29:00,10.1060,10.1170,10.0820,10.1000,389956
2011-06-27 15:28:00,10.1070,10.1190,10.0850,10.1020,397208
2011-06-27 15:27:00,10.1070,10.1220,10.0870,10.1040,1280692
2011-06-27 15:26:00,10.1050,10.1180,10.0830,10.1040,857864
2011-06-27 15:25:00,10.1030,10.1170,10.0800,10.1010,632352
2011-06-27 15:24:00,10.1020,10.1160,10.0810,10.0990,635208
2011-06-27 15:23:00,10.1050,10.1170,10.0820,10.0990,366660
2011-06-27 15:22:00,10.1040,10.1190,10.0850,10.1020,488376
2011-06-27 15:21:00,10.1060,10.1180,10.0820,10.1010,797748
2011-06-27 15:20:00,10.0960,10.1170,10.0760,10.1020,1410752
2011-06-27 15:19:00,10.0920,10.1070,10.0720,10.0930,740600
2011-06-27 15:18:00,10.0910,10.1040,10.0710,10.0890,532532
2011-06-27 15:17:00,10.0930,10.1040,10.0700,10.0860,361200
2011-06-27 15:16:00,10.0940,10.1060,10.0730,10.0890,528472
2011-06-27 15:15:00,10.0940,10.1050,10.0730,10.0910,629300
2011-06-27 15:14:00,10.0930,10.1050,10.0720,10.0900,631316
2011-06-27 15:13:00,10.0900,10.1040,10.0700,10.0890,568792
2011-06-27 15:12:00,10.0910,10.1010,10.0680,10.0860,923608
2011-06-27 15:11:00,10.0880,10.1030,10.0680,10.0870,751380
2011-06-27 15:10:00,10.0880,10.1030,10.0670,10.0840,1156932
2011-06-27 15:09:00,10.0910,10.1030,10.0660,10.0850,1324064
2011-06-27 15:08:00,10.1000,10.1120,10.0720,10.0880,1322664
2011-06-27 15:07:00,10.1040,10.1150,10.0800,10.0970,574644
2011-06-27 15:06:00,10.1040,10.1160,10.0840,10.1010,480620
2011-06-27 15:05:00,10.1080,10.1190,10.0840,10.1010,333256
2011-06-27 15:04:00,10.1060,10.1180,10.0850,10.1040,306796
2011-06-27 15:03:00,10.1060,10.1190,10.0850,10.1000,467544
2011-06-27 15:02:00,10.1050,10.1180,10.0820,10.1010,407848
2011-06-27 15:01:00,10.1080,10.1190,10.0850,10.1020,279860
2011-06-27 15:00:00,10.1010,10.1210,10.0800,10.1040,844424
2011-06-27 14:59:00,10.1050,10.1170,10.0800,10.0960,634004
2011-06-27 14:58:00,10.1050,10.1180,10.0820,10.1010,619892
2011-06-27 14:57:00,10.1070,10.1180,10.0850,10.1010,318416
2011-06-27 14:56:00,10.1080,10.1220,10.0870,10.1030,701932
2011-06-27 14:55:00,10.1070,10.1180,10.0850,10.1020,499268
2011-06-27 14:54:00,10.1110,10.1240,10.0850,10.1020,757904
2011-06-27 14:53:00,10.1160,10.1260,10.0920,10.1090,256228
2011-06-27 14:52:00,10.1160,10.1260,10.0910,10.1100,600992
2011-06-27 14:51:00,10.1180,10.1290,10.0960,10.1130,179900
2011-06-27 14:50:00,10.1210,10.1310,10.0950,10.1140,279692
2011-06-27 14:49:00,10.1220,10.1350,10.0960,10.1170,1046892
2011-06-27 14:48:00,10.1170,10.1340,10.0960,10.1190,770196
2011-06-27 14:47:00,10.1160,10.1290,10.0960,10.1150,246428
2011-06-27 14:46:00,10.1160,10.1290,10.0940,10.1130,408436
2011-06-27 14:45:00,10.1130,10.1280,10.0920,10.1120,807772
2011-06-27 14:44:00,10.1140,10.1240,10.0880,10.1090,855876
2011-06-27 14:43:00,10.1150,10.1270,10.0940,10.1100,313012
2011-06-27 14:42:00,10.1140,10.1270,10.0950,10.1110,189980
2011-06-27 14:41:00,10.1190,10.1290,10.0950,10.1110,173684
2011-06-27 14:40:00,10.1150,10.1300,10.0950,10.1130,356888
2011-06-27 14:39:00,10.1130,10.1270,10.0910,10.1100,657188
2011-06-27 14:38:00,10.1150,10.1300,10.0950,10.1110,340172
2011-06-27 14:37:00,10.1150,10.1260,10.0930,10.1100,425516
2011-06-27 14:36:00,10.1200,10.1310,10.0940,10.1110,708792
2011-06-27 14:35:00,10.1180,10.1320,10.0960,10.1150,419300
2011-06-27 14:34:00,10.1190,10.1330,10.0980,10.1150,523236
2011-06-27 14:33:00,10.1220,10.1330,10.0970,10.1150,884156
2011-06-27 14:32:00,10.1200,10.1330,10.1000,10.1190,469980
2011-06-27 14:31:00,10.1180,10.1320,10.0980,10.1170,556192
2011-06-27 14:30:00,10.1200,10.1320,10.0980,10.1140,580580
2011-06-27 14:29:00,10.1190,10.1330,10.0980,10.1150,916300
2011-06-27 14:28:00,10.1130,10.1300,10.0890,10.1160,2013228
2011-06-27 14:27:00,10.1080,10.1230,10.0890,10.1090,1465184
2011-06-27 14:26:00,10.1060,10.1190,10.0840,10.1050,790888
2011-06-27 14:25:00,10.1030,10.1180,10.0810,10.1030,456540
2011-06-27 14:24:00,10.1020,10.1150,10.0820,10.1000,467012
2011-06-27 14:23:00,10.1030,10.1130,10.0780,10.0980,553280
2011-06-27 14:22:00,10.1050,10.1150,10.0820,10.0990,285348
2011-06-27 14:21:00,10.1010,10.1160,10.0810,10.1010,453656
2011-06-27 14:20:00,10.1040,10.1150,10.0800,10.0960,332500
2011-06-27 14:19:00,10.1060,10.1160,10.0810,10.0990,351512
2011-06-27 14:18:00,10.1070,10.1180,10.0850,10.1020,277144
2011-06-27 14:17:00,10.0990,10.1170,10.0800,10.1020,726880
2011-06-27 14:16:00,10.1040,10.1160,10.0790,10.0960,867888
2011-06-27 14:15:00,10.1040,10.1180,10.0830,10.1010,613788
2011-06-27 14:14:00,10.1070,10.1190,10.0820,10.1000,528976
2011-06-27 14:13:00,10.1040,10.1180,10.0830,10.1030,793156
2011-06-27 14:12:00,10.0970,10.1160,10.0780,10.1010,1187172
2011-06-27 14:11:00,10.0990,10.1120,10.0760,10.0950,487060
2011-06-27 14:10:00,10.1000,10.1120,10.0760,10.0940,410816
2011-06-27 14:09:00,10.1010,10.1150,10.0780,10.0940,926380
2011-06-27 14:08:00,10.0980,10.1140,10.0760,10.0980,574336
2011-06-27 14:07:00,10.0940,10.1110,10.0750,10.0940,488320
2011-06-27 14:06:00,10.0990,10.1120,10.0730,10.0900,887068
2011-06-27 14:05:00,10.1030,10.1140,10.0790,10.0960,789404
2011-06-27 14:04:00,10.1030,10.1150,10.0770,10.0990,972132
2011-06-27 14:03:00,10.0960,10.1140,10.0740,10.0990,996156
2011-06-27 14:02:00,10.0990,10.1100,10.0770,10.0930,498932
2011-06-27 14:01:00,10.0930,10.1110,10.0720,10.0930,2239104
2011-06-27 14:00:00,10.0770,10.1040,10.0570,10.0890,1135120
2011-06-27 13:59:00,10.0750,10.0870,10.0540,10.0730,212100
2011-06-27 13:58:00,10.0740,10.0890,10.0540,10.0710,424984
2011-06-27 13:57:00,10.0750,10.0850,10.0530,10.0710,278936
2011-06-27 13:56:00,10.0760,10.0860,10.0540,10.0710,150304
2011-06-27 13:55:00,10.0790,10.0910,10.0560,10.0730,123088
2011-06-27 13:54:00,10.0850,10.0950,10.0580,10.0730,243908
2011-06-27 13:53:00,10.0830,10.0960,10.0630,10.0800,358148
2011-06-27 13:52:00,10.0780,10.0950,10.0590,10.0790,666652
2011-06-27 13:51:00,10.0710,10.0890,10.0520,10.0740,412356
2011-06-27 13:50:00,10.0740,10.0860,10.0500,10.0670,139720
2011-06-27 13:49:00,10.0760,10.0860,10.0530,10.0710,287112
2011-06-27 13:48:00,10.0750,10.0860,10.0550,10.0720,42000
2011-06-27 13:47:00,10.0770,10.0890,10.0550,10.0720,256844
2011-06-27 13:46:00,10.0800,10.0910,10.0560,10.0720,123480
2011-06-27 13:45:00,10.0750,10.0910,10.0550,10.0750,373912
2011-06-27 13:44:00,10.0730,10.0880,10.0520,10.0720,271964
2011-06-27 13:43:00,10.0700,10.0820,10.0470,10.0680,394100
2011-06-27 13:42:00,10.0700,10.0820,10.0470,10.0650,215040
2011-06-27 13:41:00,10.0740,10.0850,10.0490,10.0680,200592
2011-06-27 13:40:00,10.0740,10.0870,10.0540,10.0710,135520
2011-06-27 13:39:00,10.0720,10.0850,10.0510,10.0690,319144
2011-06-27 13:38:00,10.0730,10.0880,10.0530,10.0690,376936
2011-06-27 13:37:00,10.0720,10.0870,10.0510,10.0690,510608
2011-06-27 13:36:00,10.0710,10.0820,10.0500,10.0680,217420
2011-06-27 13:35:00,10.0760,10.0860,10.0510,10.0690,589344
2011-06-27 13:34:00,10.0740,10.0870,10.0530,10.0720,249452
2011-06-27 13:33:00,10.0760,10.0880,10.0520,10.0700,491232
2011-06-27 13:32:00,10.0680,10.0870,10.0470,10.0710,798924
2011-06-27 13:31:00,10.0640,10.0790,10.0430,10.0640,531804
2011-06-27 13:30:00,10.0640,10.0760,10.0410,10.0590,814324
2011-06-27 13:29:00,10.0690,10.0790,10.0440,10.0600,597464
2011-06-27 13:28:00,10.0730,10.0840,10.0460,10.0650,594972
2011-06-27 13:27:00,10.0680,10.0860,10.0440,10.0700,1166760
2011-06-27 13:26:00,10.0730,10.0830,10.0480,10.0650,615888
2011-06-27 13:25:00,10.0790,10.0900,10.0530,10.0680,801836
2011-06-27 13:24:00,10.0770,10.0890,10.0510,10.0740,982184
2011-06-27 13:23:00,10.0780,10.0920,10.0550,10.0730,654192
2011-06-27 13:22:00,10.0870,10.0980,10.0570,10.0730,713860
2011-06-27 13:21:00,10.0880,10.1020,10.0670,10.0830,483756
2011-06-27 13:20:00,10.0920,10.1020,10.0690,10.0850,229320
2011-06-27 13:19:00,10.0890,10.1040,10.0690,10.0880,191268
2011-06-27 13:18:00,10.0920,10.1040,10.0680,10.0850,546000
2011-06-27 13:17:00,10.0940,10.1050,10.0700,10.0880,384440
2011-06-27 13:16:00,10.0890,10.1040,10.0690,10.0890,190708
2011-06-27 13:15:00,10.0940,10.1060,10.0680,10.0850,412384
2011-06-27 13:14:00,10.0860,10.1040,10.0660,10.0900,835240
2011-06-27 13:13:00,10.0860,10.0970,10.0660,10.0820,229152
2011-06-27 13:12:00,10.0860,10.0960,10.0640,10.0820,175924
2011-06-27 13:11:00,10.0850,10.0970,10.0660,10.0810,166404
2011-06-27 13:10:00,10.0870,10.0970,10.0640,10.0820,317240
2011-06-27 13:09:00,10.0900,10.1000,10.0680,10.0830,177660
2011-06-27 13:08:00,10.0900,10.1010,10.0650,10.0850,337988
2011-06-27 13:07:00,10.0880,10.1010,10.0680,10.0850,231924
2011-06-27 13:06:00,10.0900,10.1010,10.0670,10.0850,367472
2011-06-27 13:05:00,10.0910,10.1030,10.0690,10.0860,535584
2011-06-27 13:04:00,10.0920,10.1040,10.0690,10.0870,485156
2011-06-27 13:03:00,10.0850,10.1040,10.0650,10.0890,1040900
2011-06-27 13:02:00,10.0830,10.0980,10.0600,10.0800,1005228
2011-06-27 13:01:00,10.0790,10.0940,10.0590,10.0800,559944
2011-06-27 13:00:00,10.0800,10.0920,10.0580,10.0750,498904
2011-06-27 12:59:00,10.0770,10.0920,10.0560,10.0760,600096
2011-06-27 12:58:00,10.0770,10.0870,10.0530,10.0720,238588
2011-06-27 12:57:00,10.0770,10.0880,10.0530,10.0730,330904
2011-06-27 12:56:00,10.0730,10.0890,10.0540,10.0730,551180
2011-06-27 12:55:00,10.0760,10.0880,10.0540,10.0700,304220
2011-06-27 12:54:00,10.0800,10.0900,10.0560,10.0720,217336
2011-06-27 12:53:00,10.0800,10.0910,10.0560,10.0770,372876
2011-06-27 12:52:00,10.0810,10.0930,10.0590,10.0750,373212
2011-06-27 12:51:00,10.0820,10.0940,10.0610,10.0790,197876
2011-06-27 12:50:00,10.0840,10.0940,10.0610,10.0790,217000
2011-06-27 12:49:00,10.0830,10.0940,10.0600,10.0800,289380
2011-06-27 12:48:00,10.0830,10.0930,10.0600,10.0780,215824
2011-06-27 12:47:00,10.0790,10.0940,10.0600,10.0790,472612
2011-06-27 12:46:00,10.0870,10.0970,10.0590,10.0750,400316
2011-06-27 12:45:00,10.0840,10.0980,10.0640,10.0820,568400
2011-06-27 12:44:00,10.0820,10.0950,10.0590,10.0800,545748
2011-06-27 12:43:00,10.0790,10.0940,10.0600,10.0790,476504
2011-06-27 12:42:00,10.0780,10.0920,10.0570,10.0760,398328
2011-06-27 12:41:00,10.0720,10.0890,10.0530,10.0740,492128
2011-06-27 12:40:00,10.0780,10.0880,10.0530,10.0690,347984
2011-06-27 12:39:00,10.0730,10.0880,10.0540,10.0740,696136
2011-06-27 12:38:00,10.0720,10.0870,10.0510,10.0700,571760
2011-06-27 12:37:00,10.0730,10.0870,10.0520,10.0680,525868
2011-06-27 12:36:00,10.0730,10.0850,10.0510,10.0690,329700
2011-06-27 12:35:00,10.0670,10.0850,10.0470,10.0690,630308
2011-06-27 12:34:00,10.0720,10.0840,10.0470,10.0630,838208
2011-06-27 12:33:00,10.0690,10.0820,10.0460,10.0690,556332
2011-06-27 12:32:00,10.0650,10.0800,10.0450,10.0660,543704
2011-06-27 12:31:00,10.0620,10.0740,10.0410,10.0600,221452
2011-06-27 12:30:00,10.0610,10.0740,10.0400,10.0590,409108
2011-06-27 12:29:00,10.0640,10.0760,10.0410,10.0590,531468
2011-06-27 12:28:00,10.0660,10.0770,10.0450,10.0630,143416
2011-06-27 12:27:00,10.0670,10.0800,10.0460,10.0620,339192
2011-06-27 12:26:00,10.0630,10.0780,10.0430,10.0630,305984
2011-06-27 12:25:00,10.0610,10.0750,10.0400,10.0580,325108
2011-06-27 12:24:00,10.0670,10.0770,10.0410,10.0560,311528
2011-06-27 12:23:00,10.0610,10.0770,10.0400,10.0630,566832
2011-06-27 12:22:00,10.0570,10.0730,10.0360,10.0570,594300
2011-06-27 12:21:00,10.0580,10.0700,10.0370,10.0540,294476
2011-06-27 12:20:00,10.0590,10.0720,10.0370,10.0550,401996
2011-06-27 12:19:00,10.0560,10.0710,10.0360,10.0550,311024
2011-06-27 12:18:00,10.0670,10.0780,10.0350,10.0530,735224
2011-06-27 12:17:00,10.0670,10.0800,10.0460,10.0640,503720
2011-06-27 12:16:00,10.0700,10.0810,10.0460,10.0630,452088
2011-06-27 12:15:00,10.0700,10.0820,10.0490,10.0670,292096
2011-06-27 12:14:00,10.0710,10.0820,10.0470,10.0650,641900
2011-06-27 12:13:00,10.0730,10.0850,10.0500,10.0670,408184
2011-06-27 12:12:00,10.0770,10.0870,10.0520,10.0680,247800
2011-06-27 12:11:00,10.0720,10.0870,10.0530,10.0720,655452
2011-06-27 12:10:00,10.0750,10.0850,10.0510,10.0690,574924
2011-06-27 12:09:00,10.0780,10.0900,10.0550,10.0710,517720
2011-06-27 12:08:00,10.0750,10.0900,10.0540,10.0730,240548
2011-06-27 12:07:00,10.0790,10.0890,10.0530,10.0740,833784
2011-06-27 12:06:00,10.0840,10.0950,10.0580,10.0760,387296
2011-06-27 12:05:00,10.0810,10.0950,10.0620,10.0810,323512
2011-06-27 12:04:00,10.0830,10.0940,10.0610,10.0780,223440
2011-06-27 12:03:00,10.0840,10.0950,10.0600,10.0790,482832
2011-06-27 12:02:00,10.0890,10.1000,10.0630,10.0810,1238748
2011-06-27 12:01:00,10.0840,10.0990,10.0610,10.0850,729316
2011-06-27 12:00:00,10.0760,10.0960,10.0550,10.0800,1648528
2011-06-27 11:59:00,10.0750,10.0870,10.0520,10.0720,436520
2011-06-27 11:58:00,10.0740,10.0860,10.0530,10.0700,259000
2011-06-27 11:57:00,10.0730,10.0880,10.0540,10.0720,465500
2011-06-27 11:56:00,10.0730,10.0860,10.0500,10.0690,480032
2011-06-27 11:55:00,10.0720,10.0890,10.0510,10.0720,1037960
2011-06-27 11:54:00,10.0680,10.0840,10.0480,10.0680,974372
2011-06-27 11:53:00,10.0670,10.0840,10.0450,10.0670,1495508
2011-06-27 11:52:00,10.0620,10.0770,10.0380,10.0630,1727488
2011-06-27 11:51:00,10.0550,10.0720,10.0340,10.0580,1171296
2011-06-27 11:50:00,10.0540,10.0660,10.0320,10.0500,378224
2011-06-27 11:49:00,10.0540,10.0660,10.0320,10.0500,323596
2011-06-27 11:48:00,10.0540,10.0650,10.0310,10.0520,422324
2011-06-27 11:47:00,10.0540,10.0660,10.0330,10.0500,439376
2011-06-27 11:46:00,10.0510,10.0660,10.0290,10.0510,666540
2011-06-27 11:45:00,10.0440,10.0620,10.0240,10.0480,655704
2011-06-27 11:44:00,10.0470,10.0570,10.0210,10.0400,236012
2011-06-27 11:43:00,10.0500,10.0610,10.0250,10.0400,263592
2011-06-27 11:42:00,10.0460,10.0600,10.0260,10.0460,231868
2011-06-27 11:41:00,10.0500,10.0610,10.0250,10.0420,223496
2011-06-27 11:40:00,10.0490,10.0620,10.0290,10.0480,200956
2011-06-27 11:39:00,10.0490,10.0610,10.0280,10.0450,169792
2011-06-27 11:38:00,10.0500,10.0620,10.0260,10.0450,648900
2011-06-27 11:37:00,10.0470,10.0630,10.0280,10.0470,599200
2011-06-27 11:36:00,10.0490,10.0590,10.0240,10.0420,227472
2011-06-27 11:35:00,10.0430,10.0590,10.0240,10.0450,519596
2011-06-27 11:34:00,10.0350,10.0550,10.0160,10.0400,793688
2011-06-27 11:33:00,10.0330,10.0470,10.0110,10.0320,762496
2011-06-27 11:32:00,10.0380,10.0500,10.0110,10.0290,1075676
2011-06-27 11:31:00,10.0380,10.0510,10.0160,10.0360,200508
2011-06-27 11:30:00,10.0390,10.0510,10.0140,10.0350,524300
2011-06-27 11:29:00,10.0390,10.0510,10.0160,10.0350,359800
2011-06-27 11:28:00,10.0410,10.0520,10.0140,10.0340,790104
2011-06-27 11:27:00,10.0390,10.0520,10.0170,10.0370,195580
2011-06-27 11:26:00,10.0370,10.0480,10.0150,10.0320,421372
2011-06-27 11:25:00,10.0330,10.0480,10.0130,10.0340,501116
2011-06-27 11:24:00,10.0410,10.0540,10.0130,10.0320,555604
2011-06-27 11:23:00,10.0430,10.0540,10.0200,10.0380,341600
2011-06-27 11:22:00,10.0460,10.0570,10.0210,10.0380,478828
2011-06-27 11:21:00,10.0410,10.0620,10.0220,10.0420,1106196
2011-06-27 11:20:00,10.0420,10.0530,10.0200,10.0390,349524
2011-06-27 11:19:00,10.0430,10.0550,10.0230,10.0390,252532
2011-06-27 11:18:00,10.0420,10.0530,10.0190,10.0380,635236
2011-06-27 11:17:00,10.0460,10.0600,10.0230,10.0390,922684
2011-06-27 11:16:00,10.0450,10.0590,10.0240,10.0410,626080
2011-06-27 11:15:00,10.0480,10.0610,10.0210,10.0410,766948
2011-06-27 11:14:00,10.0480,10.0610,10.0280,10.0450,614320
2011-06-27 11:13:00,10.0430,10.0590,10.0240,10.0450,708484
2011-06-27 11:12:00,10.0440,10.0570,10.0230,10.0390,597884
2011-06-27 11:11:00,10.0410,10.0540,10.0200,10.0400,471072
2011-06-27 11:10:00,10.0360,10.0520,10.0130,10.0380,1084048
2011-06-27 11:09:00,10.0360,10.0470,10.0140,10.0320,691488
2011-06-27 11:08:00,10.0400,10.0510,10.0160,10.0330,582092
2011-06-27 11:07:00,10.0430,10.0540,10.0190,10.0370,355068
2011-06-27 11:06:00,10.0400,10.0560,10.0200,10.0380,596456
2011-06-27 11:05:00,10.0460,10.0560,10.0170,10.0370,744520
2011-06-27 11:04:00,10.0430,10.0590,10.0230,10.0410,766724
2011-06-27 11:03:00,10.0410,10.0530,10.0200,10.0390,446320
2011-06-27 11:02:00,10.0430,10.0540,10.0170,10.0370,931672
2011-06-27 11:01:00,10.0360,10.0530,10.0140,10.0380,417536
2011-06-27 11:00:00,10.0340,10.0490,10.0140,10.0310,443800
2011-06-27 10:59:00,10.0320,10.0430,10.0100,10.0290,122808
2011-06-27 10:58:00,10.0320,10.0440,10.0100,10.0260,310268
2011-06-27 10:57:00,10.0310,10.0430,10.0100,10.0290,363636
2011-06-27 10:56:00,10.0270,10.0430,10.0060,10.0260,397180
2011-06-27 10:55:00,10.0330,10.0440,10.0070,10.0250,277760
2011-06-27 10:54:00,10.0280,10.0450,10.0080,10.0270,807492
2011-06-27 10:53:00,10.0330,10.0450,10.0090,10.0250,485996
2011-06-27 10:52:00,10.0350,10.0510,10.0140,10.0300,849408
2011-06-27 10:51:00,10.0290,10.0470,10.0090,10.0320,602924
2011-06-27 10:50:00,10.0320,10.0430,10.0080,10.0250,301196
2011-06-27 10:49:00,10.0340,10.0460,10.0080,10.0280,606480
2011-06-27 10:48:00,10.0350,10.0470,10.0120,10.0310,482944
2011-06-27 10:47:00,10.0420,10.0540,10.0160,10.0320,441700
2011-06-27 10:46:00,10.0350,10.0540,10.0160,10.0380,437668
2011-06-27 10:45:00,10.0410,10.0540,10.0130,10.0330,784252
2011-06-27 10:44:00,10.0350,10.0540,10.0150,10.0380,633052
2011-06-27 10:43:00,10.0400,10.0520,10.0130,10.0340,756084
2011-06-27 10:42:00,10.0360,10.0520,10.0130,10.0350,607320
2011-06-27 10:41:00,10.0340,10.0510,10.0080,10.0350,1029616
2011-06-27 10:40:00,10.0390,10.0490,10.0080,10.0310,1018556
2011-06-27 10:39:00,10.0410,10.0530,10.0180,10.0350,424200
2011-06-27 10:38:00,10.0440,10.0600,10.0210,10.0370,679560
2011-06-27 10:37:00,10.0410,10.0560,10.0200,10.0400,624008
2011-06-27 10:36:00,10.0450,10.0570,10.0210,10.0370,732312
2011-06-27 10:35:00,10.0410,10.0570,10.0140,10.0410,1298052
2011-06-27 10:34:00,10.0420,10.0530,10.0180,10.0360,610596
2011-06-27 10:33:00,10.0440,10.0590,10.0140,10.0400,1565844
2011-06-27 10:32:00,10.0420,10.0590,10.0210,10.0400,554624
2011-06-27 10:31:00,10.0510,10.0640,10.0200,10.0390,1284024
2011-06-27 10:30:00,10.0530,10.0730,10.0300,10.0460,2177308
2011-06-27 10:29:00,10.0410,10.0620,10.0200,10.0490,1598744
2011-06-27 10:28:00,10.0380,10.0540,10.0130,10.0370,1424220
2011-06-27 10:27:00,10.0290,10.0500,10.0090,10.0340,888580
2011-06-27 10:26:00,10.0300,10.0430,10.0040,10.0260,1318884
2011-06-27 10:25:00,10.0320,10.0500,10.0110,10.0270,1723568
2011-06-27 10:24:00,10.0290,10.0450,10.0070,10.0290,1437828
2011-06-27 10:23:00,10.0230,10.0410,10.0030,10.0230,1290492
2011-06-27 10:22:00,10.0120,10.0330,9.9900,10.0190,1815296
2011-06-27 10:21:00,10.0100,10.0230,9.9840,10.0080,1390424
2011-06-27 10:20:00,10.0090,10.0220,9.9870,10.0080,1273552
2011-06-27 10:19:00,10.0000,10.0200,9.9780,10.0060,2146144
2011-06-27 10:18:00,9.9990,10.0140,9.9780,9.9970,1106616
2011-06-27 10:17:00,10.0030,10.0150,9.9760,9.9980,808388
2011-06-27 10:16:00,9.9960,10.0140,9.9750,10.0000,608524
2011-06-27 10:15:00,9.9980,10.0120,9.9750,9.9900,956620
2011-06-27 10:14:00,9.9900,10.0080,9.9690,9.9950,523544
2011-06-27 10:13:00,9.9840,10.0040,9.9640,9.9870,926408
2011-06-27 10:12:00,9.9860,10.0010,9.9640,9.9810,423472
2011-06-27 10:11:00,9.9870,10.0010,9.9640,9.9850,555436
2011-06-27 10:10:00,9.9880,9.9990,9.9640,9.9830,1156960
2011-06-27 10:09:00,9.9960,10.0060,9.9680,9.9840,813680
2011-06-27 10:08:00,9.9900,10.0090,9.9700,9.9920,1067808
2011-06-27 10:07:00,9.9950,10.0090,9.9710,9.9870,1333500
2011-06-27 10:06:00,9.9920,10.0090,9.9730,9.9950,462812
2011-06-27 10:05:00,10.0040,10.0160,9.9730,9.9900,611660
2011-06-27 10:04:00,9.9950,10.0160,9.9690,10.0020,1397368
2011-06-27 10:03:00,9.9980,10.0150,9.9760,9.9920,744576
2011-06-27 10:02:00,9.9990,10.0120,9.9750,9.9940,488852
2011-06-27 10:01:00,10.0030,10.0210,9.9800,9.9960,1349124
2011-06-27 10:00:00,9.9990,10.0120,9.9730,9.9970,577080
2011-06-27 09:59:00,9.9990,10.0150,9.9740,9.9920,1126384
2011-06-27 09:58:00,10.0040,10.0150,9.9780,9.9940,846524
2011-06-27 09:57:00,10.0090,10.0210,9.9810,10.0000,1093232
2011-06-27 09:56:00,10.0140,10.0260,9.9870,10.0050,1105720
2011-06-27 09:55:00,9.9990,10.0260,9.9800,10.0110,1408568
2011-06-27 09:54:00,9.9960,10.0110,9.9740,9.9950,1059996
2011-06-27 09:53:00,10.0060,10.0210,9.9750,9.9920,2070068
2011-06-27 09:52:00,9.9960,10.0220,9.9760,10.0030,2391704
2011-06-27 09:51:00,9.9830,10.0090,9.9620,9.9930,1629068
2011-06-27 09:50:00,9.9960,10.0070,9.9630,9.9800,1153012
2011-06-27 09:49:00,9.9790,10.0060,9.9600,9.9910,1170484
2011-06-27 09:48:00,9.9860,9.9990,9.9590,9.9750,1653904
2011-06-27 09:47:00,9.9910,10.0010,9.9650,9.9830,792484
2011-06-27 09:46:00,9.9860,10.0010,9.9610,9.9850,1662948
2011-06-27 09:45:00,9.9890,10.0030,9.9640,9.9850,1387120
2011-06-27 09:44:00,9.9760,10.0010,9.9560,9.9830,1845424
2011-06-27 09:43:00,9.9770,9.9960,9.9510,9.9750,2536884
2011-06-27 09:42:00,9.9740,9.9900,9.9460,9.9740,1968792
2011-06-27 09:41:00,9.9630,9.9880,9.9350,9.9730,2296896
2011-06-27 09:40:00,9.9520,9.9760,9.9270,9.9600,1495844
2011-06-27 09:39:00,9.9520,9.9700,9.9300,9.9480,2046408
2011-06-27 09:38:00,9.9360,9.9660,9.9100,9.9520,1575224
2011-06-27 09:37:00,9.9380,9.9500,9.9060,9.9320,1800540
2011-06-27 09:36:00,9.9480,9.9610,9.9080,9.9360,1430604
2011-06-27 09:35:00,9.9570,9.9700,9.9170,9.9430,2126628
2011-06-27 09:34:00,9.9530,9.9710,9.9310,9.9540,1164072
2011-06-27 09:33:00,9.9730,9.9840,9.9270,9.9470,1975736
2011-06-27 09:32:00,9.9670,9.9890,9.9320,9.9700,2945572
2011-06-27 09:31:00,9.9520,9.9760,9.9300,9.9610,1869672
2011-06-27 09:30:00,9.9340,9.9720,9.9040,9.9480,4752076
2011-06-27 09:29:00,9.9370,9.9490,9.9110,9.9320,117628
2011-06-27 09:28:00,9.9410,9.9520,9.9030,9.9340,243180
2011-06-27 09:27:00,9.9450,9.9550,9.9250,9.9400,30100
2011-06-27 09:26:00,9.9440,9.9550,9.9250,9.9410,14420
2011-06-27 09:24:00,9.9450,9.9550,9.9250,9.9410,33600
2011-06-27 09:23:00,9.9450,9.9550,9.9250,9.9420,47180
2011-06-27 09:22:00,9.9420,9.9550,9.9220,9.9420,26040
2011-06-27 09:21:00,9.9460,9.9560,9.9180,9.9340,129696
2011-06-27 09:20:00,9.9460,9.9570,9.9270,9.9430,5600
2011-06-27 09:19:00,9.9500,9.9600,9.9260,9.9450,36960
2011-06-27 09:18:00,9.9500,9.9600,9.9310,9.9460,2800
2011-06-27 09:17:00,9.9500,9.9600,9.9290,9.9450,9800
2011-06-27 09:16:00,9.9460,9.9590,9.9260,9.9450,37632
2011-06-27 09:15:00,9.9470,9.9570,9.9270,9.9430,11200
2011-06-27 09:14:00,9.9500,9.9630,9.9270,9.9440,87556
2011-06-27 09:13:00,9.9490,9.9590,9.9280,9.9450,12292
2011-06-27 09:12:00,9.9470,9.9580,9.9260,9.9420,193200
2011-06-27 09:11:00,9.9500,9.9600,9.9260,9.9430,72800
2011-06-27 09:10:00,9.9500,9.9600,9.9280,9.9430,24360
2011-06-27 09:09:00,9.9500,9.9600,9.9310,9.9460,5600
2011-06-27 09:08:00,9.9520,9.9620,9.9270,9.9420,48916
2011-06-27 09:07:00,9.9520,9.9620,9.9320,9.9480,2800
2011-06-27 09:06:00,9.9540,9.9650,9.9350,9.9510,32200
2011-06-27 09:05:00,9.9500,9.9600,9.9310,9.9470,2800
2011-06-27 09:04:00,9.9490,9.9620,9.9300,9.9470,44884
2011-06-27 09:03:00,9.9590,9.9710,9.9320,9.9480,102144
2011-06-27 09:02:00,9.9610,9.9710,9.9410,9.9570,9800
2011-06-27 09:01:00,9.9620,9.9730,9.9360,9.9560,37184
2011-06-27 08:59:00,9.9630,9.9730,9.9430,9.9590,10584
2011-06-27 08:58:00,9.9650,9.9750,9.9440,9.9600,22400
2011-06-27 08:55:00,9.9680,9.9800,9.9490,9.9660,6104
2011-06-27 08:54:00,9.9680,9.9800,9.9490,9.9660,30800
2011-06-27 08:53:00,9.9660,9.9780,9.9470,9.9640,47880
2011-06-27 08:52:00,9.9680,9.9780,9.9490,9.9650,2800
2011-06-27 08:51:00,9.9700,9.9800,9.9510,9.9660,2800
2011-06-27 08:50:00,9.9740,9.9840,9.9480,9.9690,12320
2011-06-27 08:49:00,9.9760,9.9860,9.9480,9.9690,109340
2011-06-27 08:48:00,9.9680,9.9860,9.9490,9.9720,137200
2011-06-27 08:47:00,9.9610,9.9760,9.9420,9.9630,64400
2011-06-27 08:46:00,9.9610,9.9730,9.9410,9.9580,14000
2011-06-27 08:45:00,9.9550,9.9690,9.9350,9.9550,30800
2011-06-27 08:44:00,9.9480,9.9630,9.9290,9.9500,59500
2011-06-27 08:43:00,9.9460,9.9580,9.9260,9.9450,16128
2011-06-27 08:42:00,9.9460,9.9570,9.9270,9.9430,25200
2011-06-27 08:40:00,9.9490,9.9590,9.9290,9.9450,5600
2011-06-27 08:39:00,9.9470,9.9610,9.9260,9.9420,59500
2011-06-27 08:38:00,9.9530,9.9630,9.9340,9.9490,50400
2011-06-27 08:37:00,9.9560,9.9660,9.9340,9.9500,22400
2011-06-27 08:36:00,9.9610,9.9710,9.9410,9.9570,2800
2011-06-27 08:35:00,9.9540,9.9640,9.9340,9.9500,8400
2011-06-27 08:34:00,9.9560,9.9660,9.9340,9.9500,14000
2011-06-27 08:31:00,9.9580,9.9710,9.9380,9.9570,28840
2011-06-27 08:30:00,9.9580,9.9680,9.9380,9.9530,14896
2011-06-27 08:28:00,9.9630,9.9730,9.9390,9.9540,28000
2011-06-27 08:27:00,9.9630,9.9730,9.9440,9.9600,2800
2011-06-27 08:22:00,9.9610,9.9710,9.9410,9.9570,2800
2011-06-27 08:20:00,9.9610,9.9710,9.9410,9.9570,2800
2011-06-27 08:16:00,9.9610,9.9710,9.9410,9.9580,29400
2011-06-27 08:15:00,9.9570,9.9710,9.9380,9.9570,9800
2011-06-27 08:10:00,9.9580,9.9680,9.9380,9.9540,4200
2011-06-27 08:09:00,9.9570,9.9710,9.9380,9.9570,44520
2011-06-27 08:07:00,9.9570,9.9670,9.9360,9.9520,25200
2011-06-27 08:06:00,9.9570,9.9670,9.9380,9.9530,7980
2011-06-27 08:05:00,9.9610,9.9720,9.9410,9.9580,11620
2011-06-27 08:03:00,9.9630,9.9730,9.9410,9.9570,95032
2011-06-27 08:02:00,9.9700,9.9800,9.9450,9.9610,11200
2011-06-27 08:01:00,9.9600,9.9800,9.9410,9.9670,42896
2011-06-27 08:00:00,9.9720,9.9820,9.9360,9.9570,179592
2011-06-27 07:59:00,9.9690,9.9820,9.9490,9.9680,8400
2011-06-27 07:58:00,9.9720,9.9830,9.9520,9.9690,33460
2011-06-27 07:57:00,9.9720,9.9820,9.9530,9.9680,5600
2011-06-27 07:55:00,9.9740,9.9860,9.9540,9.9720,16800
2011-06-27 07:54:00,9.9790,9.9890,9.9540,9.9700,40600
2011-06-27 07:53:00,9.9840,9.9950,9.9640,9.9810,11060
2011-06-27 07:51:00,9.9790,9.9890,9.9600,9.9750,2800
2011-06-27 07:50:00,9.9790,9.9890,9.9600,9.9750,5600
2011-06-27 07:48:00,9.9760,9.9860,9.9570,9.9720,14000
2011-06-27 07:47:00,9.9760,9.9860,9.9570,9.9720,2800
2011-06-27 07:44:00,9.9760,9.9860,9.9570,9.9720,2800
2011-06-27 07:42:00,9.9720,9.9820,9.9530,9.9680,2800
2011-06-27 07:39:00,9.9800,9.9900,9.9610,9.9770,2800
2011-06-27 07:38:00,9.9770,9.9910,9.9570,9.9770,33600
2011-06-27 07:34:00,9.9800,9.9900,9.9610,9.9770,5600
2011-06-27 07:33:00,9.9850,9.9950,9.9570,9.9720,30800
2011-06-27 07:32:00,9.9860,10.0000,9.9660,9.9860,33600
2011-06-27 07:31:00,9.9840,9.9950,9.9640,9.9810,100800
2011-06-27 07:30:00,9.9760,9.9860,9.9540,9.9690,60200
2011-06-27 07:28:00,9.9690,9.9800,9.9500,9.9660,2800
2011-06-27 07:27:00,9.9680,9.9780,9.9480,9.9640,14000
2011-06-27 07:25:00,9.9760,9.9860,9.9490,9.9640,34300
2011-06-27 07:24:00,9.9700,9.9870,9.9510,9.9730,60480
2011-06-27 07:23:00,9.9730,9.9830,9.9500,9.9650,19600
2011-06-27 07:22:00,9.9680,9.9830,9.9490,9.9690,50400
2011-06-27 07:21:00,9.9600,9.9710,9.9410,9.9570,8400
2011-06-27 07:18:00,9.9580,9.9680,9.9380,9.9540,16520
2011-06-27 07:17:00,9.9520,9.9680,9.9320,9.9530,14000
2011-06-27 07:14:00,9.9460,9.9560,9.9260,9.9420,2800
2011-06-27 07:12:00,9.9500,9.9600,9.9310,9.9460,2800
2011-06-27 07:11:00,9.9460,9.9630,9.9260,9.9420,44800
2011-06-27 07:07:00,9.9520,9.9620,9.9320,9.9480,12600
2011-06-27 07:03:00,9.9400,9.9500,9.9210,9.9370,2800
2011-06-27 06:58:00,9.9530,9.9630,9.9260,9.9420,5600
2011-06-27 06:57:00,9.9530,9.9630,9.9340,9.9490,5600
2011-06-27 06:22:00,9.9460,9.9560,9.9270,9.9420,2800
2011-06-27 06:21:00,9.9420,9.9530,9.9230,9.9390,22400
2011-06-27 05:05:00,9.9200,9.9300,9.9010,9.9160,2800
2011-06-27 05:01:00,9.9370,9.9470,9.9180,9.9340,2800
2011-06-27 04:49:00,9.9150,9.9260,9.8960,9.9120,2800
2011-06-27 04:48:00,9.9150,9.9260,9.8960,9.9120,2800
2011-06-27 04:47:00,9.9150,9.9260,9.8960,9.9120,2800
2011-06-24 19:59:00,9.8840,9.8940,9.8650,9.8800,5600
2011-06-24 19:58:00,9.8820,9.8920,9.8620,9.8780,11200
2011-06-24 19:53:00,9.8770,9.8870,9.8580,9.8740,8400
2011-06-24 19:49:00,9.8770,9.8870,9.8580,9.8740,5600
2011-06-24 19:48:00,9.8760,9.8860,9.8570,9.8720,15652
2011-06-24 19:46:00,9.8760,9.8860,9.8570,9.8720,11200
2011-06-24 19:44:00,9.8770,9.8870,9.8580,9.8740,5600
2011-06-24 19:41:00,9.8820,9.8920,9.8620,9.8780,4172
2011-06-24 19:36:00,9.8790,9.8890,9.8600,9.8750,2800
2011-06-24 19:35:00,9.8800,9.8900,9.8610,9.8760,2800
2011-06-24 19:22:00,9.8770,9.8870,9.8580,9.8740,2800
2011-06-24 19:18:00,9.8750,9.8850,9.8560,9.8710,4760
2011-06-24 19:17:00,9.8750,9.8850,9.8560,9.8720,8400
2011-06-24 19:07:00,9.8800,9.8900,9.8610,9.8760,5600
2011-06-24 19:04:00,9.8800,9.8900,9.8610,9.8760,2800
2011-06-24 19:03:00,9.8780,9.8880,9.8590,9.8740,2800
2011-06-24 19:01:00,9.8800,9.8900,9.8610,9.8770,4340
2011-06-24 18:55:00,9.8790,9.8890,9.8600,9.8750,2800
2011-06-24 18:47:00,9.8750,9.8850,9.8560,9.8710,6860
2011-06-24 18:44:00,9.8770,9.8870,9.8580,9.8740,2800
2011-06-24 18:24:00,9.8760,9.8860,9.8570,9.8730,2800
2011-06-24 18:11:00,9.8760,9.8860,9.8570,9.8720,17360
2011-06-24 18:10:00,9.8950,9.9050,9.8740,9.8900,142772
2011-06-24 18:09:00,9.8760,9.8860,9.8570,9.8720,8400
2011-06-24 18:01:00,9.8850,9.8950,9.8650,9.8800,5600
2011-06-24 17:33:00,9.9730,9.9830,9.9540,9.9700,81200
2011-06-24 17:23:00,9.8910,9.9100,9.8720,9.8960,61012
2011-06-24 17:12:00,9.8830,9.8930,9.8620,9.8780,5600
2011-06-24 17:06:00,9.8950,9.9050,9.8760,9.8910,427476
2011-06-24 17:02:00,9.8830,9.8930,9.8640,9.8800,2800
2011-06-24 16:58:00,9.8780,9.8890,9.8590,9.8740,80780
2011-06-24 16:55:00,9.8780,9.8880,9.8580,9.8740,77448
2011-06-24 16:54:00,9.8800,9.8900,9.8580,9.8740,109508
2011-06-24 16:51:00,9.8790,9.9000,9.8600,9.8750,2586528
2011-06-24 16:50:00,9.8800,9.8900,9.8600,9.8750,43708
2011-06-24 16:49:00,9.8820,9.9080,9.8630,9.8940,16800
2011-06-24 16:48:00,9.8840,9.8940,9.8630,9.8780,15400
2011-06-24 16:47:00,9.8850,9.9100,9.8660,9.8970,35616
2011-06-24 16:44:00,9.8950,9.9050,9.8760,9.8920,260764
2011-06-24 16:42:00,9.8710,9.8930,9.8520,9.8790,72800
2011-06-24 16:35:00,9.8850,9.8950,9.8660,9.8810,4480
2011-06-24 16:34:00,9.8850,9.9050,9.8650,9.8810,541660
2011-06-24 16:33:00,9.8830,9.9030,9.8640,9.8900,954128
2011-06-24 16:32:00,9.8830,9.8930,9.8640,9.8800,14000
2011-06-24 16:31:00,9.8830,9.8930,9.8640,9.8800,3080
2011-06-24 16:28:00,9.8940,9.9040,9.8640,9.8790,129220
2011-06-24 16:27:00,9.8810,9.8920,9.8610,9.8780,53200
2011-06-24 16:26:00,9.8920,9.9020,9.8730,9.8880,52500
2011-06-24 16:25:00,9.8940,9.9040,9.8630,9.8780,137368
2011-06-24 16:24:00,9.8920,9.9020,9.8730,9.8890,168336
2011-06-24 16:23:00,9.8920,9.9020,9.8730,9.8890,118524
2011-06-24 16:22:00,9.8940,9.9040,9.8650,9.8810,255248
2011-06-24 16:21:00,9.8870,9.9090,9.8680,9.8930,396508
2011-06-24 16:20:00,9.8920,9.9020,9.8730,9.8880,8792
2011-06-24 16:19:00,9.8940,9.9040,9.8710,9.8870,246624
2011-06-24 16:18:00,9.8920,9.9020,9.8660,9.8820,36092
2011-06-24 16:17:00,9.8850,9.8980,9.8660,9.8840,14000
2011-06-24 16:16:00,9.8890,9.8980,9.8670,9.8820,14000
2011-06-24 16:15:00,9.8870,9.8970,9.8680,9.8830,8400
2011-06-24 16:14:00,9.8860,9.8980,9.8670,9.8840,22400
2011-06-24 16:13:00,9.8860,9.8960,9.8670,9.8820,47600
2011-06-24 16:12:00,9.8870,9.9050,9.8680,9.8840,91196
2011-06-24 16:11:00,9.8870,9.8970,9.8680,9.8840,25284
2011-06-24 16:10:00,9.8860,9.8960,9.8670,9.8820,5600
2011-06-24 16:09:00,9.8850,9.8950,9.8660,9.8810,2800
2011-06-24 16:08:00,9.8860,9.8980,9.8660,9.8810,44800
2011-06-24 16:07:00,9.8850,9.8950,9.8660,9.8820,9800
2011-06-24 16:06:00,9.9620,9.9720,9.8660,9.8810,56700
2011-06-24 16:05:00,9.8850,9.8980,9.8660,9.8850,30800
2011-06-24 16:04:00,9.8890,9.8990,9.8670,9.8820,8400
2011-06-24 16:03:00,9.8870,9.8970,9.8660,9.8810,24556
2011-06-24 16:02:00,9.8880,9.9690,9.8690,9.8870,32060
2011-06-24 16:01:00,9.8940,9.9040,9.8690,9.8880,79268
2011-06-24 16:00:00,9.8950,9.9050,9.8660,9.8820,11695684
2011-06-24 15:59:00,9.8860,9.9070,9.8590,9.8920,4471236
2011-06-24 15:58:00,9.8890,9.9000,9.8640,9.8830,2515856
2011-06-24 15:57:00,9.8850,9.8990,9.8640,9.8850,2032744
2011-06-24 15:56:00,9.8820,9.8960,9.8620,9.8810,2083368
2011-06-24 15:55:00,9.8750,9.8930,9.8550,9.8790,2048648
2011-06-24 15:54:00,9.8740,9.8870,9.8530,9.8720,1621704
2011-06-24 15:53:00,9.8700,9.8860,9.8460,9.8710,2096024
2011-06-24 15:52:00,9.8680,9.8810,9.8480,9.8670,1328180
2011-06-24 15:51:00,9.8730,9.8860,9.8480,9.8640,1218700
2011-06-24 15:50:00,9.8680,9.8910,9.8470,9.8710,2592800
2011-06-24 15:49:00,9.8650,9.8790,9.8420,9.8630,1218952
2011-06-24 15:48:00,9.8650,9.8770,9.8420,9.8610,1567776
2011-06-24 15:47:00,9.8750,9.8850,9.8460,9.8630,2707012
2011-06-24 15:46:00,9.8780,9.8900,9.8550,9.8710,988540
2011-06-24 15:45:00,9.8800,9.8900,9.8570,9.8750,1102584
2011-06-24 15:44:00,9.8810,9.8910,9.8580,9.8770,745920
2011-06-24 15:43:00,9.8820,9.8950,9.8600,9.8780,1045632
2011-06-24 15:42:00,9.8830,9.8970,9.8620,9.8780,995232
2011-06-24 15:41:00,9.8810,9.8950,9.8600,9.8790,774704
2011-06-24 15:40:00,9.8810,9.8930,9.8590,9.8760,581336
2011-06-24 15:39:00,9.8770,9.8930,9.8570,9.8780,463036
2011-06-24 15:38:00,9.8850,9.8960,9.8560,9.8720,807212
2011-06-24 15:37:00,9.8800,9.8980,9.8600,9.8820,902468
2011-06-24 15:36:00,9.8930,9.9030,9.8610,9.8770,1554280
2011-06-24 15:35:00,9.8970,9.9090,9.8680,9.8880,1543220
2011-06-24 15:34:00,9.8740,9.9080,9.8540,9.8950,3253460
2011-06-24 15:33:00,9.8680,9.8860,9.8490,9.8710,699552
2011-06-24 15:32:00,9.8690,9.8880,9.8480,9.8670,1601068
2011-06-24 15:31:00,9.8660,9.8780,9.8440,9.8650,1145620
2011-06-24 15:30:00,9.8640,9.8760,9.8420,9.8620,1217160
2011-06-24 15:29:00,9.8650,9.8760,9.8410,9.8610,1252944
2011-06-24 15:28:00,9.8620,9.8750,9.8410,9.8610,911624
2011-06-24 15:27:00,9.8610,9.8740,9.8390,9.8580,1196104
2011-06-24 15:26:00,9.8590,9.8750,9.8390,9.8570,1297184
2011-06-24 15:25:00,9.8620,9.8720,9.8380,9.8550,560784
2011-06-24 15:24:00,9.8590,9.8730,9.8380,9.8580,1138732
2011-06-24 15:23:00,9.8640,9.8770,9.8400,9.8570,1121456
2011-06-24 15:22:00,9.8680,9.8810,9.8440,9.8610,736932
2011-06-24 15:21:00,9.8650,9.8790,9.8400,9.8650,1146264
2011-06-24 15:20:00,9.8680,9.8800,9.8460,9.8610,1231692
2011-06-24 15:19:00,9.8610,9.8790,9.8420,9.8650,874496
2011-06-24 15:18:00,9.8680,9.8790,9.8380,9.8570,1929424
2011-06-24 15:17:00,9.8750,9.8860,9.8480,9.8630,998284
2011-06-24 15:16:00,9.8760,9.8880,9.8540,9.8720,1368388
2011-06-24 15:15:00,9.8770,9.8880,9.8540,9.8720,695156
2011-06-24 15:14:00,9.8760,9.8870,9.8510,9.8740,868896
2011-06-24 15:13:00,9.8730,9.8870,9.8510,9.8730,1638364
2011-06-24 15:12:00,9.8880,9.8980,9.8530,9.8700,2354996
2011-06-24 15:11:00,9.8880,9.9000,9.8660,9.8840,921788
2011-06-24 15:10:00,9.8890,9.9020,9.8680,9.8860,849744
2011-06-24 15:09:00,9.8950,9.9070,9.8680,9.8860,1552404
2011-06-24 15:08:00,9.9000,9.9100,9.8750,9.8910,794976
2011-06-24 15:07:00,9.8960,9.9100,9.8760,9.8960,568736
2011-06-24 15:06:00,9.8950,9.9080,9.8750,9.8930,1154776
2011-06-24 15:05:00,9.9030,9.9140,9.8760,9.8920,1801464
2011-06-24 15:04:00,9.9080,9.9180,9.8840,9.9000,637196
2011-06-24 15:03:00,9.9120,9.9220,9.8880,9.9040,371168
2011-06-24 15:02:00,9.9140,9.9260,9.8920,9.9100,228844
2011-06-24 15:01:00,9.9150,9.9260,9.8910,9.9100,296464
2011-06-24 15:00:00,9.9110,9.9250,9.8890,9.9090,628572
2011-06-24 14:59:00,9.9100,9.9220,9.8880,9.9050,459788
2011-06-24 14:58:00,9.9120,9.9230,9.8890,9.9050,472220
2011-06-24 14:57:00,9.9120,9.9260,9.8890,9.9070,551600
2011-06-24 14:56:00,9.9120,9.9240,9.8860,9.9100,1247316
2011-06-24 14:55:00,9.9190,9.9290,9.8940,9.9090,238728
2011-06-24 14:54:00,9.9130,9.9310,9.8940,9.9160,278264
2011-06-24 14:53:00,9.9130,9.9270,9.8940,9.9120,511028
2011-06-24 14:52:00,9.9110,9.9240,9.8900,9.9100,342328
2011-06-24 14:51:00,9.9130,9.9250,9.8880,9.9070,594608
2011-06-24 14:50:00,9.9060,9.9240,9.8850,9.9080,315084
2011-06-24 14:49:00,9.9160,9.9300,9.8870,9.9030,962024
2011-06-24 14:48:00,9.9130,9.9270,9.8930,9.9120,657076
2011-06-24 14:47:00,9.9220,9.9320,9.8930,9.9100,857892
2011-06-24 14:46:00,9.9140,9.9360,9.8940,9.9160,700672
2011-06-24 14:45:00,9.9150,9.9250,9.8930,9.9100,550620
2011-06-24 14:44:00,9.9110,9.9390,9.8910,9.9110,1476692
2011-06-24 14:43:00,9.9030,9.9220,9.8840,9.9070,463820
2011-06-24 14:42:00,9.9040,9.9140,9.8790,9.9000,563724
2011-06-24 14:41:00,9.9090,9.9190,9.8840,9.8990,400848
2011-06-24 14:40:00,9.9070,9.9190,9.8840,9.9050,445984
2011-06-24 14:39:00,9.9060,9.9190,9.8870,9.9020,326480
2011-06-24 14:38:00,9.9050,9.9200,9.8790,9.9020,909776
2011-06-24 14:37:00,9.9060,9.9180,9.8780,9.9010,1402352
2011-06-24 14:36:00,9.9120,9.9220,9.8870,9.9020,387492
2011-06-24 14:35:00,9.9160,9.9310,9.8870,9.9080,966728
2011-06-24 14:34:00,9.9260,9.9370,9.8960,9.9120,575456
2011-06-24 14:33:00,9.9290,9.9390,9.9070,9.9230,231588
2011-06-24 14:32:00,9.9290,9.9400,9.9060,9.9240,299992
2011-06-24 14:31:00,9.9330,9.9430,9.9100,9.9250,250796
2011-06-24 14:30:00,9.9270,9.9450,9.9080,9.9290,508004
2011-06-24 14:29:00,9.9250,9.9410,9.9060,9.9220,413224
2011-06-24 14:28:00,9.9220,9.9400,9.9020,9.9210,380548
2011-06-24 14:27:00,9.9190,9.9350,9.8980,9.9170,256844
2011-06-24 14:26:00,9.9230,9.9330,9.8980,9.9140,369796
2011-06-24 14:25:00,9.9260,9.9420,9.9020,9.9180,374220
2011-06-24 14:24:00,9.9290,9.9390,9.9020,9.9220,367836
2011-06-24 14:23:00,9.9230,9.9400,9.9010,9.9230,424592
2011-06-24 14:22:00,9.9260,9.9370,9.9020,9.9210,407372
2011-06-24 14:21:00,9.9210,9.9360,9.8980,9.9210,572096
2011-06-24 14:20:00,9.9280,9.9380,9.9000,9.9180,818328
2011-06-24 14:19:00,9.9240,9.9410,9.9040,9.9250,457912
2011-06-24 14:18:00,9.9230,9.9350,9.9010,9.9200,877016
2011-06-24 14:17:00,9.9110,9.9370,9.8920,9.9210,1339492
2011-06-24 14:16:00,9.9100,9.9210,9.8880,9.9070,166740
2011-06-24 14:15:00,9.9030,9.9210,9.8830,9.9070,388444
2011-06-24 14:14:00,9.9030,9.9170,9.8820,9.9000,299964
2011-06-24 14:13:00,9.9110,9.9210,9.8820,9.8980,981596
2011-06-24 14:12:00,9.9040,9.9250,9.8850,9.9080,328188
2011-06-24 14:11:00,9.9040,9.9220,9.8830,9.9020,641452
2011-06-24 14:10:00,9.9070,9.9170,9.8830,9.9010,519316
2011-06-24 14:09:00,9.9130,9.9240,9.8870,9.9050,618296
2011-06-24 14:08:00,9.9100,9.9250,9.8910,9.9100,215460
2011-06-24 14:07:00,9.9100,9.9250,9.8890,9.9050,563416
2011-06-24 14:06:00,9.9050,9.9210,9.8850,9.9060,584444
2011-06-24 14:05:00,9.9140,9.9260,9.8840,9.9030,1188040
2011-06-24 14:04:00,9.9160,9.9300,9.8950,9.9100,476756
2011-06-24 14:03:00,9.9150,9.9290,9.8940,9.9130,740740
2011-06-24 14:02:00,9.9220,9.9330,9.8960,9.9120,728168
2011-06-24 14:01:00,9.9340,9.9440,9.9020,9.9200,1043924
2011-06-24 14:00:00,9.9360,9.9470,9.9140,9.9300,770560
2011-06-24 13:59:00,9.9410,9.9510,9.9140,9.9310,494816
2011-06-24 13:58:00,9.9380,9.9530,9.9180,9.9380,640220
2011-06-24 13:57:00,9.9390,9.9510,9.9180,9.9360,552748
2011-06-24 13:56:00,9.9440,9.9550,9.9200,9.9350,637980
2011-06-24 13:55:00,9.9500,9.9630,9.9210,9.9370,883316
2011-06-24 13:54:00,9.9480,9.9650,9.9290,9.9480,456120
2011-06-24 13:53:00,9.9520,9.9630,9.9210,9.9440,1379868
2011-06-24 13:52:00,9.9540,9.9720,9.9310,9.9470,1226456
2011-06-24 13:51:00,9.9510,9.9660,9.9310,9.9490,501144
2011-06-24 13:50:00,9.9570,9.9680,9.9310,9.9470,934024
2011-06-24 13:49:00,9.9460,9.9680,9.9260,9.9540,977172
2011-06-24 13:48:00,9.9470,9.9600,9.9240,9.9400,769440
2011-06-24 13:47:00,9.9400,9.9620,9.9160,9.9430,1278424
2011-06-24 13:46:00,9.9380,9.9540,9.9120,9.9380,1225896
2011-06-24 13:45:00,9.9210,9.9490,9.9020,9.9350,724640
2011-06-24 13:44:00,9.9200,9.9350,9.9000,9.9200,330344
2011-06-24 13:43:00,9.9220,9.9350,9.8990,9.9180,776328
2011-06-24 13:42:00,9.9270,9.9380,9.8980,9.9180,777952
2011-06-24 13:41:00,9.9320,9.9420,9.9050,9.9230,443352
2011-06-24 13:40:00,9.9310,9.9470,9.9080,9.9250,742084
2011-06-24 13:39:00,9.9320,9.9520,9.9080,9.9280,1933932
2011-06-24 13:38:00,9.9180,9.9420,9.8970,9.9270,1220044
2011-06-24 13:37:00,9.9140,9.9310,9.8950,9.9140,1039052
2011-06-24 13:36:00,9.9130,9.9240,9.8910,9.9100,253372
2011-06-24 13:35:00,9.9120,9.9230,9.8880,9.9100,502432
2011-06-24 13:34:00,9.9130,9.9250,9.8890,9.9110,790412
2011-06-24 13:33:00,9.9140,9.9260,9.8940,9.9090,479108
2011-06-24 13:32:00,9.9120,9.9270,9.8920,9.9100,785904
2011-06-24 13:31:00,9.9100,9.9230,9.8890,9.9070,654640
2011-06-24 13:30:00,9.9090,9.9240,9.8900,9.9060,526736
2011-06-24 13:29:00,9.9220,9.9320,9.8890,9.9050,602224
2011-06-24 13:28:00,9.9220,9.9330,9.8990,9.9170,490700
2011-06-24 13:27:00,9.9200,9.9350,9.8990,9.9180,509404
2011-06-24 13:26:00,9.9250,9.9380,9.9000,9.9170,791392
2011-06-24 13:25:00,9.9220,9.9380,9.9000,9.9220,604044
2011-06-24 13:24:00,9.9130,9.9330,9.8940,9.9180,831320
2011-06-24 13:23:00,9.9110,9.9240,9.8900,9.9100,421568
2011-06-24 13:22:00,9.9130,9.9240,9.8900,9.9060,603708
2011-06-24 13:21:00,9.9150,9.9280,9.8930,9.9100,372260
2011-06-24 13:20:00,9.9150,9.9250,9.8940,9.9110,241276
2011-06-24 13:19:00,9.9170,9.9290,9.8930,9.9100,415688
2011-06-24 13:18:00,9.9160,9.9300,9.8910,9.9140,707448
2011-06-24 13:17:00,9.9180,9.9300,9.8970,9.9130,655116
2011-06-24 13:16:00,9.9170,9.9300,9.8950,9.9140,596932
2011-06-24 13:15:00,9.9220,9.9360,9.8980,9.9140,620732
2011-06-24 13:14:00,9.9270,9.9390,9.9010,9.9190,434000
2011-06-24 13:13:00,9.9310,9.9430,9.9070,9.9250,629440
2011-06-24 13:12:00,9.9180,9.9410,9.8980,9.9260,700140
2011-06-24 13:11:00,9.9180,9.9310,9.8930,9.9140,336560
2011-06-24 13:10:00,9.9200,9.9320,9.8970,9.9150,429156
2011-06-24 13:09:00,9.9150,9.9330,9.8960,9.9150,691796
2011-06-24 13:08:00,9.9160,9.9280,9.8910,9.9120,381864
2011-06-24 13:07:00,9.9140,9.9290,9.8880,9.9130,1956164
2011-06-24 13:06:00,9.9090,9.9260,9.8890,9.9110,969416
2011-06-24 13:05:00,9.9060,9.9190,9.8850,9.9060,574364
2011-06-24 13:04:00,9.8990,9.9210,9.8770,9.9040,1281616
2011-06-24 13:03:00,9.9160,9.9270,9.8730,9.8940,3356808
2011-06-24 13:02:00,9.9240,9.9350,9.8960,9.9130,1733984
2011-06-24 13:01:00,9.9300,9.9420,9.9050,9.9210,703416
2011-06-24 13:00:00,9.9310,9.9430,9.9080,9.9270,632604
2011-06-24 12:59:00,9.9310,9.9430,9.9100,9.9270,570780
2011-06-24 12:58:00,9.9350,9.9470,9.9110,9.9280,366744
2011-06-24 12:57:00,9.9370,9.9470,9.9130,9.9330,521836
2011-06-24 12:56:00,9.9280,9.9490,9.9080,9.9320,561960
2011-06-24 12:55:00,9.9330,9.9450,9.9050,9.9210,1396864
2011-06-24 12:54:00,9.9340,9.9440,9.9110,9.9280,1165444
2011-06-24 12:53:00,9.9350,9.9450,9.9090,9.9300,1031100
2011-06-24 12:52:00,9.9420,9.9520,9.9090,9.9320,2125144
2011-06-24 12:51:00,9.9530,9.9640,9.9210,9.9390,942620
2011-06-24 12:50:00,9.9430,9.9670,9.9230,9.9500,832188
2011-06-24 12:49:00,9.9420,9.9550,9.9210,9.9400,501340
2011-06-24 12:48:00,9.9410,9.9530,9.9190,9.9360,399728
2011-06-24 12:47:00,9.9400,9.9520,9.9180,9.9380,689416
2011-06-24 12:46:00,9.9460,9.9580,9.9180,9.9380,1645280
2011-06-24 12:45:00,9.9560,9.9670,9.9280,9.9440,692244
2011-06-24 12:44:00,9.9510,9.9660,9.9320,9.9520,579348
2011-06-24 12:43:00,9.9580,9.9680,9.9310,9.9490,438816
2011-06-24 12:42:00,9.9520,9.9680,9.9320,9.9550,835884
2011-06-24 12:41:00,9.9520,9.9650,9.9310,9.9460,543144
2011-06-24 12:40:00,9.9550,9.9670,9.9330,9.9500,658588
2011-06-24 12:39:00,9.9550,9.9680,9.9350,9.9510,272272
2011-06-24 12:38:00,9.9610,9.9730,9.9370,9.9540,383516
2011-06-24 12:37:00,9.9660,9.9780,9.9410,9.9580,314608
2011-06-24 12:36:00,9.9690,9.9800,9.9440,9.9620,347228
2011-06-24 12:35:00,9.9730,9.9840,9.9500,9.9660,755468
2011-06-24 12:34:00,9.9650,9.9830,9.9450,9.9690,605612
2011-06-24 12:33:00,9.9620,9.9750,9.9400,9.9610,769720
2011-06-24 12:32:00,9.9550,9.9740,9.9360,9.9580,427644
2011-06-24 12:31:00,9.9580,9.9690,9.9340,9.9520,555576
2011-06-24 12:30:00,9.9560,9.9700,9.9350,9.9550,333760
2011-06-24 12:29:00,9.9510,9.9660,9.9310,9.9520,557368
2011-06-24 12:28:00,9.9520,9.9660,9.9310,9.9460,569464
2011-06-24 12:27:00,9.9540,9.9660,9.9300,9.9480,301000
2011-06-24 12:26:00,9.9510,9.9650,9.9300,9.9510,590800
2011-06-24 12:25:00,9.9560,9.9680,9.9310,9.9480,484120
2011-06-24 12:24:00,9.9570,9.9720,9.9360,9.9520,402640
2011-06-24 12:23:00,9.9580,9.9710,9.9370,9.9530,386148
2011-06-24 12:22:00,9.9650,9.9760,9.9340,9.9550,1592668
2011-06-24 12:21:00,9.9750,9.9860,9.9440,9.9610,1025416
2011-06-24 12:20:00,9.9760,9.9880,9.9560,9.9720,184436
2011-06-24 12:19:00,9.9740,9.9870,9.9530,9.9710,219352
2011-06-24 12:18:00,9.9720,9.9860,9.9510,9.9700,241360
2011-06-24 12:17:00,9.9790,9.9890,9.9530,9.9690,526120
2011-06-24 12:16:00,9.9790,9.9920,9.9580,9.9740,244356
2011-06-24 12:15:00,9.9770,9.9910,9.9580,9.9780,156800
2011-06-24 12:14:00,9.9750,9.9890,9.9550,9.9730,239652
2011-06-24 12:13:00,9.9720,9.9890,9.9520,9.9720,1038520
2011-06-24 12:12:00,9.9730,9.9870,9.9530,9.9690,231476
2011-06-24 12:11:00,9.9730,9.9880,9.9540,9.9690,302904
2011-06-24 12:10:00,9.9770,9.9880,9.9520,9.9690,543144
2011-06-24 12:09:00,9.9810,9.9920,9.9570,9.9730,207200
2011-06-24 12:08:00,9.9760,9.9930,9.9540,9.9760,642152
2011-06-24 12:07:00,9.9800,9.9920,9.9570,9.9740,323680
2011-06-24 12:06:00,9.9840,9.9960,9.9570,9.9750,629216
2011-06-24 12:05:00,9.9880,9.9980,9.9630,9.9830,241304
2011-06-24 12:04:00,9.9850,9.9990,9.9620,9.9850,567000
2011-06-24 12:03:00,9.9830,9.9980,9.9640,9.9820,321580
2011-06-24 12:02:00,9.9800,9.9960,9.9600,9.9780,266868
2011-06-24 12:01:00,9.9820,9.9970,9.9540,9.9780,925624
2011-06-24 12:00:00,9.9700,9.9930,9.9490,9.9780,505904
2011-06-24 11:59:00,9.9750,9.9850,9.9500,9.9670,529172
2011-06-24 11:58:00,9.9720,9.9850,9.9500,9.9720,368900
2011-06-24 11:57:00,9.9780,9.9880,9.9470,9.9650,1137052
2011-06-24 11:56:00,9.9790,9.9920,9.9570,9.9740,572236
2011-06-24 11:55:00,9.9810,9.9920,9.9570,9.9750,292348
2011-06-24 11:54:00,9.9780,9.9940,9.9570,9.9780,676116
2011-06-24 11:53:00,9.9810,9.9910,9.9580,9.9750,477092
2011-06-24 11:52:00,9.9840,9.9940,9.9590,9.9770,226128
2011-06-24 11:51:00,9.9860,9.9970,9.9610,9.9810,517356
2011-06-24 11:50:00,9.9930,10.0030,9.9630,9.9830,998480
2011-06-24 11:49:00,9.9940,10.0040,9.9720,9.9890,290752
2011-06-24 11:48:00,9.9980,10.0100,9.9740,9.9890,1039780
2011-06-24 11:47:00,10.0020,10.0130,9.9780,9.9950,527688
2011-06-24 11:46:00,10.0000,10.0130,9.9760,9.9980,675500
2011-06-24 11:45:00,10.0010,10.0140,9.9790,9.9970,1014524
2011-06-24 11:44:00,9.9950,10.0120,9.9750,9.9970,829976
2011-06-24 11:43:00,9.9930,10.0080,9.9700,9.9910,763924
2011-06-24 11:42:00,9.9910,10.0040,9.9690,9.9890,444584
2011-06-24 11:41:00,9.9910,10.0030,9.9680,9.9860,1027992
2011-06-24 11:40:00,9.9880,10.0040,9.9670,9.9870,971572
2011-06-24 11:39:00,9.9870,10.0000,9.9660,9.9850,734160
2011-06-24 11:38:00,9.9850,10.0010,9.9630,9.9860,936572
2011-06-24 11:37:00,9.9850,9.9970,9.9600,9.9810,719376
2011-06-24 11:36:00,9.9830,9.9960,9.9570,9.9820,599088
2011-06-24 11:35:00,9.9770,9.9950,9.9580,9.9790,608580
2011-06-24 11:34:00,9.9750,9.9890,9.9540,9.9750,289604
2011-06-24 11:33:00,9.9700,9.9850,9.9460,9.9710,1128288
2011-06-24 11:32:00,9.9770,9.9900,9.9490,9.9660,475972
2011-06-24 11:31:00,9.9830,9.9960,9.9530,9.9740,965076
2011-06-24 11:30:00,9.9840,9.9970,9.9570,9.9800,958692
2011-06-24 11:29:00,9.9690,9.9940,9.9490,9.9790,1590540
2011-06-24 11:28:00,9.9660,9.9800,9.9430,9.9640,333732
2011-06-24 11:27:00,9.9620,9.9770,9.9340,9.9620,1340556
2011-06-24 11:26:00,9.9630,9.9790,9.9400,9.9550,413728
2011-06-24 11:25:00,9.9720,9.9840,9.9390,9.9580,1089872
2011-06-24 11:24:00,9.9690,9.9820,9.9490,9.9680,612976
2011-06-24 11:23:00,9.9620,9.9810,9.9420,9.9650,739676
2011-06-24 11:22:00,9.9580,9.9710,9.9360,9.9570,220220
2011-06-24 11:21:00,9.9550,9.9700,9.9320,9.9550,459984
2011-06-24 11:20:00,9.9580,9.9720,9.9340,9.9500,672252
2011-06-24 11:19:00,9.9620,9.9730,9.9340,9.9570,674408
2011-06-24 11:18:00,9.9620,9.9770,9.9380,9.9590,797804
2011-06-24 11:17:00,9.9610,9.9740,9.9380,9.9570,646744
2011-06-24 11:16:00,9.9540,9.9730,9.9330,9.9550,554792
2011-06-24 11:15:00,9.9540,9.9700,9.9340,9.9540,733824
2011-06-24 11:14:00,9.9550,9.9700,9.9340,9.9530,764848
2011-06-24 11:13:00,9.9610,9.9740,9.9310,9.9500,753368
2011-06-24 11:12:00,9.9460,9.9690,9.9260,9.9550,1082956
2011-06-24 11:11:00,9.9650,9.9770,9.9260,9.9420,1532832
2011-06-24 11:10:00,9.9660,9.9770,9.9400,9.9610,817320
2011-06-24 11:09:00,9.9620,9.9780,9.9420,9.9640,587244
2011-06-24 11:08:00,9.9520,9.9770,9.9310,9.9560,1698564
2011-06-24 11:07:00,9.9540,9.9700,9.9300,9.9450,717332
2011-06-24 11:06:00,9.9610,9.9720,9.9330,9.9500,943208
2011-06-24 11:05:00,9.9730,9.9830,9.9420,9.9580,956592
2011-06-24 11:04:00,9.9720,9.9840,9.9520,9.9680,464828
2011-06-24 11:03:00,9.9730,9.9850,9.9490,9.9680,652652
2011-06-24 11:02:00,9.9720,9.9850,9.9490,9.9690,889420
2011-06-24 11:01:00,9.9750,9.9860,9.9490,9.9690,839300
2011-06-24 11:00:00,9.9720,9.9850,9.9510,9.9710,617932
2011-06-24 10:59:00,9.9710,9.9840,9.9480,9.9680,1068480
2011-06-24 10:58:00,9.9570,9.9830,9.9370,9.9690,1569932
2011-06-24 10:57:00,9.9490,9.9670,9.9290,9.9530,569632
2011-06-24 10:56:00,9.9500,9.9670,9.9300,9.9460,1198960
2011-06-24 10:55:00,9.9550,9.9680,9.9300,9.9470,844368
2011-06-24 10:54:00,9.9560,9.9700,9.9320,9.9510,726432
2011-06-24 10:53:00,9.9530,9.9680,9.9310,9.9520,1709008
2011-06-24 10:52:00,9.9440,9.9660,9.9240,9.9490,1500128
2011-06-24 10:51:00,9.9460,9.9630,9.9220,9.9420,1660372
2011-06-24 10:50:00,9.9580,9.9680,9.9230,9.9430,3647700
2011-06-24 10:49:00,9.9660,9.9760,9.9350,9.9550,2489928
2011-06-24 10:48:00,9.9660,9.9810,9.9430,9.9620,1909376
2011-06-24 10:47:00,9.9770,9.9900,9.9470,9.9620,1442056
2011-06-24 10:46:00,9.9740,9.9880,9.9520,9.9710,693644
2011-06-24 10:45:00,9.9670,9.9900,9.9480,9.9700,656544
2011-06-24 10:44:00,9.9770,9.9900,9.9480,9.9640,1348284
2011-06-24 10:43:00,9.9860,9.9980,9.9570,9.9750,1012956
2011-06-24 10:42:00,9.9910,10.0040,9.9620,9.9830,1332212
2011-06-24 10:41:00,10.0030,10.0130,9.9720,9.9880,783860
2011-06-24 10:40:00,9.9910,10.0120,9.9710,9.9990,489524
2011-06-24 10:39:00,9.9880,10.0060,9.9660,9.9900,565012
2011-06-24 10:38:00,9.9960,10.0080,9.9660,9.9820,854476
2011-06-24 10:37:00,9.9950,10.0100,9.9710,9.9960,1010884
2011-06-24 10:36:00,9.9980,10.0100,9.9720,9.9930,1156064
2011-06-24 10:35:00,9.9870,10.0100,9.9650,9.9950,1345316
2011-06-24 10:34:00,9.9780,10.0020,9.9590,9.9840,1468152
2011-06-24 10:33:00,9.9740,9.9900,9.9540,9.9740,1292900
2011-06-24 10:32:00,9.9780,9.9880,9.9510,9.9710,1212260
2011-06-24 10:31:00,9.9700,9.9880,9.9480,9.9740,1571948
2011-06-24 10:30:00,9.9830,9.9930,9.9510,9.9680,1550976
2011-06-24 10:29:00,9.9890,10.0000,9.9610,9.9800,956228
2011-06-24 10:28:00,9.9880,10.0020,9.9670,9.9840,1194032
2011-06-24 10:27:00,9.9810,10.0000,9.9600,9.9820,823956
2011-06-24 10:26:00,9.9790,9.9950,9.9520,9.9750,2173584
2011-06-24 10:25:00,9.9940,10.0050,9.9600,9.9770,1247008
2011-06-24 10:24:00,9.9880,10.0090,9.9640,9.9910,803180
2011-06-24 10:23:00,10.0000,10.0100,9.9630,9.9860,1395576
2011-06-24 10:22:00,10.0040,10.0150,9.9780,9.9950,1380400
2011-06-24 10:21:00,10.0000,10.0140,9.9770,10.0000,840252
2011-06-24 10:20:00,9.9990,10.0110,9.9760,9.9940,602056
2011-06-24 10:19:00,9.9960,10.0140,9.9740,9.9960,1211868
2011-06-24 10:18:00,9.9890,10.0140,9.9700,9.9930,1604372
2011-06-24 10:17:00,9.9930,10.0050,9.9680,9.9870,1348060
2011-06-24 10:16:00,9.9890,10.0080,9.9640,9.9890,1784720
2011-06-24 10:15:00,9.9840,10.0050,9.9590,9.9850,1621284
2011-06-24 10:14:00,9.9780,9.9980,9.9490,9.9790,3442488
2011-06-24 10:13:00,9.9890,9.9990,9.9590,9.9750,2807840
2011-06-24 10:12:00,10.0020,10.0120,9.9610,9.9830,2797312
2011-06-24 10:11:00,10.0080,10.0200,9.9750,9.9970,2552312
2011-06-24 10:10:00,10.0210,10.0310,9.9880,10.0040,1613192
2011-06-24 10:09:00,10.0200,10.0340,9.9960,10.0170,1210076
2011-06-24 10:08:00,10.0260,10.0390,9.9960,10.0150,1252020
2011-06-24 10:07:00,10.0370,10.0490,10.0020,10.0230,1961708
2011-06-24 10:06:00,10.0440,10.0600,10.0100,10.0320,1269436
2011-06-24 10:05:00,10.0400,10.0640,10.0190,10.0400,2048676
2011-06-24 10:04:00,10.0490,10.0710,10.0210,10.0370,877380
2011-06-24 10:03:00,10.0390,10.0650,10.0140,10.0460,1236984
2011-06-24 10:02:00,10.0310,10.0510,10.0100,10.0350,1723680
2011-06-24 10:01:00,10.0450,10.0550,10.0120,10.0280,2141748
2011-06-24 10:00:00,10.0520,10.0690,10.0250,10.0420,1701168
2011-06-24 09:59:00,10.0620,10.0740,10.0290,10.0490,995680
2011-06-24 09:58:00,10.0650,10.0780,10.0420,10.0590,1139992
2011-06-24 09:57:00,10.0510,10.0770,10.0280,10.0590,2070908
2011-06-24 09:56:00,10.0460,10.0650,10.0200,10.0470,950012
2011-06-24 09:55:00,10.0480,10.0610,10.0150,10.0410,1205904
2011-06-24 09:54:00,10.0520,10.0640,10.0250,10.0450,1018192
2011-06-24 09:53:00,10.0500,10.0670,10.0190,10.0470,1816024
2011-06-24 09:52:00,10.0390,10.0600,10.0130,10.0450,1525776
2011-06-24 09:51:00,10.0350,10.0610,10.0130,10.0370,1894172
2011-06-24 09:50:00,10.0310,10.0470,10.0090,10.0320,1562372
2011-06-24 09:49:00,10.0260,10.0460,10.0050,10.0280,1787604
2011-06-24 09:48:00,10.0340,10.0480,10.0040,10.0230,2342088
2011-06-24 09:47:00,10.0400,10.0570,10.0120,10.0310,2645944
2011-06-24 09:46:00,10.0570,10.0700,10.0170,10.0370,1838228
2011-06-24 09:45:00,10.0450,10.0730,10.0250,10.0530,2072280
2011-06-24 09:44:00,10.0590,10.0730,10.0240,10.0430,1925140
2011-06-24 09:43:00,10.0650,10.0790,10.0370,10.0540,2104200
2011-06-24 09:42:00,10.0560,10.0790,10.0320,10.0620,2215584
2011-06-24 09:41:00,10.0810,10.0920,10.0340,10.0500,3491152
2011-06-24 09:40:00,10.0830,10.1010,10.0590,10.0780,2388652
2011-06-24 09:39:00,10.0940,10.1050,10.0580,10.0790,2400272
2011-06-24 09:38:00,10.0820,10.1120,10.0610,10.0890,5171124
2011-06-24 09:37:00,10.0660,10.0920,10.0430,10.0780,2685816
2011-06-24 09:36:00,10.0590,10.0860,10.0380,10.0620,3217424
2011-06-24 09:35:00,10.0770,10.0920,10.0360,10.0570,3523940
2011-06-24 09:34:00,10.0510,10.0960,10.0300,10.0730,6018936
2011-06-24 09:33:00,10.0330,10.0680,10.0120,10.0470,3899112
2011-06-24 09:32:00,10.0360,10.0600,10.0100,10.0300,3637648
2011-06-24 09:31:00,10.0440,10.0600,10.0140,10.0320,3020948
2011-06-24 09:30:00,10.0490,10.0620,10.0130,10.0370,8287804
2011-06-24 09:29:00,10.0540,10.0650,10.0280,10.0460,142464
2011-06-24 09:28:00,10.0410,10.0700,10.0200,10.0480,374388
2011-06-24 09:27:00,10.0320,10.0500,10.0130,10.0360,25200
2011-06-24 09:26:00,10.0320,10.0420,10.0130,10.0280,5600
2011-06-24 09:25:00,10.0320,10.0440,10.0130,10.0300,11200
2011-06-24 09:24:00,10.0320,10.0420,10.0130,10.0280,11200
2011-06-24 09:23:00,10.0330,10.0440,10.0130,10.0280,28000
2011-06-24 09:22:00,10.0310,10.0440,10.0120,10.0300,30800
2011-06-24 09:21:00,10.0340,10.0440,10.0150,10.0310,2800
2011-06-24 09:19:00,10.0310,10.0410,10.0120,10.0270,8400
2011-06-24 09:18:00,10.0340,10.0440,10.0140,10.0300,5600
2011-06-24 09:16:00,10.0360,10.0470,10.0170,10.0330,2800
2011-06-24 09:15:00,10.0390,10.0490,10.0170,10.0330,25480
2011-06-24 09:14:00,10.0360,10.0550,10.0170,10.0410,50400
2011-06-24 09:12:00,10.0330,10.0460,10.0130,10.0320,19600
2011-06-24 09:11:00,10.0300,10.0440,10.0110,10.0290,67200
2011-06-24 09:10:00,10.0320,10.0460,10.0110,10.0320,67004
2011-06-24 09:09:00,10.0360,10.0460,10.0110,10.0280,36400
2011-06-24 09:08:00,10.0370,10.0480,10.0170,10.0330,8400
2011-06-24 09:07:00,10.0360,10.0470,10.0170,10.0330,14000
2011-06-24 09:06:00,10.0360,10.0470,10.0170,10.0330,25200
2011-06-24 09:05:00,10.0360,10.0470,10.0130,10.0330,83804
2011-06-24 09:04:00,10.0410,10.0510,10.0160,10.0320,104468
2011-06-24 09:03:00,10.0430,10.0540,10.0220,10.0370,11200
2011-06-24 09:02:00,10.0440,10.0560,10.0230,10.0390,16800
2011-06-24 09:01:00,10.0450,10.0560,10.0250,10.0420,43400
2011-06-24 09:00:00,10.0410,10.0550,10.0220,10.0410,14000
2011-06-24 08:59:00,10.0460,10.0560,10.0250,10.0410,93716
2011-06-24 08:58:00,10.0520,10.0620,10.0320,10.0480,28000
2011-06-24 08:57:00,10.0490,10.0590,10.0290,10.0450,14000
2011-06-24 08:56:00,10.0520,10.0640,10.0320,10.0480,47320
2011-06-24 08:55:00,10.0470,10.0620,10.0270,10.0450,83440
2011-06-24 08:54:00,10.0470,10.0600,10.0260,10.0410,27020
2011-06-24 08:53:00,10.0430,10.0570,10.0240,10.0420,58520
2011-06-24 08:52:00,10.0400,10.0500,10.0200,10.0360,39200
2011-06-24 08:50:00,10.0360,10.0470,10.0170,10.0330,7728
2011-06-24 08:49:00,10.0300,10.0470,10.0110,10.0330,134540
2011-06-24 08:48:00,10.0330,10.0440,10.0130,10.0290,26600
2011-06-24 08:46:00,10.0350,10.0450,10.0140,10.0300,15680
2011-06-24 08:45:00,10.0350,10.0450,10.0140,10.0300,8400
2011-06-24 08:44:00,10.0320,10.0460,10.0130,10.0310,65072
2011-06-24 08:43:00,10.0320,10.0430,10.0130,10.0290,14000
2011-06-24 08:42:00,10.0290,10.0420,10.0100,10.0280,5600
2011-06-24 08:41:00,10.0300,10.0410,10.0110,10.0270,2800
2011-06-24 08:40:00,10.0300,10.0400,10.0060,10.0230,14000
2011-06-24 08:39:00,10.0280,10.0460,10.0060,10.0220,67032
2011-06-24 08:38:00,10.0310,10.0410,10.0120,10.0280,2800
2011-06-24 08:37:00,10.0280,10.0410,10.0080,10.0280,14000
2011-06-24 08:36:00,10.0350,10.0450,10.0060,10.0280,117040
2011-06-24 08:35:00,10.0300,10.0540,10.0050,10.0310,86240
2011-06-24 08:34:00,10.0300,10.0410,10.0050,10.0250,66920
2011-06-24 08:33:00,10.0340,10.0480,10.0140,10.0300,36960
2011-06-24 08:32:00,10.0510,10.0630,10.0200,10.0360,111524
2011-06-24 08:31:00,10.0510,10.0660,10.0270,10.0480,75404
2011-06-24 08:30:00,10.0400,10.0670,10.0200,10.0520,138656
2011-06-24 08:29:00,10.0340,10.0490,10.0150,10.0350,21560
2011-06-24 08:28:00,10.0400,10.0530,10.0130,10.0330,75740
2011-06-24 08:27:00,10.0320,10.0470,10.0080,10.0280,64484
2011-06-24 08:26:00,10.0330,10.0440,10.0130,10.0280,39200
2011-06-24 08:24:00,10.0210,10.0310,10.0020,10.0180,59360
2011-06-24 08:23:00,10.0180,10.0310,9.9990,10.0170,28840
2011-06-24 08:22:00,10.0140,10.0250,9.9940,10.0110,33600
2011-06-24 08:21:00,10.0060,10.0240,9.9870,10.0100,22400
2011-06-24 08:20:00,10.0070,10.0170,9.9850,10.0020,14000
2011-06-24 08:19:00,10.0070,10.0280,9.9880,10.0150,29316
2011-06-24 08:18:00,10.0150,10.0250,9.9930,10.0120,30800
2011-06-24 08:17:00,10.0090,10.0190,9.9870,10.0020,60760
2011-06-24 08:16:00,10.0090,10.0190,9.9900,10.0050,7532
2011-06-24 08:14:00,10.0070,10.0190,9.9840,10.0050,65072
2011-06-24 08:13:00,10.0070,10.0250,9.9870,10.0050,94136
2011-06-24 08:12:00,10.0220,10.0320,9.9870,10.0140,107800
2011-06-24 08:11:00,10.0210,10.0410,10.0020,10.0270,30100
2011-06-24 08:09:00,10.0210,10.0460,9.9950,10.0320,44464
2011-06-24 08:08:00,10.0230,10.0330,10.0020,10.0180,39200
2011-06-24 08:07:00,10.0300,10.0410,10.0040,10.0190,36400
2011-06-24 08:06:00,10.0330,10.0470,10.0130,10.0330,10360
2011-06-24 08:04:00,10.0400,10.0500,10.0170,10.0350,57204
2011-06-24 08:03:00,10.0440,10.0560,10.0250,10.0420,8400
2011-06-24 08:02:00,10.0360,10.0540,10.0170,10.0400,19600
2011-06-24 08:01:00,10.0460,10.0560,10.0170,10.0330,84280
2011-06-24 08:00:00,10.0520,10.0680,10.0280,10.0430,100520
2011-06-24 07:58:00,10.0500,10.0600,10.0180,10.0340,22232
2011-06-24 07:57:00,10.0580,10.0680,10.0360,10.0510,8400
2011-06-24 07:56:00,10.0580,10.0680,10.0380,10.0540,2800
2011-06-24 07:55:00,10.0580,10.0680,10.0390,10.0550,16800
2011-06-24 07:53:00,10.0610,10.0710,10.0410,10.0570,11200
2011-06-24 07:52:00,10.0580,10.0680,10.0380,10.0540,2800
2011-06-24 07:49:00,10.0520,10.0620,10.0320,10.0480,2800
2011-06-24 07:47:00,10.0520,10.0620,10.0320,10.0480,2800
2011-06-24 07:45:00,10.0520,10.0620,10.0320,10.0480,2800
2011-06-24 07:43:00,10.0470,10.0620,10.0280,10.0480,8400
2011-06-24 07:42:00,10.0500,10.0600,10.0290,10.0450,5600
2011-06-24 07:41:00,10.0560,10.0660,10.0370,10.0520,11200
2011-06-24 07:39:00,10.0560,10.0660,10.0370,10.0520,2800
2011-06-24 07:36:00,10.0580,10.0680,10.0380,10.0540,2800
2011-06-24 07:35:00,10.0590,10.0690,10.0380,10.0540,5600
2011-06-24 07:34:00,10.0580,10.0680,10.0380,10.0540,30380
2011-06-24 07:33:00,10.0580,10.0680,10.0380,10.0540,2800
2011-06-24 07:32:00,10.0520,10.0620,10.0320,10.0480,2800
2011-06-24 07:28:00,10.0540,10.0640,10.0320,10.0480,27300
2011-06-24 07:25:00,10.0560,10.0660,10.0350,10.0510,5600
2011-06-24 07:21:00,10.0610,10.0710,10.0400,10.0550,5600
2011-06-24 07:19:00,10.0630,10.0750,10.0440,10.0610,8400
2011-06-24 07:16:00,10.0700,10.0800,10.0500,10.0660,2800
2011-06-24 07:13:00,10.0550,10.0770,10.0350,10.0630,44800
2011-06-24 07:12:00,10.0550,10.0650,10.0350,10.0510,5600
2011-06-24 07:11:00,10.0550,10.0670,10.0350,10.0520,14000
2011-06-24 07:10:00,10.0590,10.0690,10.0380,10.0540,5600
2011-06-24 07:05:00,10.0670,10.0770,10.0420,10.0570,5600
2011-06-24 07:02:00,10.0590,10.0690,10.0400,10.0550,14000
2011-06-24 07:01:00,10.0700,10.0800,10.0510,10.0660,14000
2011-06-24 06:48:00,10.0730,10.0830,10.0530,10.0690,2800
2011-06-24 06:42:00,10.0720,10.0820,10.0530,10.0680,5600
2011-06-24 06:18:00,10.0720,10.0820,10.0530,10.0680,2800
2011-06-24 06:17:00,10.0760,10.0860,10.0560,10.0720,5600
2011-06-24 06:07:00,10.0820,10.0920,10.0630,10.0790,10640
2011-06-24 06:03:00,10.1050,10.1150,10.0640,10.0790,8400
2011-06-24 05:49:00,10.1090,10.1190,10.0900,10.1050,14000
2011-06-24 05:25:00,10.1120,10.1220,10.0930,10.1090,11200
2011-06-24 05:17:00,10.1120,10.1220,10.0930,10.1090,8400
2011-06-24 05:16:00,10.1120,10.1220,10.0930,10.1090,11200
2011-06-24 05:14:00,10.1130,10.1230,10.0930,10.1090,5600
2011-06-24 04:35:00,10.0720,10.0820,10.0530,10.0690,2800
2011-06-23 19:59:00,10.0630,10.0730,10.0410,10.0570,15708
2011-06-23 19:56:00,10.0580,10.0720,10.0380,10.0590,12264
2011-06-23 19:55:00,10.0580,10.0680,10.0390,10.0550,7000
2011-06-23 19:53:00,10.0580,10.0680,10.0390,10.0550,5600
2011-06-23 19:52:00,10.0610,10.0710,10.0410,10.0570,8400
2011-06-23 19:51:00,10.0590,10.0690,10.0400,10.0550,11200
2011-06-23 19:50:00,10.0590,10.0690,10.0400,10.0550,8400
2011-06-23 19:47:00,10.0560,10.0680,10.0360,10.0540,28000
2011-06-23 19:46:00,10.0560,10.0660,10.0360,10.0520,12404
2011-06-23 19:43:00,10.0560,10.0660,10.0360,10.0520,36624
2011-06-23 19:42:00,10.0560,10.0660,10.0360,10.0520,5152
2011-06-23 19:37:00,10.0560,10.0660,10.0360,10.0520,2800
2011-06-23 19:35:00,10.0560,10.0660,10.0360,10.0520,5852
2011-06-23 19:32:00,10.0590,10.0690,10.0400,10.0550,2800
2011-06-23 19:25:00,10.0570,10.0670,10.0380,10.0530,11200
2011-06-23 19:22:00,10.0570,10.0680,10.0380,10.0540,2800
2011-06-23 19:21:00,10.0530,10.0630,10.0330,10.0490,2800
2011-06-23 19:19:00,10.0530,10.0630,10.0330,10.0490,5600
2011-06-23 19:17:00,10.0520,10.0620,10.0320,10.0480,3276
2011-06-23 19:15:00,10.0520,10.0620,10.0320,10.0480,12824
2011-06-23 19:14:00,10.0520,10.0620,10.0320,10.0480,7980
2011-06-23 19:13:00,10.0520,10.0620,10.0320,10.0480,5796
2011-06-23 19:12:00,10.0560,10.0660,10.0320,10.0490,45080
2011-06-23 19:08:00,10.0560,10.0670,10.0370,10.0530,4256
2011-06-23 19:07:00,10.0580,10.0680,10.0380,10.0540,2800
2011-06-23 19:06:00,10.0620,10.0720,10.0430,10.0580,11200
2011-06-23 19:05:00,10.0620,10.0720,10.0430,10.0590,2884
2011-06-23 19:03:00,10.0620,10.0720,10.0420,10.0580,5600
2011-06-23 19:01:00,10.0580,10.0680,10.0380,10.0540,2800
2011-06-23 18:56:00,10.0590,10.0690,10.0370,10.0530,14000
2011-06-23 18:55:00,10.0600,10.0700,10.0400,10.0560,2800
2011-06-23 18:53:00,10.0650,10.0750,10.0430,10.0590,11200
2011-06-23 18:52:00,10.0630,10.0770,10.0430,10.0630,30100
2011-06-23 18:50:00,10.0660,10.0770,10.0430,10.0590,105504
2011-06-23 18:48:00,10.0650,10.0750,10.0460,10.0620,2800
2011-06-23 18:47:00,10.0660,10.0770,10.0470,10.0630,47320
2011-06-23 18:44:00,10.0660,10.0770,10.0460,10.0630,28000
2011-06-23 18:42:00,10.0630,10.0760,10.0440,10.0620,21840
2011-06-23 18:35:00,10.0640,10.0740,10.0440,10.0600,22400
2011-06-23 18:30:00,10.0610,10.0710,10.0410,10.0570,2800
2011-06-23 18:29:00,10.0580,10.0680,10.0380,10.0540,10360
2011-06-23 18:28:00,10.0630,10.0730,10.0380,10.0540,7980
2011-06-23 18:25:00,10.0620,10.0740,10.0430,10.0600,55160
2011-06-23 18:24:00,10.0610,10.0720,10.0410,10.0580,11200
2011-06-23 18:23:00,10.0560,10.0700,10.0370,10.0560,17780
2011-06-23 18:22:00,10.0550,10.0650,10.0350,10.0520,5600
2011-06-23 18:21:00,10.0520,10.0620,10.0320,10.0480,8400
2011-06-23 18:19:00,10.0520,10.0650,10.0330,10.0520,11480
2011-06-23 18:18:00,10.0560,10.0660,10.0370,10.0520,5600
2011-06-23 18:16:00,10.0550,10.0650,10.0350,10.0510,8932
2011-06-23 18:15:00,10.0540,10.0650,10.0350,10.0510,2800
2011-06-23 18:14:00,10.0520,10.0650,10.0320,10.0510,10920
2011-06-23 18:13:00,10.0500,10.0620,10.0310,10.0480,25200
2011-06-23 18:11:00,10.0490,10.0620,10.0290,10.0480,8400
2011-06-23 18:10:00,10.0430,10.0540,10.0240,10.0400,344512
2011-06-23 18:09:00,10.0460,10.0560,10.0260,10.0420,11200
2011-06-23 18:07:00,10.0430,10.0540,10.0230,10.0400,15568
2011-06-23 18:06:00,10.0400,10.0500,10.0200,10.0360,4480
2011-06-23 18:04:00,10.0400,10.0500,10.0200,10.0360,7140
2011-06-23 18:02:00,10.0400,10.0530,10.0200,10.0390,53032
2011-06-23 18:01:00,10.0360,10.0470,10.0170,10.0330,11200
2011-06-23 17:59:00,10.0350,10.0450,10.0150,10.0310,7000
2011-06-23 17:58:00,10.0360,10.0470,10.0170,10.0330,80192
2011-06-23 17:50:00,10.0330,10.0440,10.0130,10.0280,11200
2011-06-23 17:47:00,10.0330,10.0460,10.0140,10.0320,11200
2011-06-23 17:46:00,10.0330,10.0440,10.0140,10.0300,5600
2011-06-23 17:45:00,10.0350,10.0450,10.0150,10.0310,2800
2011-06-23 17:42:00,10.0330,10.0440,10.0140,10.0300,8176
2011-06-23 17:39:00,10.0330,10.0440,10.0140,10.0300,12488
2011-06-23 17:35:00,10.0330,10.0430,10.0140,10.0290,2800
2011-06-23 17:33:00,10.0330,10.0440,10.0140,10.0300,11200
2011-06-23 17:32:00,10.0350,10.0460,10.0150,10.0310,19600
2011-06-23 17:30:00,10.0320,10.0420,10.0110,10.0270,7112
2011-06-23 17:29:00,10.0350,10.0450,10.0110,10.0270,34888
2011-06-23 17:28:00,10.0320,10.0450,10.0130,10.0310,35700
2011-06-23 17:27:00,10.0320,10.0420,10.0130,10.0280,2800
2011-06-23 17:25:00,10.0330,10.0440,10.0140,10.0300,5796
2011-06-23 17:24:00,10.0330,10.0430,10.0140,10.0290,14000
2011-06-23 17:23:00,10.0320,10.0420,10.0130,10.0280,5600
2011-06-23 17:22:00,10.0310,10.0420,10.0110,10.0280,15400
2011-06-23 17:21:00,10.0310,10.0420,10.0120,10.0280,25256
2011-06-23 17:20:00,10.0320,10.0420,10.0130,10.0280,2800
2011-06-23 17:19:00,10.0300,10.0420,10.0110,10.0280,38360
2011-06-23 17:18:00,10.0290,10.0390,10.0100,10.0250,25200
2011-06-23 17:17:00,10.0280,10.0390,10.0090,10.0250,5600
2011-06-23 17:14:00,10.0260,10.0370,10.0070,10.0230,4200
2011-06-23 17:13:00,10.0270,10.0390,10.0080,10.0250,9520
2011-06-23 17:12:00,10.0270,10.0370,10.0080,10.0230,2800
2011-06-23 17:10:00,10.0280,10.0380,10.0080,10.0240,5600
2011-06-23 17:07:00,10.0240,10.0340,10.0030,10.0180,11200
2011-06-23 17:06:00,10.0280,10.0380,10.0090,10.0240,2800
2011-06-23 17:02:00,10.0210,10.0340,10.0020,10.0210,24472
2011-06-23 17:01:00,10.0240,10.0340,10.0050,10.0210,14000
2011-06-23 17:00:00,10.0210,10.0310,10.0020,10.0170,9800
2011-06-23 16:59:00,10.0240,10.0340,10.0000,10.0160,9408
2011-06-23 16:58:00,10.0210,10.0310,10.0020,10.0180,18088
2011-06-23 16:57:00,10.0180,10.0410,9.9990,10.0180,20496
2011-06-23 16:52:00,10.0160,10.0260,9.9970,10.0120,11200
2011-06-23 16:46:00,10.0210,10.0310,10.0010,10.0170,2800
2011-06-23 16:45:00,10.0210,10.0310,9.9960,10.0120,16800
2011-06-23 16:44:00,10.0210,10.0310,10.0010,10.0170,4200
2011-06-23 16:43:00,10.0190,10.0310,10.0000,10.0170,14140
2011-06-23 16:42:00,9.9690,9.9790,9.9490,9.9650,19600
2011-06-23 16:41:00,10.0150,10.0250,9.9960,10.0120,2800
2011-06-23 16:40:00,10.0200,10.0310,9.9970,10.0170,19600
2011-06-23 16:39:00,10.0240,10.0340,10.0010,10.0160,14000
2011-06-23 16:38:00,10.0270,10.0380,10.0080,10.0240,5600
2011-06-23 16:37:00,10.0210,10.0330,10.0010,10.0190,42000
2011-06-23 16:36:00,10.0200,10.0310,10.0010,10.0170,2800
2011-06-23 16:35:00,10.0170,10.0270,9.9970,10.0130,4032
2011-06-23 16:34:00,10.0210,10.0310,9.9970,10.0130,30100
2011-06-23 16:33:00,10.0180,10.0280,9.9990,10.0150,3640
2011-06-23 16:32:00,10.0160,10.0310,9.9960,10.0170,51464
2011-06-23 16:31:00,10.0150,10.0250,9.9940,10.0110,16800
2011-06-23 16:28:00,10.0430,10.0540,10.0240,10.0400,312536
2011-06-23 16:27:00,10.0150,10.0260,9.9930,10.0080,19264
2011-06-23 16:26:00,10.0140,10.0250,9.9950,10.0110,10388
2011-06-23 16:25:00,10.0120,10.0220,9.9910,10.0070,25200
2011-06-23 16:24:00,10.0090,10.0250,9.9900,10.0110,36400
2011-06-23 16:23:00,10.0120,10.0220,9.9250,10.0020,138180
2011-06-23 16:22:00,10.0110,10.0220,9.9900,10.0080,47740
2011-06-23 16:21:00,10.0120,10.0220,9.9930,10.0080,15120
2011-06-23 16:20:00,10.0100,10.0220,9.9900,10.0080,17360
2011-06-23 16:19:00,10.0100,10.0200,9.9900,10.0050,40320
2011-06-23 16:18:00,10.0130,10.0250,9.9930,10.0080,39200
2011-06-23 16:17:00,10.0150,10.0250,9.9910,10.0080,42000
2011-06-23 16:16:00,10.0120,10.0540,9.9920,10.0400,177156
2011-06-23 16:15:00,10.0060,10.0280,9.9870,10.0110,79184
2011-06-23 16:14:00,10.0030,10.0160,9.9800,10.0020,316344
2011-06-23 16:13:00,10.0090,10.0210,9.7820,9.9920,383852
2011-06-23 16:12:00,10.0150,10.0250,9.9900,10.0060,214956
2011-06-23 16:11:00,10.0210,10.0310,9.8530,10.0120,178556
2011-06-23 16:10:00,10.0180,10.0310,9.8530,9.8690,86800
2011-06-23 16:09:00,10.0240,10.0340,10.0010,10.0160,83720
2011-06-23 16:08:00,10.0340,10.0540,10.0020,10.0210,185724
2011-06-23 16:07:00,10.0380,10.0480,9.8490,10.0310,63280
2011-06-23 16:06:00,10.0430,10.0540,10.0180,10.0340,81480
2011-06-23 16:05:00,10.0470,10.0570,10.0220,10.0400,125160
2011-06-23 16:04:00,10.0470,10.0630,10.0260,10.0490,8400
2011-06-23 16:03:00,10.0440,10.0590,9.8500,10.0450,29120
2011-06-23 16:02:00,10.0450,10.0550,9.8490,10.0400,75992
2011-06-23 16:01:00,10.0450,10.0580,10.0250,10.0400,172900
2011-06-23 16:00:00,10.0480,10.0590,10.0220,10.0420,13177332
2011-06-23 15:59:00,10.0530,10.0680,10.0240,10.0400,5653648
2011-06-23 15:58:00,10.0440,10.0640,10.0240,10.0490,3482780
2011-06-23 15:57:00,10.0420,10.0560,10.0210,10.0400,2115820
2011-06-23 15:56:00,10.0420,10.0560,10.0200,10.0380,2798488
2011-06-23 15:55:00,10.0320,10.0520,10.0110,10.0370,3827124
2011-06-23 15:54:00,10.0320,10.0450,10.0070,10.0280,1925840
2011-06-23 15:53:00,10.0230,10.0440,10.0020,10.0280,2822932
2011-06-23 15:52:00,10.0220,10.0340,9.9960,10.0190,2311344
2011-06-23 15:51:00,10.0110,10.0340,9.9880,10.0180,3104444
2011-06-23 15:50:00,10.0010,10.0270,9.9810,10.0090,3792292
2011-06-23 15:49:00,10.0040,10.0160,9.9800,9.9980,2273236
2011-06-23 15:48:00,9.9950,10.0150,9.9720,10.0010,3161060
2011-06-23 15:47:00,9.9830,10.0080,9.9630,9.9930,3046932
2011-06-23 15:46:00,9.9810,9.9950,9.9570,9.9790,1440488
2011-06-23 15:45:00,9.9750,9.9930,9.9520,9.9760,1476888
2011-06-23 15:44:00,9.9830,9.9960,9.9520,9.9680,1423156
2011-06-23 15:43:00,9.9850,9.9970,9.9610,9.9790,1803872
2011-06-23 15:42:00,9.9790,9.9960,9.9580,9.9820,2143960
2011-06-23 15:41:00,9.9710,9.9890,9.9510,9.9750,1558620
2011-06-23 15:40:00,9.9670,9.9840,9.9480,9.9670,857836
2011-06-23 15:39:00,9.9670,9.9830,9.9460,9.9640,1239980
2011-06-23 15:38:00,9.9690,9.9800,9.9450,9.9640,714616
2011-06-23 15:37:00,9.9780,9.9880,9.9410,9.9650,1357776
2011-06-23 15:36:00,9.9720,9.9890,9.9530,9.9750,1309000
2011-06-23 15:35:00,9.9560,9.9860,9.9350,9.9680,2116184
2011-06-23 15:34:00,9.9610,9.9730,9.9370,9.9540,680540
2011-06-23 15:33:00,9.9560,9.9730,9.9360,9.9580,845096
2011-06-23 15:32:00,9.9590,9.9700,9.9310,9.9530,1255128
2011-06-23 15:31:00,9.9560,9.9710,9.9280,9.9550,2007824
2011-06-23 15:30:00,9.9690,9.9840,9.9340,9.9520,1990324
2011-06-23 15:29:00,9.9790,9.9900,9.9480,9.9640,1489432
2011-06-23 15:28:00,9.9770,9.9930,9.9580,9.9770,972020
2011-06-23 15:27:00,9.9820,9.9960,9.9580,9.9740,1528996
2011-06-23 15:26:00,9.9770,9.9980,9.9550,9.9780,1508220
2011-06-23 15:25:00,9.9780,9.9880,9.9510,9.9750,848764
2011-06-23 15:24:00,9.9750,9.9900,9.9540,9.9750,668332
2011-06-23 15:23:00,9.9710,9.9890,9.9470,9.9710,1218336
2011-06-23 15:22:00,9.9720,9.9890,9.9460,9.9640,1567104
2011-06-23 15:21:00,9.9650,9.9840,9.9450,9.9660,1368696
2011-06-23 15:20:00,9.9680,9.9810,9.9320,9.9610,1825936
2011-06-23 15:19:00,9.9730,9.9860,9.9480,9.9660,1170260
2011-06-23 15:18:00,9.9800,9.9920,9.9490,9.9700,1963108
2011-06-23 15:17:00,9.9750,9.9920,9.9520,9.9780,3103520
2011-06-23 15:16:00,9.9690,9.9860,9.9440,9.9710,1206660
2011-06-23 15:15:00,9.9700,9.9840,9.9430,9.9660,2506644
2011-06-23 15:14:00,9.9620,9.9800,9.9400,9.9640,1928612
2011-06-23 15:13:00,9.9560,9.9780,9.9360,9.9650,1113000
2011-06-23 15:12:00,9.9530,9.9730,9.9300,9.9540,1068508
2011-06-23 15:11:00,9.9440,9.9690,9.9200,9.9490,1486800
2011-06-23 15:10:00,9.9550,9.9680,9.9170,9.9380,1966748
2011-06-23 15:09:00,9.9670,9.9820,9.9300,9.9520,3042396
2011-06-23 15:08:00,9.9630,9.9820,9.9410,9.9630,3380804
2011-06-23 15:07:00,9.9440,9.9740,9.9250,9.9580,1575168
2011-06-23 15:06:00,9.9400,9.9610,9.9150,9.9370,1458548
2011-06-23 15:05:00,9.9480,9.9600,9.9210,9.9390,1357412
2011-06-23 15:04:00,9.9310,9.9600,9.9100,9.9450,1388772
2011-06-23 15:03:00,9.9400,9.9520,9.9030,9.9250,1576148
2011-06-23 15:02:00,9.9400,9.9560,9.9130,9.9370,1659476
2011-06-23 15:01:00,9.9510,9.9660,9.9190,9.9380,2333044
2011-06-23 15:00:00,9.9670,9.9770,9.9330,9.9510,2913960
2011-06-23 14:59:00,9.9340,9.9770,9.9110,9.9630,3251192
2011-06-23 14:58:00,9.9450,9.9620,9.9140,9.9300,3085488
2011-06-23 14:57:00,9.9160,9.9560,9.8970,9.9410,2720200
2011-06-23 14:56:00,9.9000,9.9470,9.8780,9.9120,3513384
2011-06-23 14:55:00,9.8970,9.9120,9.8780,9.8950,345100
2011-06-23 14:54:00,9.9040,9.9150,9.8780,9.8940,764736
2011-06-23 14:53:00,9.9020,9.9170,9.8820,9.9000,849912
2011-06-23 14:52:00,9.8960,9.9180,9.8740,9.8980,1048936
2011-06-23 14:51:00,9.8880,9.9070,9.8680,9.8920,509012
2011-06-23 14:50:00,9.8930,9.9030,9.8670,9.8860,301644
2011-06-23 14:49:00,9.8830,9.9030,9.8620,9.8890,831348
2011-06-23 14:48:00,9.8940,9.9040,9.8630,9.8800,498596
2011-06-23 14:47:00,9.8950,9.9050,9.8710,9.8900,354844
2011-06-23 14:46:00,9.8950,9.9080,9.8730,9.8920,520884
2011-06-23 14:45:00,9.8900,9.9080,9.8690,9.8910,396732
2011-06-23 14:44:00,9.8890,9.9020,9.8660,9.8880,356804
2011-06-23 14:43:00,9.8890,9.9020,9.8630,9.8870,552888
2011-06-23 14:42:00,9.8810,9.9010,9.8590,9.8860,976388
2011-06-23 14:41:00,9.8870,9.8980,9.8620,9.8780,1002568
2011-06-23 14:40:00,9.8870,9.9030,9.8650,9.8810,415576
2011-06-23 14:39:00,9.8860,9.9050,9.8640,9.8840,766892
2011-06-23 14:38:00,9.8990,9.9100,9.8670,9.8820,975800
2011-06-23 14:37:00,9.9030,9.9130,9.8780,9.8960,681688
2011-06-23 14:36:00,9.9030,9.9160,9.8820,9.9000,258972
2011-06-23 14:35:00,9.9060,9.9160,9.8800,9.9000,588140
2011-06-23 14:34:00,9.9070,9.9240,9.8840,9.9010,857444
2011-06-23 14:33:00,9.9010,9.9190,9.8820,9.9020,805868
2011-06-23 14:32:00,9.8990,9.9150,9.8790,9.8980,583380
2011-06-23 14:31:00,9.8980,9.9090,9.8740,9.8950,626528
2011-06-23 14:30:00,9.8920,9.9130,9.8720,9.8950,1006824
2011-06-23 14:29:00,9.8910,9.9060,9.8700,9.8880,408268
2011-06-23 14:28:00,9.8930,9.9030,9.8680,9.8880,286776
2011-06-23 14:27:00,9.8940,9.9050,9.8720,9.8890,677684
2011-06-23 14:26:00,9.8890,9.9030,9.8690,9.8900,572824
2011-06-23 14:25:00,9.8840,9.9040,9.8650,9.8880,1234772
2011-06-23 14:24:00,9.8830,9.8970,9.8620,9.8790,897792
2011-06-23 14:23:00,9.8780,9.8950,9.8460,9.8810,1986068
2011-06-23 14:22:00,9.8800,9.8930,9.8570,9.8740,295932
2011-06-23 14:21:00,9.8790,9.8940,9.8580,9.8760,498932
2011-06-23 14:20:00,9.8760,9.8900,9.8520,9.8750,726516
2011-06-23 14:19:00,9.8850,9.8960,9.8500,9.8720,1824760
2011-06-23 14:18:00,9.8830,9.9000,9.8610,9.8820,614180
2011-06-23 14:17:00,9.8810,9.9010,9.8610,9.8790,601300
2011-06-23 14:16:00,9.8970,9.9070,9.8600,9.8810,1964984
2011-06-23 14:15:00,9.8970,9.9100,9.8690,9.8940,889252
2011-06-23 14:14:00,9.8980,9.9140,9.8730,9.8950,773724
2011-06-23 14:13:00,9.9010,9.9110,9.8760,9.8920,572600
2011-06-23 14:12:00,9.8980,9.9140,9.8770,9.8970,816900
2011-06-23 14:11:00,9.9020,9.9160,9.8770,9.8950,983220
2011-06-23 14:10:00,9.9000,9.9130,9.8770,9.8980,954996
2011-06-23 14:09:00,9.8890,9.9100,9.8690,9.8960,612052
2011-06-23 14:08:00,9.9000,9.9100,9.8700,9.8860,1025052
2011-06-23 14:07:00,9.9010,9.9140,9.8760,9.8970,470540
2011-06-23 14:06:00,9.8940,9.9150,9.8700,9.8990,1542604
2011-06-23 14:05:00,9.9000,9.9130,9.8730,9.8910,759108
2011-06-23 14:04:00,9.8970,9.9160,9.8780,9.8980,561008
2011-06-23 14:03:00,9.8970,9.9120,9.8710,9.8950,1639288
2011-06-23 14:02:00,9.9080,9.9210,9.8770,9.8940,1547784
2011-06-23 14:01:00,9.9200,9.9310,9.8880,9.9040,1917636
2011-06-23 14:00:00,9.9280,9.9380,9.8980,9.9170,1023512
2011-06-23 13:59:00,9.9280,9.9460,9.9060,9.9240,1446564
2011-06-23 13:58:00,9.9050,9.9470,9.8840,9.9250,5732300
2011-06-23 13:57:00,9.9080,9.9180,9.8850,9.9010,197064
2011-06-23 13:56:00,9.9090,9.9210,9.8870,9.9040,359800
2011-06-23 13:55:00,9.9020,9.9240,9.8820,9.9070,621068
2011-06-23 13:54:00,9.9100,9.9200,9.8810,9.8990,1459892
2011-06-23 13:53:00,9.9180,9.9300,9.8900,9.9050,1003744
2011-06-23 13:52:00,9.9170,9.9330,9.8980,9.9160,531132
2011-06-23 13:51:00,9.9160,9.9290,9.8910,9.9130,967288
2011-06-23 13:50:00,9.9270,9.9380,9.8930,9.9130,1790236
2011-06-23 13:49:00,9.9290,9.9390,9.9060,9.9240,149016
2011-06-23 13:48:00,9.9210,9.9400,9.9020,9.9230,561988
2011-06-23 13:47:00,9.9300,9.9410,9.9020,9.9180,437360
2011-06-23 13:46:00,9.9280,9.9430,9.9080,9.9280,580692
2011-06-23 13:45:00,9.9230,9.9390,9.9030,9.9240,760648
2011-06-23 13:44:00,9.9260,9.9400,9.9040,9.9190,1174880
2011-06-23 13:43:00,9.9320,9.9450,9.9060,9.9220,524496
2011-06-23 13:42:00,9.9320,9.9470,9.9090,9.9280,1092840
2011-06-23 13:41:00,9.9340,9.9460,9.9090,9.9260,828464
2011-06-23 13:40:00,9.9360,9.9510,9.9140,9.9350,730268
2011-06-23 13:39:00,9.9400,9.9530,9.9130,9.9330,760424
2011-06-23 13:38:00,9.9420,9.9540,9.9210,9.9380,576688
2011-06-23 13:37:00,9.9550,9.9650,9.9230,9.9390,926884
2011-06-23 13:36:00,9.9550,9.9680,9.9350,9.9510,641508
2011-06-23 13:35:00,9.9580,9.9700,9.9340,9.9520,1310008
2011-06-23 13:34:00,9.9550,9.9690,9.9320,9.9540,1237236
2011-06-23 13:33:00,9.9540,9.9700,9.9340,9.9500,2038708
2011-06-23 13:32:00,9.9470,9.9640,9.9260,9.9500,1350692
2011-06-23 13:31:00,9.9440,9.9570,9.9240,9.9410,465388
2011-06-23 13:30:00,9.9360,9.9570,9.9160,9.9410,1417892
2011-06-23 13:29:00,9.9350,9.9490,9.9140,9.9330,557368
2011-06-23 13:28:00,9.9390,9.9510,9.9170,9.9330,323204
2011-06-23 13:27:00,9.9400,9.9530,9.9160,9.9360,381024
2011-06-23 13:26:00,9.9350,9.9520,9.9160,9.9350,890540
2011-06-23 13:25:00,9.9330,9.9460,9.9140,9.9300,616168
2011-06-23 13:24:00,9.9340,9.9460,9.9120,9.9280,625520
2011-06-23 13:23:00,9.9270,9.9440,9.9040,9.9310,1242752
2011-06-23 13:22:00,9.9310,9.9430,9.9050,9.9240,639912
2011-06-23 13:21:00,9.9290,9.9460,9.9100,9.9270,978628
2011-06-23 13:20:00,9.9210,9.9390,9.9000,9.9250,821968
2011-06-23 13:19:00,9.9230,9.9350,9.8990,9.9160,758772
2011-06-23 13:18:00,9.9270,9.9390,9.9020,9.9200,1447824
2011-06-23 13:17:00,9.9330,9.9440,9.9070,9.9220,1374352
2011-06-23 13:16:00,9.9360,9.9480,9.9110,9.9290,422324
2011-06-23 13:15:00,9.9340,9.9530,9.9140,9.9330,852264
2011-06-23 13:14:00,9.9420,9.9540,9.9130,9.9300,1584744
2011-06-23 13:13:00,9.9470,9.9590,9.9210,9.9400,866096
2011-06-23 13:12:00,9.9480,9.9590,9.9150,9.9450,1149904
2011-06-23 13:11:00,9.9390,9.9580,9.9200,9.9440,1266580
2011-06-23 13:10:00,9.9410,9.9530,9.9180,9.9350,1026004
2011-06-23 13:09:00,9.9460,9.9560,9.9190,9.9390,1639148
2011-06-23 13:08:00,9.9520,9.9640,9.9240,9.9420,1503292
2011-06-23 13:07:00,9.9580,9.9690,9.9260,9.9490,2399936
2011-06-23 13:06:00,9.9480,9.9700,9.9280,9.9550,3468164
2011-06-23 13:05:00,9.9390,9.9600,9.9200,9.9440,2654120
2011-06-23 13:04:00,9.9340,9.9530,9.9140,9.9350,1849988
2011-06-23 13:03:00,9.9220,9.9460,9.9030,9.9300,1669276
2011-06-23 13:02:00,9.9210,9.9360,9.9010,9.9180,781256
2011-06-23 13:01:00,9.9260,9.9370,9.9010,9.9160,1031912
2011-06-23 13:00:00,9.9220,9.9400,9.9010,9.9240,1701056
2011-06-23 12:59:00,9.9180,9.9320,9.8950,9.9180,1306256
2011-06-23 12:58:00,9.9150,9.9290,9.8870,9.9130,2322180
2011-06-23 12:57:00,9.9000,9.9250,9.8810,9.9110,1301496
2011-06-23 12:56:00,9.9020,9.9130,9.8800,9.8960,438620
2011-06-23 12:55:00,9.8990,9.9160,9.8780,9.8980,764176
2011-06-23 12:54:00,9.9020,9.9130,9.8790,9.8950,578872
2011-06-23 12:53:00,9.9030,9.9140,9.8810,9.8980,422940
2011-06-23 12:52:00,9.8990,9.9180,9.8780,9.9000,1899800
2011-06-23 12:51:00,9.8920,9.9090,9.8680,9.8940,1485736
2011-06-23 12:50:00,9.8780,9.9020,9.8590,9.8880,1517460
2011-06-23 12:49:00,9.8790,9.8920,9.8560,9.8740,843388
2011-06-23 12:48:00,9.8800,9.8930,9.8600,9.8760,268772
2011-06-23 12:47:00,9.8820,9.8920,9.8570,9.8760,317380
2011-06-23 12:46:00,9.8790,9.8940,9.8600,9.8780,540736
2011-06-23 12:45:00,9.8750,9.8890,9.8540,9.8750,383572
2011-06-23 12:44:00,9.8780,9.8890,9.8530,9.8710,291200
2011-06-23 12:43:00,9.8770,9.8920,9.8550,9.8750,376740
2011-06-23 12:42:00,9.8750,9.8890,9.8560,9.8730,374780
2011-06-23 12:41:00,9.8850,9.8950,9.8520,9.8700,692496
2011-06-23 12:40:00,9.8790,9.8950,9.8580,9.8790,797496
2011-06-23 12:39:00,9.8760,9.8900,9.8560,9.8750,218400
2011-06-23 12:38:00,9.8770,9.8900,9.8550,9.8730,629608
2011-06-23 12:37:00,9.8700,9.8870,9.8490,9.8730,488908
2011-06-23 12:36:00,9.8710,9.8810,9.8480,9.8650,371924
2011-06-23 12:35:00,9.8690,9.8840,9.8490,9.8690,356580
2011-06-23 12:34:00,9.8750,9.8850,9.8460,9.8670,750932
2011-06-23 12:33:00,9.8690,9.8850,9.8500,9.8720,360948
2011-06-23 12:32:00,9.8720,9.8830,9.8490,9.8670,310604
2011-06-23 12:31:00,9.8650,9.8820,9.8440,9.8680,829500
2011-06-23 12:30:00,9.8640,9.8800,9.8410,9.8600,1042412
2011-06-23 12:29:00,9.8600,9.8750,9.8410,9.8590,544320
2011-06-23 12:28:00,9.8590,9.8740,9.8360,9.8580,981344
2011-06-23 12:27:00,9.8700,9.8810,9.8360,9.8550,1145844
2011-06-23 12:26:00,9.8740,9.8850,9.8460,9.8650,1320760
2011-06-23 12:25:00,9.8790,9.8890,9.8520,9.8710,1031268
2011-06-23 12:24:00,9.8780,9.8910,9.8550,9.8750,580048
2011-06-23 12:23:00,9.8850,9.8960,9.8580,9.8730,1213072
2011-06-23 12:22:00,9.8760,9.8930,9.8550,9.8780,734384
2011-06-23 12:21:00,9.8810,9.8930,9.8560,9.8730,896028
2011-06-23 12:20:00,9.8810,9.8950,9.8620,9.8770,474096
2011-06-23 12:19:00,9.8890,9.9000,9.8600,9.8760,958552
2011-06-23 12:18:00,9.8860,9.8990,9.8630,9.8850,611576
2011-06-23 12:17:00,9.8830,9.8960,9.8570,9.8810,895580
2011-06-23 12:16:00,9.8820,9.8940,9.8580,9.8780,1506064
2011-06-23 12:15:00,9.8910,9.9020,9.8610,9.8770,1640604
2011-06-23 12:14:00,9.8920,9.9030,9.8690,9.8860,657356
2011-06-23 12:13:00,9.8950,9.9050,9.8690,9.8880,890708
2011-06-23 12:12:00,9.8970,9.9120,9.8720,9.8910,1553160
2011-06-23 12:11:00,9.8880,9.9080,9.8680,9.8910,1138452
2011-06-23 12:10:00,9.8940,9.9080,9.8690,9.8860,1180536
2011-06-23 12:09:00,9.8890,9.9070,9.8700,9.8910,1697892
2011-06-23 12:08:00,9.8900,9.9020,9.8660,9.8850,2363004
2011-06-23 12:07:00,9.8770,9.9010,9.8570,9.8870,2770152
2011-06-23 12:06:00,9.8740,9.8930,9.8550,9.8740,1522864
2011-06-23 12:05:00,9.8740,9.8870,9.8520,9.8710,839888
2011-06-23 12:04:00,9.8740,9.8870,9.8530,9.8710,1079456
2011-06-23 12:03:00,9.8600,9.8850,9.8410,9.8690,2121476
2011-06-23 12:02:00,9.8600,9.8740,9.8370,9.8560,1011444
2011-06-23 12:01:00,9.8550,9.8700,9.8350,9.8570,2086616
2011-06-23 12:00:00,9.8500,9.8640,9.8310,9.8510,2047724
2011-06-23 11:59:00,9.8400,9.8640,9.8210,9.8470,2417520
2011-06-23 11:58:00,9.8420,9.8520,9.8180,9.8380,496748
2011-06-23 11:57:00,9.8300,9.8520,9.8090,9.8380,561932
2011-06-23 11:56:00,9.8280,9.8450,9.8070,9.8260,290472
2011-06-23 11:55:00,9.8250,9.8420,9.8040,9.8260,544712
2011-06-23 11:54:00,9.8300,9.8420,9.8040,9.8210,597212
2011-06-23 11:53:00,9.8290,9.8430,9.8090,9.8260,702772
2011-06-23 11:52:00,9.8440,9.8560,9.8090,9.8260,1516592
2011-06-23 11:51:00,9.8350,9.8550,9.8140,9.8410,1346044
2011-06-23 11:50:00,9.8350,9.8460,9.8120,9.8310,481320
2011-06-23 11:49:00,9.8290,9.8440,9.8080,9.8300,477736
2011-06-23 11:48:00,9.8300,9.8450,9.8070,9.8240,447356
2011-06-23 11:47:00,9.8240,9.8410,9.8010,9.8270,291060
2011-06-23 11:46:00,9.8300,9.8410,9.8030,9.8180,265272
2011-06-23 11:45:00,9.8290,9.8410,9.8070,9.8260,243824
2011-06-23 11:44:00,9.8240,9.8440,9.8030,9.8250,522620
2011-06-23 11:43:00,9.8210,9.8320,9.7990,9.8180,187152
2011-06-23 11:42:00,9.8190,9.8340,9.7990,9.8160,532980
2011-06-23 11:41:00,9.8250,9.8380,9.8000,9.8160,676872
2011-06-23 11:40:00,9.8160,9.8340,9.7970,9.8190,424956
2011-06-23 11:39:00,9.8190,9.8300,9.7940,9.8130,985880
2011-06-23 11:38:00,9.8290,9.8400,9.8000,9.8150,1033816
2011-06-23 11:37:00,9.8360,9.8460,9.8060,9.8250,829864
2011-06-23 11:36:00,9.8350,9.8460,9.8120,9.8330,839104
2011-06-23 11:35:00,9.8300,9.8450,9.8110,9.8310,467992
2011-06-23 11:34:00,9.8310,9.8420,9.8080,9.8260,1420524
2011-06-23 11:33:00,9.8330,9.8460,9.8120,9.8280,619556
2011-06-23 11:32:00,9.8310,9.8480,9.8100,9.8290,748440
2011-06-23 11:31:00,9.8320,9.8460,9.8110,9.8270,611912
2011-06-23 11:30:00,9.8350,9.8450,9.8060,9.8280,1152312
2011-06-23 11:29:00,9.8280,9.8510,9.8080,9.8320,1674988
2011-06-23 11:28:00,9.8320,9.8430,9.8030,9.8240,1197840
2011-06-23 11:27:00,9.8150,9.8420,9.7940,9.8280,1273860
2011-06-23 11:26:00,9.8100,9.8270,9.7890,9.8120,609168
2011-06-23 11:25:00,9.8150,9.8250,9.7880,9.8060,463428
2011-06-23 11:24:00,9.8150,9.8270,9.7920,9.8100,891800
2011-06-23 11:23:00,9.8060,9.8270,9.7870,9.8120,598696
2011-06-23 11:22:00,9.8100,9.8210,9.7850,9.8010,415352
2011-06-23 11:21:00,9.8080,9.8220,9.7860,9.8070,506464
2011-06-23 11:20:00,9.8020,9.8190,9.7830,9.8040,650608
2011-06-23 11:19:00,9.8010,9.8140,9.7770,9.7980,494704
2011-06-23 11:18:00,9.7980,9.8150,9.7770,9.7980,648816
2011-06-23 11:17:00,9.7970,9.8090,9.7750,9.7920,412664
2011-06-23 11:16:00,9.7850,9.8120,9.7670,9.7940,1303372
2011-06-23 11:15:00,9.7900,9.8030,9.7620,9.7820,1139516
2011-06-23 11:14:00,9.8000,9.8100,9.7620,9.7850,1515136
2011-06-23 11:13:00,9.8040,9.8180,9.7750,9.7960,1633968
2011-06-23 11:12:00,9.8110,9.8220,9.7810,9.7990,769944
2011-06-23 11:11:00,9.8220,9.8350,9.7920,9.8090,1108996
2011-06-23 11:10:00,9.8240,9.8340,9.7960,9.8180,927612
2011-06-23 11:09:00,9.8210,9.8340,9.7960,9.8200,1250228
2011-06-23 11:08:00,9.8130,9.8330,9.7940,9.8190,732620
2011-06-23 11:07:00,9.8090,9.8280,9.7880,9.8090,1161104
2011-06-23 11:06:00,9.8030,9.8230,9.7810,9.8050,1038576
2011-06-23 11:05:00,9.7980,9.8140,9.7720,9.7990,796964
2011-06-23 11:04:00,9.8010,9.8140,9.7740,9.7970,748916
2011-06-23 11:03:00,9.8090,9.8200,9.7800,9.7970,818412
2011-06-23 11:02:00,9.8100,9.8230,9.7840,9.8040,1104656
2011-06-23 11:01:00,9.8000,9.8220,9.7820,9.8080,1529864
2011-06-23 11:00:00,9.7950,9.8120,9.7740,9.7990,1074808
2011-06-23 10:59:00,9.7880,9.8070,9.7680,9.7900,1028384
2011-06-23 10:58:00,9.7860,9.8010,9.7630,9.7840,942620
2011-06-23 10:57:00,9.7760,9.7960,9.7550,9.7790,838852
2011-06-23 10:56:00,9.7770,9.7870,9.7520,9.7710,343952
2011-06-23 10:55:00,9.7750,9.7910,9.7560,9.7710,687708
2011-06-23 10:54:00,9.7730,9.7910,9.7490,9.7710,1201256
2011-06-23 10:53:00,9.7650,9.7830,9.7440,9.7690,1101408
2011-06-23 10:52:00,9.7530,9.7780,9.7320,9.7610,917756
2011-06-23 10:51:00,9.7570,9.7670,9.7300,9.7480,956648
2011-06-23 10:50:00,9.7540,9.7780,9.7350,9.7550,914452
2011-06-23 10:49:00,9.7600,9.7720,9.7320,9.7500,1210748
2011-06-23 10:48:00,9.7610,9.7700,9.7300,9.7560,1734544
2011-06-23 10:47:00,9.7730,9.7830,9.7420,9.7580,564508
2011-06-23 10:46:00,9.7610,9.7850,9.7400,9.7710,1540336
2011-06-23 10:45:00,9.7830,9.7970,9.7420,9.7590,1722700
2011-06-23 10:44:00,9.7810,9.7950,9.7560,9.7780,608328
2011-06-23 10:43:00,9.7770,9.7980,9.7560,9.7750,600432
2011-06-23 10:42:00,9.7790,9.7930,9.7520,9.7710,652596
2011-06-23 10:41:00,9.7830,9.7940,9.7570,9.7760,851172
2011-06-23 10:40:00,9.7770,9.7980,9.7560,9.7790,1465436
2011-06-23 10:39:00,9.7770,9.7890,9.7520,9.7740,1019816
2011-06-23 10:38:00,9.7650,9.7870,9.7410,9.7730,1525468
2011-06-23 10:37:00,9.7780,9.7880,9.7400,9.7610,2387644
2011-06-23 10:36:00,9.7830,9.7990,9.7580,9.7730,1551592
2011-06-23 10:35:00,9.7940,9.8040,9.7560,9.7780,4258100
2011-06-23 10:34:00,9.8010,9.8120,9.7750,9.7900,1268120
2011-06-23 10:33:00,9.8090,9.8190,9.7770,9.7970,1929816
2011-06-23 10:32:00,9.8180,9.8340,9.7890,9.8050,1332408
2011-06-23 10:31:00,9.8340,9.8460,9.7970,9.8130,1017772
2011-06-23 10:30:00,9.8190,9.8490,9.7990,9.8290,1608264
2011-06-23 10:29:00,9.8110,9.8330,9.7880,9.8180,1278396
2011-06-23 10:28:00,9.8090,9.8200,9.7810,9.8070,1097824
2011-06-23 10:27:00,9.8100,9.8270,9.7880,9.8050,1136184
2011-06-23 10:26:00,9.8050,9.8250,9.7850,9.8090,1833048
2011-06-23 10:25:00,9.8090,9.8200,9.7800,9.8030,2341108
2011-06-23 10:24:00,9.8210,9.8320,9.7830,9.8070,1918784
2011-06-23 10:23:00,9.8190,9.8310,9.7920,9.8160,1966692
2011-06-23 10:22:00,9.8290,9.8470,9.7980,9.8150,1532300
2011-06-23 10:21:00,9.8340,9.8450,9.8030,9.8250,1877820
2011-06-23 10:20:00,9.8450,9.8580,9.8140,9.8310,1634360
2011-06-23 10:19:00,9.8310,9.8580,9.8090,9.8400,2124724
2011-06-23 10:18:00,9.8190,9.8440,9.8000,9.8250,1457204
2011-06-23 10:17:00,9.8320,9.8430,9.7980,9.8150,1586032
2011-06-23 10:16:00,9.8330,9.8490,9.8080,9.8310,1993992
2011-06-23 10:15:00,9.8230,9.8470,9.8030,9.8300,2481304
2011-06-23 10:14:00,9.8400,9.8500,9.8020,9.8190,2583392
2011-06-23 10:13:00,9.8400,9.8540,9.8120,9.8360,3217956
2011-06-23 10:12:00,9.8440,9.8630,9.8200,9.8370,5350772
2011-06-23 10:11:00,9.8080,9.8550,9.7850,9.8410,5560940
2011-06-23 10:10:00,9.8030,9.8170,9.7720,9.8040,1751540
2011-06-23 10:09:00,9.8000,9.8110,9.7770,9.7980,1050616
2011-06-23 10:08:00,9.7920,9.8130,9.7720,9.7960,1597904
2011-06-23 10:07:00,9.8040,9.8170,9.7670,9.7900,3532844
2011-06-23 10:06:00,9.7930,9.8170,9.7720,9.7980,3912720
2011-06-23 10:05:00,9.7780,9.8040,9.7520,9.7890,3108700
2011-06-23 10:04:00,9.7680,9.7910,9.7460,9.7760,2622088
2011-06-23 10:03:00,9.7630,9.7810,9.7390,9.7640,2096024
2011-06-23 10:02:00,9.7420,9.7870,9.7220,9.7600,3902556
2011-06-23 10:01:00,9.7440,9.7600,9.7200,9.7380,1435504
2011-06-23 10:00:00,9.7470,9.7590,9.7140,9.7430,1846068
2011-06-23 09:59:00,9.7470,9.7660,9.7230,9.7430,1412768
2011-06-23 09:58:00,9.7480,9.7650,9.7230,9.7430,2310308
2011-06-23 09:57:00,9.7420,9.7560,9.7070,9.7430,1729644
2011-06-23 09:56:00,9.7430,9.7580,9.7140,9.7400,1391908
2011-06-23 09:55:00,9.7270,9.7550,9.7070,9.7390,1824648
2011-06-23 09:54:00,9.7400,9.7500,9.6990,9.7210,2051924
2011-06-23 09:53:00,9.7480,9.7630,9.7170,9.7350,2306192
2011-06-23 09:52:00,9.7350,9.7640,9.7140,9.7450,2427012
2011-06-23 09:51:00,9.7210,9.7480,9.7010,9.7310,1728664
2011-06-23 09:50:00,9.7380,9.7510,9.6950,9.7180,1661212
2011-06-23 09:49:00,9.7110,9.7490,9.6880,9.7350,1750532
2011-06-23 09:48:00,9.7180,9.7310,9.6910,9.7090,1223068
2011-06-23 09:47:00,9.7190,9.7310,9.6890,9.7140,1269716
2011-06-23 09:46:00,9.7230,9.7350,9.6930,9.7150,1153516
2011-06-23 09:45:00,9.7070,9.7330,9.6860,9.7190,1890952
2011-06-23 09:44:00,9.6970,9.7170,9.6710,9.7040,1756104
2011-06-23 09:43:00,9.7060,9.7220,9.6770,9.6950,2468368
2011-06-23 09:42:00,9.7160,9.7290,9.6840,9.7030,2268504
2011-06-23 09:41:00,9.7250,9.7360,9.6960,9.7120,1970556
2011-06-23 09:40:00,9.7500,9.7590,9.7030,9.7220,2903628
2011-06-23 09:39:00,9.7380,9.7660,9.7140,9.7450,2663360
2011-06-23 09:38:00,9.7310,9.7570,9.7050,9.7340,2255456
2011-06-23 09:37:00,9.7240,9.7540,9.7050,9.7240,3823568
2011-06-23 09:36:00,9.7140,9.7370,9.6900,9.7220,2546712
2011-06-23 09:35:00,9.7070,9.7300,9.6740,9.7100,2860032
2011-06-23 09:34:00,9.6790,9.7250,9.6580,9.7030,4031496
2011-06-23 09:33:00,9.6740,9.6960,9.6550,9.6750,2071104
2011-06-23 09:32:00,9.6720,9.6890,9.6440,9.6710,3522764
2011-06-23 09:31:00,9.6700,9.6840,9.6420,9.6690,3380020
2011-06-23 09:30:00,9.6720,9.7050,9.6270,9.6660,7502796
2011-06-23 09:29:00,9.6690,9.6810,9.6480,9.6670,117600
2011-06-23 09:28:00,9.6690,9.6810,9.6460,9.6670,79800
2011-06-23 09:27:00,9.6680,9.6790,9.6490,9.6640,11200
2011-06-23 09:26:00,9.6650,9.6780,9.6460,9.6640,33460
2011-06-23 09:24:00,9.6670,9.6770,9.6450,9.6630,28840
2011-06-23 09:23:00,9.6670,9.6780,9.6490,9.6640,27300
2011-06-23 09:22:00,9.6570,9.6780,9.6390,9.6640,82600
2011-06-23 09:20:00,9.6570,9.6670,9.6380,9.6540,28000
2011-06-23 09:19:00,9.6560,9.6660,9.6320,9.6490,24920
2011-06-23 09:18:00,9.6570,9.6670,9.6300,9.6530,28308
2011-06-23 09:17:00,9.6590,9.6690,9.6360,9.6530,25200
2011-06-23 09:16:00,9.6550,9.6690,9.6370,9.6550,65576
2011-06-23 09:15:00,9.6660,9.6760,9.6320,9.6540,102116
2011-06-23 09:14:00,9.6690,9.6790,9.6460,9.6620,14000
2011-06-23 09:13:00,9.6690,9.6800,9.6500,9.6660,35560
2011-06-23 09:12:00,9.6680,9.6800,9.6470,9.6640,61880
2011-06-23 09:11:00,9.6640,9.6810,9.6450,9.6670,55356
2011-06-23 09:10:00,9.6570,9.6750,9.6390,9.6600,75740
2011-06-23 09:09:00,9.6540,9.6730,9.6310,9.6470,106960
2011-06-23 09:08:00,9.6490,9.6670,9.6290,9.6540,136668
2011-06-23 09:07:00,9.6540,9.6640,9.6290,9.6460,25200
2011-06-23 09:06:00,9.6510,9.6640,9.6330,9.6480,114800
2011-06-23 09:05:00,9.6520,9.6610,9.6300,9.6450,22400
2011-06-23 09:04:00,9.6470,9.6570,9.6280,9.6430,2800
2011-06-23 09:03:00,9.6570,9.6670,9.6300,9.6450,38640
2011-06-23 09:02:00,9.6570,9.6680,9.6380,9.6540,42504
2011-06-23 09:01:00,9.6570,9.6670,9.6300,9.6450,48244
2011-06-23 09:00:00,9.6630,9.6730,9.6390,9.6560,52332
2011-06-23 08:59:00,9.6640,9.6750,9.6450,9.6600,17360
2011-06-23 08:58:00,9.6620,9.6720,9.6430,9.6590,14000
2011-06-23 08:57:00,9.6560,9.6740,9.6380,9.6570,43764
2011-06-23 08:56:00,9.6560,9.6710,9.6370,9.6560,112924
2011-06-23 08:55:00,9.6570,9.6670,9.6330,9.6540,46004
2011-06-23 08:54:00,9.6430,9.6670,9.6240,9.6540,84168
2011-06-23 08:53:00,9.6500,9.6600,9.6240,9.6390,49420
2011-06-23 08:52:00,9.6570,9.6660,9.6320,9.6470,16800
2011-06-23 08:51:00,9.6520,9.6670,9.6330,9.6530,80864
2011-06-23 08:50:00,9.6620,9.6730,9.6360,9.6510,71400
2011-06-23 08:49:00,9.6630,9.6720,9.6390,9.6590,81172
2011-06-23 08:48:00,9.6570,9.6720,9.6360,9.6580,109452
2011-06-23 08:47:00,9.6600,9.6700,9.6390,9.6540,35644
2011-06-23 08:46:00,9.6620,9.6710,9.6390,9.6540,47544
2011-06-23 08:45:00,9.6570,9.6690,9.6360,9.6540,44772
2011-06-23 08:44:00,9.6520,9.6660,9.6300,9.6510,91000
2011-06-23 08:43:00,9.6520,9.6670,9.6320,9.6490,53200
2011-06-23 08:42:00,9.6520,9.6620,9.6280,9.6430,55300
2011-06-23 08:41:00,9.6580,9.6690,9.6360,9.6510,84728
2011-06-23 08:40:00,9.6590,9.6700,9.6390,9.6540,22960
2011-06-23 08:39:00,9.6600,9.6720,9.6360,9.6550,62132
2011-06-23 08:38:00,9.6590,9.6720,9.6360,9.6540,113792
2011-06-23 08:37:00,9.6690,9.6810,9.6400,9.6550,113400
2011-06-23 08:36:00,9.6650,9.6820,9.6440,9.6680,54628
2011-06-23 08:35:00,9.6730,9.6930,9.6400,9.6590,127960
2011-06-23 08:34:00,9.6790,9.6910,9.6540,9.6690,187152
2011-06-23 08:33:00,9.6940,9.7040,9.6690,9.6840,57400
2011-06-23 08:32:00,9.6850,9.6980,9.6650,9.6840,71960
2011-06-23 08:31:00,9.6860,9.6960,9.6600,9.6750,77924
2011-06-23 08:30:00,9.6840,9.6980,9.6570,9.6750,117404
2011-06-23 08:29:00,9.6910,9.7020,9.6720,9.6880,77056
2011-06-23 08:28:00,9.6970,9.7070,9.6720,9.6880,252056
2011-06-23 08:27:00,9.7030,9.7130,9.6780,9.6980,85960
2011-06-23 08:26:00,9.6990,9.7130,9.6800,9.6950,64400
2011-06-23 08:25:00,9.6980,9.7100,9.6780,9.6950,60760
2011-06-23 08:24:00,9.7000,9.7100,9.6800,9.6950,70000
2011-06-23 08:23:00,9.7030,9.7130,9.6840,9.6990,8400
2011-06-23 08:22:00,9.7060,9.7160,9.6840,9.6990,102536
2011-06-23 08:21:00,9.7080,9.7180,9.6870,9.7020,5600
2011-06-23 08:20:00,9.7050,9.7150,9.6860,9.7010,32956
2011-06-23 08:17:00,9.7070,9.7210,9.6860,9.7080,16800
2011-06-23 08:16:00,9.7090,9.7190,9.6900,9.7050,5684
2011-06-23 08:15:00,9.7110,9.7200,9.6910,9.7060,11200
2011-06-23 08:14:00,9.7090,9.7190,9.6900,9.7050,2884
2011-06-23 08:13:00,9.7120,9.7220,9.6910,9.7060,51744
2011-06-23 08:12:00,9.7180,9.7280,9.6960,9.7110,8400
2011-06-23 08:09:00,9.7140,9.7230,9.6950,9.7100,14280
2011-06-23 08:08:00,9.7130,9.7230,9.6950,9.7100,5600
2011-06-23 08:07:00,9.7130,9.7230,9.6950,9.7100,2800
2011-06-23 08:06:00,9.7110,9.7250,9.6920,9.7100,8400
2011-06-23 08:05:00,9.7140,9.7230,9.6920,9.7070,8400
2011-06-23 08:04:00,9.7090,9.7190,9.6910,9.7060,4816
2011-06-23 08:03:00,9.7100,9.7210,9.6910,9.7080,16800
2011-06-23 08:02:00,9.7150,9.7250,9.6910,9.7080,59136
2011-06-23 08:01:00,9.7250,9.7350,9.6920,9.7140,38500
2011-06-23 08:00:00,9.7330,9.7430,9.6990,9.7140,28252
2011-06-23 07:56:00,9.7270,9.7430,9.7080,9.7260,42000
2011-06-23 07:48:00,9.7200,9.7290,9.7010,9.7160,2800
2011-06-23 07:46:00,9.7300,9.7400,9.7110,9.7260,2800
2011-06-23 07:45:00,9.7150,9.7280,9.6960,9.7140,16436
2011-06-23 07:44:00,9.7150,9.7250,9.6960,9.7110,8400
2011-06-23 07:43:00,9.7150,9.7250,9.6960,9.7110,2800
2011-06-23 07:42:00,9.7130,9.7230,9.6940,9.7090,2800
2011-06-23 07:41:00,9.7150,9.7280,9.6940,9.7090,16800
2011-06-23 07:40:00,9.7200,9.7310,9.7010,9.7180,16800
2011-06-23 07:39:00,9.7200,9.7310,9.6960,9.7110,14000
2011-06-23 07:38:00,9.7210,9.7310,9.6990,9.7180,53200
2011-06-23 07:37:00,9.7240,9.7360,9.7010,9.7210,44800
2011-06-23 07:27:00,9.7330,9.7430,9.7140,9.7300,2800
2011-06-23 07:23:00,9.7330,9.7430,9.7140,9.7300,2800
2011-06-23 07:20:00,9.7360,9.7460,9.7180,9.7330,2800
2011-06-23 07:17:00,9.7270,9.7580,9.7080,9.7360,22400
2011-06-23 07:16:00,9.7330,9.7430,9.7140,9.7300,5600
2011-06-23 07:05:00,9.7230,9.7320,9.7040,9.7190,8400
2011-06-23 07:04:00,9.7230,9.7490,9.7040,9.7190,56000
2011-06-23 07:02:00,9.7150,9.7250,9.6960,9.7110,5600
2011-06-23 07:01:00,9.7180,9.7280,9.6930,9.7080,29512
2011-06-23 06:57:00,9.7140,9.7240,9.6960,9.7110,9324
2011-06-23 06:47:00,9.7140,9.7240,9.6960,9.7110,2940
2011-06-23 06:35:00,9.7250,9.7350,9.7060,9.7210,14000
2011-06-23 06:28:00,9.7260,9.7360,9.7070,9.7220,14000
2011-06-23 06:04:00,9.7340,9.7440,9.7150,9.7310,2800
2011-06-23 04:06:00,9.7510,9.7600,9.7320,9.7470,2800
2011-06-22 19:59:00,9.7520,9.7620,9.7290,9.7440,57400
2011-06-22 19:58:00,9.7540,9.7640,9.7360,9.7510,2800
2011-06-22 19:54:00,9.7540,9.7640,9.7350,9.7510,22456
2011-06-22 19:53:00,9.7510,9.7630,9.7330,9.7500,7280
2011-06-22 19:50:00,9.7480,9.7580,9.7300,9.7450,2800
2011-06-22 19:46:00,9.7480,9.7720,9.7300,9.7580,15400
2011-06-22 19:43:00,9.7470,9.7570,9.7280,9.7430,16800
2011-06-22 19:42:00,9.7490,9.7590,9.7300,9.7450,16800
2011-06-22 19:41:00,9.7540,9.7640,9.7360,9.7510,2800
2011-06-22 19:35:00,9.7500,9.7600,9.7270,9.7450,18200
2011-06-22 19:34:00,9.7540,9.7630,9.7320,9.7470,14000
2011-06-22 19:33:00,9.7540,9.7660,9.7360,9.7520,19600
2011-06-22 19:26:00,9.7500,9.7600,9.7310,9.7460,2800
2011-06-22 19:19:00,9.7540,9.7640,9.7360,9.7510,5880
2011-06-22 19:18:00,9.7560,9.7660,9.7370,9.7520,11200
2011-06-22 19:17:00,9.7540,9.7640,9.7360,9.7510,5600
2011-06-22 19:13:00,9.7560,9.7660,9.7370,9.7520,4200
2011-06-22 19:12:00,9.7560,9.7660,9.7370,9.7520,2800
2011-06-22 19:09:00,9.7610,9.7700,9.7420,9.7570,23548
2011-06-22 19:07:00,9.7640,9.7740,9.7460,9.7610,2800
2011-06-22 19:06:00,9.7640,9.7740,9.7460,9.7610,6188
2011-06-22 18:59:00,9.7680,9.7830,9.7460,9.7610,12880
2011-06-22 18:56:00,9.7710,9.7810,9.7530,9.7680,2800
2011-06-22 18:54:00,9.7690,9.7790,9.7500,9.7650,2800
2011-06-22 18:52:00,9.7650,9.7750,9.7470,9.7620,2800
2011-06-22 18:50:00,9.7640,9.7740,9.7460,9.7610,11200
2011-06-22 18:47:00,9.7560,9.7660,9.7370,9.7520,14000
2011-06-22 18:46:00,9.7560,9.7660,9.7370,9.7530,2800
2011-06-22 18:45:00,9.7610,9.7700,9.7420,9.7570,2800
2011-06-22 18:43:00,9.7670,9.7770,9.7450,9.7600,49000
2011-06-22 18:42:00,9.7700,9.7800,9.7510,9.7670,2800
2011-06-22 18:39:00,9.7710,9.7810,9.7520,9.7680,5600
2011-06-22 18:38:00,9.7700,9.7800,9.7490,9.7640,39200
2011-06-22 18:37:00,9.7710,9.7810,9.7520,9.7680,16156
2011-06-22 18:36:00,9.7710,9.7810,9.7520,9.7680,11844
2011-06-22 18:30:00,9.7710,9.7810,9.7520,9.7680,2800
2011-06-22 18:28:00,9.7730,9.7830,9.7540,9.7690,11200
2011-06-22 18:27:00,9.7730,9.7830,9.7540,9.7690,5600
2011-06-22 18:20:00,9.7760,9.7860,9.7570,9.7720,8400
2011-06-22 18:17:00,9.7760,9.7860,9.7570,9.7720,4200
2011-06-22 18:13:00,9.7770,9.7870,9.7580,9.7740,14000
2011-06-22 18:12:00,9.7770,9.7870,9.7580,9.7740,5600
2011-06-22 18:11:00,9.7770,9.7870,9.7580,9.7740,30436
2011-06-22 18:10:00,9.7820,9.7920,9.7630,9.7780,81228
2011-06-22 18:09:00,9.7760,9.7860,9.7570,9.7730,2800
2011-06-22 18:05:00,9.7770,9.7870,9.7580,9.7740,2800
2011-06-22 18:04:00,9.7760,9.7870,9.7570,9.7740,14000
2011-06-22 18:03:00,9.7770,9.7870,9.7580,9.7740,2800
2011-06-22 18:01:00,9.7730,9.7830,9.7540,9.7690,5320
2011-06-22 17:57:00,9.7800,9.7900,9.7610,9.7760,2800
2011-06-22 17:56:00,9.7760,9.7860,9.7570,9.7720,2800
2011-06-22 17:52:00,9.7760,9.7860,9.7550,9.7710,12600
2011-06-22 17:50:00,9.7780,9.7870,9.7590,9.7740,2800
2011-06-22 17:49:00,9.7800,9.7900,9.7610,9.7760,2800
2011-06-22 17:44:00,9.7760,9.7870,9.7550,9.7700,8400
2011-06-22 17:41:00,9.7760,9.7860,9.7570,9.7720,5600
2011-06-22 17:40:00,9.7760,9.7870,9.7570,9.7740,37800
2011-06-22 17:34:00,9.7760,9.7860,9.7570,9.7730,2800
2011-06-22 17:25:00,9.7740,9.7840,9.7550,9.7700,8400
2011-06-22 17:20:00,9.7730,9.7830,9.7540,9.7690,11060
2011-06-22 17:19:00,9.7730,9.7830,9.7540,9.7690,2800
2011-06-22 17:11:00,9.7720,9.7840,9.7530,9.7700,8400
2011-06-22 17:09:00,9.7760,9.7860,9.7540,9.7690,110208
2011-06-22 17:08:00,9.7760,9.7860,9.7570,9.7730,2800
2011-06-22 17:01:00,9.7770,9.7870,9.7580,9.7740,5600
2011-06-22 16:59:00,9.7760,9.7880,9.7570,9.7750,60592
2011-06-22 16:57:00,9.7770,9.7860,9.7580,9.7730,2800
2011-06-22 16:45:00,9.7760,9.7890,9.7570,9.7720,25900
2011-06-22 16:43:00,9.7760,9.7860,9.7570,9.7720,2800
2011-06-22 16:42:00,9.8500,9.8600,9.7570,9.7720,5600
2011-06-22 16:40:00,9.7750,9.7850,9.7560,9.7710,2800
2011-06-22 16:37:00,9.7760,9.7860,9.7570,9.7720,2800
2011-06-22 16:36:00,9.7770,9.7870,9.7570,9.7720,7000
2011-06-22 16:31:00,9.7760,9.7860,9.7570,9.7720,8288
2011-06-22 16:29:00,9.7760,9.7860,9.7570,9.7730,5068
2011-06-22 16:28:00,9.7760,9.7860,9.7570,9.7730,2800
2011-06-22 16:24:00,9.7790,9.7890,9.7600,9.7760,7000
2011-06-22 16:23:00,9.7760,9.7910,9.7570,9.7730,11592
2011-06-22 16:22:00,9.7790,9.7890,9.7600,9.7760,2800
2011-06-22 16:21:00,9.7750,9.7850,9.7570,9.7720,4116
2011-06-22 16:20:00,9.7840,9.7940,9.7650,9.7800,322364
2011-06-22 16:19:00,9.7770,9.7860,9.7580,9.7730,15400
2011-06-22 16:18:00,9.7790,9.7920,9.7600,9.7780,46928
2011-06-22 16:17:00,9.7790,9.7890,9.7600,9.7750,2800
2011-06-22 16:16:00,9.7780,9.7880,9.7580,9.7740,40740
2011-06-22 16:15:00,9.7800,9.8960,9.7590,9.7750,235676
2011-06-22 16:14:00,9.7800,9.7900,9.7610,9.7760,47432
2011-06-22 16:13:00,9.7800,9.7960,9.7590,9.7820,196420
2011-06-22 16:12:00,9.7770,9.7890,9.7580,9.7750,8400
2011-06-22 16:11:00,9.7800,9.7900,9.7610,9.7760,11200
2011-06-22 16:10:00,9.8860,9.8960,9.8670,9.8830,53200
2011-06-22 16:09:00,9.7790,9.7890,9.7600,9.7750,2800
2011-06-22 16:08:00,9.7840,9.7940,9.7650,9.7800,172872
2011-06-22 16:07:00,9.7760,9.8980,9.7570,9.7750,87500
2011-06-22 16:06:00,9.7760,9.8940,9.7570,9.7730,155512
2011-06-22 16:05:00,9.7780,9.8790,9.7570,9.7720,12880
2011-06-22 16:04:00,9.7750,9.7850,9.7560,9.7710,2800
2011-06-22 16:03:00,9.7780,9.7890,9.7570,9.7750,24612
2011-06-22 16:02:00,9.7750,9.8980,9.7550,9.8840,177520
2011-06-22 16:01:00,9.8880,9.8980,9.7540,9.7720,141512
2011-06-22 16:00:00,9.7840,9.7940,9.7570,9.7720,6470604
2011-06-22 15:59:00,9.7770,9.7940,9.7580,9.7780,3316124
2011-06-22 15:58:00,9.7780,9.7900,9.7570,9.7730,2046912
2011-06-22 15:57:00,9.7810,9.7950,9.7590,9.7750,2218748
2011-06-22 15:56:00,9.7760,9.7980,9.7560,9.7760,2217320
2011-06-22 15:55:00,9.7840,9.7940,9.7560,9.7720,2460444
2011-06-22 15:54:00,9.7900,9.8020,9.7630,9.7790,1394204
2011-06-22 15:53:00,9.7950,9.8050,9.7640,9.7870,1211532
2011-06-22 15:52:00,9.7890,9.8050,9.7690,9.7910,1709484
2011-06-22 15:51:00,9.7890,9.8040,9.7670,9.7840,1711304
2011-06-22 15:50:00,9.7920,9.8050,9.7650,9.7850,2200184
2011-06-22 15:49:00,9.7980,9.8090,9.7700,9.7880,1610896
2011-06-22 15:48:00,9.7890,9.8080,9.7680,9.7940,1221584
2011-06-22 15:47:00,9.7840,9.8050,9.7650,9.7850,1836492
2011-06-22 15:46:00,9.7860,9.7990,9.7600,9.7800,1333388
2011-06-22 15:45:00,9.7870,9.8010,9.7600,9.7830,2344832
2011-06-22 15:44:00,9.8020,9.8130,9.7630,9.7850,3194016
2011-06-22 15:43:00,9.8110,9.8210,9.7790,9.7970,2595404
2011-06-22 15:42:00,9.8160,9.8280,9.7900,9.8070,1752632
2011-06-22 15:41:00,9.8200,9.8340,9.7950,9.8140,1098440
2011-06-22 15:40:00,9.8170,9.8330,9.7960,9.8160,1627136
2011-06-22 15:39:00,9.8230,9.8390,9.7960,9.8130,1839432
2011-06-22 15:38:00,9.8370,9.8480,9.8030,9.8210,2510788
2011-06-22 15:37:00,9.8380,9.8510,9.8170,9.8320,580496
2011-06-22 15:36:00,9.8370,9.8550,9.8160,9.8350,1297632
2011-06-22 15:35:00,9.8380,9.8500,9.8160,9.8350,1047620
2011-06-22 15:34:00,9.8370,9.8500,9.8160,9.8350,638372
2011-06-22 15:33:00,9.8340,9.8480,9.8130,9.8340,853804
2011-06-22 15:32:00,9.8410,9.8520,9.8120,9.8310,1912400
2011-06-22 15:31:00,9.8420,9.8550,9.8200,9.8370,1428532
2011-06-22 15:30:00,9.8510,9.8630,9.8220,9.8380,1934940
2011-06-22 15:29:00,9.8460,9.8620,9.8270,9.8460,288036
2011-06-22 15:28:00,9.8510,9.8630,9.8270,9.8440,450520
2011-06-22 15:27:00,9.8490,9.8630,9.8270,9.8470,393848
2011-06-22 15:26:00,9.8480,9.8600,9.8260,9.8460,662872
2011-06-22 15:25:00,9.8500,9.8610,9.8260,9.8450,482412
2011-06-22 15:24:00,9.8460,9.8590,9.8260,9.8460,265104
2011-06-22 15:23:00,9.8510,9.8640,9.8270,9.8430,529032
2011-06-22 15:22:00,9.8540,9.8660,9.8320,9.8490,622384
2011-06-22 15:21:00,9.8560,9.8680,9.8300,9.8510,1307908
2011-06-22 15:20:00,9.8470,9.8690,9.8280,9.8510,880880
2011-06-22 15:19:00,9.8470,9.8610,9.8260,9.8410,409976
2011-06-22 15:18:00,9.8500,9.8630,9.8250,9.8450,696668
2011-06-22 15:17:00,9.8500,9.8610,9.8240,9.8470,531328
2011-06-22 15:16:00,9.8510,9.8620,9.8250,9.8450,1016176
2011-06-22 15:15:00,9.8550,9.8660,9.8290,9.8460,983108
2011-06-22 15:14:00,9.8600,9.8750,9.8340,9.8500,830088
2011-06-22 15:13:00,9.8580,9.8750,9.8390,9.8580,383124
2011-06-22 15:12:00,9.8680,9.8780,9.8390,9.8550,458500
2011-06-22 15:11:00,9.8690,9.8830,9.8470,9.8640,397432
2011-06-22 15:10:00,9.8740,9.8840,9.8450,9.8660,717472
2011-06-22 15:09:00,9.8730,9.8840,9.8500,9.8690,450380
2011-06-22 15:08:00,9.8750,9.8880,9.8540,9.8700,477316
2011-06-22 15:07:00,9.8730,9.8880,9.8520,9.8730,904512
2011-06-22 15:06:00,9.8660,9.8840,9.8450,9.8680,686028
2011-06-22 15:05:00,9.8660,9.8780,9.8430,9.8630,330092
2011-06-22 15:04:00,9.8660,9.8780,9.8440,9.8620,428764
2011-06-22 15:03:00,9.8650,9.8770,9.8420,9.8620,364980
2011-06-22 15:02:00,9.8650,9.8770,9.8370,9.8610,411348
2011-06-22 15:01:00,9.8570,9.8770,9.8360,9.8620,731668
2011-06-22 15:00:00,9.8610,9.8730,9.8370,9.8550,389088
2011-06-22 14:59:00,9.8580,9.8730,9.8360,9.8570,489916
2011-06-22 14:58:00,9.8560,9.8770,9.8370,9.8570,621768
2011-06-22 14:57:00,9.8620,9.8740,9.8330,9.8520,409752
2011-06-22 14:56:00,9.8580,9.8740,9.8330,9.8600,621684
2011-06-22 14:55:00,9.8590,9.8710,9.8280,9.8550,2050216
2011-06-22 14:54:00,9.8630,9.8770,9.8390,9.8550,816648
2011-06-22 14:53:00,9.8620,9.8740,9.8380,9.8590,623420
2011-06-22 14:52:00,9.8730,9.8830,9.8410,9.8570,1580908
2011-06-22 14:51:00,9.8710,9.8840,9.8520,9.8690,266112
2011-06-22 14:50:00,9.8760,9.8900,9.8510,9.8680,909832
2011-06-22 14:49:00,9.8750,9.8860,9.8520,9.8710,299152
2011-06-22 14:48:00,9.8730,9.8870,9.8520,9.8710,412944
2011-06-22 14:47:00,9.8690,9.8850,9.8470,9.8700,494508
2011-06-22 14:46:00,9.8750,9.8860,9.8490,9.8650,484988
2011-06-22 14:45:00,9.8630,9.8830,9.8440,9.8700,884604
2011-06-22 14:44:00,9.8700,9.8830,9.8440,9.8600,1071924
2011-06-22 14:43:00,9.8730,9.8880,9.8480,9.8670,1225868
2011-06-22 14:42:00,9.8830,9.8940,9.8530,9.8680,1376200
2011-06-22 14:41:00,9.8820,9.8940,9.8610,9.8810,497056
2011-06-22 14:40:00,9.8830,9.8980,9.8610,9.8780,443800
2011-06-22 14:39:00,9.8870,9.8970,9.8630,9.8780,215432
2011-06-22 14:38:00,9.8950,9.9050,9.8620,9.8820,1355676
2011-06-22 14:37:00,9.8950,9.9090,9.8740,9.8900,278768
2011-06-22 14:36:00,9.8990,9.9100,9.8750,9.8940,562156
2011-06-22 14:35:00,9.9000,9.9100,9.8760,9.8950,195888
2011-06-22 14:34:00,9.8930,9.9110,9.8740,9.8960,182168
2011-06-22 14:33:00,9.9000,9.9110,9.8740,9.8900,636664
2011-06-22 14:32:00,9.8950,9.9160,9.8760,9.8960,750932
2011-06-22 14:31:00,9.8920,9.9070,9.8730,9.8890,383628
2011-06-22 14:30:00,9.8930,9.9070,9.8690,9.8900,660156
2011-06-22 14:29:00,9.8970,9.9090,9.8700,9.8880,667520
2011-06-22 14:28:00,9.9060,9.9180,9.8760,9.8910,743484
2011-06-22 14:27:00,9.8950,9.9170,9.8750,9.9030,717444
2011-06-22 14:26:00,9.8940,9.9080,9.8720,9.8910,340144
2011-06-22 14:25:00,9.8960,9.9060,9.8720,9.8900,396900
2011-06-22 14:24:00,9.8950,9.9060,9.8720,9.8920,361200
2011-06-22 14:23:00,9.8950,9.9070,9.8740,9.8920,552216
2011-06-22 14:22:00,9.8890,9.9090,9.8690,9.8920,676760
2011-06-22 14:21:00,9.8880,9.9000,9.8670,9.8850,321160
2011-06-22 14:20:00,9.8830,9.8980,9.8610,9.8840,357252
2011-06-22 14:19:00,9.8830,9.8950,9.8640,9.8800,203252
2011-06-22 14:18:00,9.8870,9.8970,9.8620,9.8800,309708
2011-06-22 14:17:00,9.8890,9.8990,9.8660,9.8830,132076
2011-06-22 14:16:00,9.8840,9.8990,9.8650,9.8850,248220
2011-06-22 14:15:00,9.8810,9.8980,9.8610,9.8800,263172
2011-06-22 14:14:00,9.8860,9.8970,9.8600,9.8770,358596
2011-06-22 14:13:00,9.8860,9.8960,9.8650,9.8810,98896
2011-06-22 14:12:00,9.8860,9.8980,9.8650,9.8810,482020
2011-06-22 14:11:00,9.8870,9.8990,9.8660,9.8830,245504
2011-06-22 14:10:00,9.8950,9.9050,9.8660,9.8830,462000
2011-06-22 14:09:00,9.8840,9.9090,9.8620,9.8930,891996
2011-06-22 14:08:00,9.8810,9.8980,9.8610,9.8810,435316
2011-06-22 14:07:00,9.8860,9.8970,9.8600,9.8760,551292
2011-06-22 14:06:00,9.8830,9.8980,9.8640,9.8830,557760
2011-06-22 14:05:00,9.8890,9.9010,9.8620,9.8800,1465128
2011-06-22 14:04:00,9.8950,9.9080,9.8700,9.8850,546896
2011-06-22 14:03:00,9.9020,9.9130,9.8750,9.8920,603148
2011-06-22 14:02:00,9.9020,9.9170,9.8810,9.8990,259000
2011-06-22 14:01:00,9.8990,9.9120,9.8760,9.8980,376152
2011-06-22 14:00:00,9.9050,9.9160,9.8770,9.8960,832160
2011-06-22 13:59:00,9.9070,9.9180,9.8850,9.9020,260764
2011-06-22 13:58:00,9.9080,9.9180,9.8860,9.9030,164612
2011-06-22 13:57:00,9.9090,9.9210,9.8880,9.9040,274400
2011-06-22 13:56:00,9.9060,9.9210,9.8860,9.9060,678020
2011-06-22 13:55:00,9.9040,9.9160,9.8840,9.9020,416612
2011-06-22 13:54:00,9.9040,9.9150,9.8830,9.9010,259140
2011-06-22 13:53:00,9.9050,9.9160,9.8820,9.9010,363524
2011-06-22 13:52:00,9.8990,9.9140,9.8780,9.9010,342636
2011-06-22 13:51:00,9.8960,9.9090,9.8760,9.8950,591948
2011-06-22 13:50:00,9.8960,9.9090,9.8760,9.8940,305480
2011-06-22 13:49:00,9.8910,9.9070,9.8720,9.8930,624680
2011-06-22 13:48:00,9.8920,9.9030,9.8690,9.8880,199024
2011-06-22 13:47:00,9.8900,9.9030,9.8690,9.8890,761264
2011-06-22 13:46:00,9.8890,9.9010,9.8690,9.8850,479164
2011-06-22 13:45:00,9.8870,9.8990,9.8640,9.8860,419804
2011-06-22 13:44:00,9.8840,9.8980,9.8630,9.8840,267008
2011-06-22 13:43:00,9.8870,9.8970,9.8630,9.8790,462420
2011-06-22 13:42:00,9.8860,9.8990,9.8670,9.8850,117824
2011-06-22 13:41:00,9.8860,9.8980,9.8660,9.8840,159740
2011-06-22 13:40:00,9.8880,9.8990,9.8670,9.8820,199444
2011-06-22 13:39:00,9.8860,9.9000,9.8650,9.8840,194460
2011-06-22 13:38:00,9.8880,9.9000,9.8660,9.8830,836500
2011-06-22 13:37:00,9.8850,9.8990,9.8630,9.8830,498736
2011-06-22 13:36:00,9.8900,9.9000,9.8660,9.8830,192080
2011-06-22 13:35:00,9.8920,9.9040,9.8700,9.8850,193284
2011-06-22 13:34:00,9.8870,9.9020,9.8680,9.8880,388220
2011-06-22 13:33:00,9.8890,9.9020,9.8680,9.8840,643832
2011-06-22 13:32:00,9.8890,9.9000,9.8680,9.8840,223804
2011-06-22 13:31:00,9.8860,9.8980,9.8660,9.8840,294308
2011-06-22 13:30:00,9.8830,9.8970,9.8640,9.8820,305564
2011-06-22 13:29:00,9.8840,9.8940,9.8610,9.8800,845404
2011-06-22 13:28:00,9.8850,9.8960,9.8620,9.8820,250768
2011-06-22 13:27:00,9.8850,9.8990,9.8650,9.8810,198072
2011-06-22 13:26:00,9.8850,9.8960,9.8610,9.8800,1022532
2011-06-22 13:25:00,9.8880,9.9020,9.8660,9.8810,578676
2011-06-22 13:24:00,9.8990,9.9090,9.8670,9.8840,1175440
2011-06-22 13:23:00,9.9000,9.9130,9.8790,9.8960,302400
2011-06-22 13:22:00,9.9020,9.9160,9.8800,9.8980,405720
2011-06-22 13:21:00,9.9060,9.9190,9.8830,9.9010,570472
2011-06-22 13:20:00,9.9000,9.9170,9.8790,9.9030,370384
2011-06-22 13:19:00,9.9050,9.9150,9.8800,9.8970,202384
2011-06-22 13:18:00,9.9040,9.9150,9.8820,9.9000,307020
2011-06-22 13:17:00,9.8980,9.9170,9.8780,9.8990,482244
2011-06-22 13:16:00,9.8940,9.9080,9.8750,9.8940,135800
2011-06-22 13:15:00,9.8950,9.9060,9.8750,9.8910,175588
2011-06-22 13:14:00,9.8980,9.9110,9.8760,9.8910,196000
2011-06-22 13:13:00,9.9010,9.9120,9.8760,9.8940,406028
2011-06-22 13:12:00,9.9020,9.9130,9.8810,9.8970,184800
2011-06-22 13:11:00,9.9030,9.9150,9.8820,9.8990,388276
2011-06-22 13:10:00,9.8990,9.9140,9.8770,9.8990,1142428
2011-06-22 13:09:00,9.8880,9.9070,9.8660,9.8910,736260
2011-06-22 13:08:00,9.8870,9.9010,9.8680,9.8850,423388
2011-06-22 13:07:00,9.8860,9.9000,9.8660,9.8840,777280
2011-06-22 13:06:00,9.8900,9.9030,9.8660,9.8820,529340
2011-06-22 13:05:00,9.8940,9.9050,9.8710,9.8880,118776
2011-06-22 13:04:00,9.8920,9.9050,9.8710,9.8910,255612
2011-06-22 13:03:00,9.8920,9.9090,9.8700,9.8880,706972
2011-06-22 13:02:00,9.8930,9.9070,9.8700,9.8860,701344
2011-06-22 13:01:00,9.8990,9.9100,9.8710,9.8880,548408
2011-06-22 13:00:00,9.9070,9.9180,9.8800,9.8950,399700
2011-06-22 12:59:00,9.9020,9.9150,9.8800,9.9020,296016
2011-06-22 12:58:00,9.9010,9.9140,9.8800,9.8980,317968
2011-06-22 12:57:00,9.9030,9.9170,9.8800,9.8980,1005760
2011-06-22 12:56:00,9.9000,9.9150,9.8770,9.8980,493696
2011-06-22 12:55:00,9.9060,9.9160,9.8770,9.8970,1027460
2011-06-22 12:54:00,9.9120,9.9240,9.8860,9.9030,441224
2011-06-22 12:53:00,9.9130,9.9260,9.8890,9.9050,657832
2011-06-22 12:52:00,9.9160,9.9270,9.8920,9.9110,589680
2011-06-22 12:51:00,9.9110,9.9270,9.8900,9.9120,856436
2011-06-22 12:50:00,9.9090,9.9240,9.8890,9.9080,863156
2011-06-22 12:49:00,9.9110,9.9240,9.8880,9.9050,964824
2011-06-22 12:48:00,9.9170,9.9280,9.8920,9.9080,1075032
2011-06-22 12:47:00,9.9150,9.9320,9.8920,9.9150,1304436
2011-06-22 12:46:00,9.9200,9.9360,9.8960,9.9180,1506568
2011-06-22 12:45:00,9.9060,9.9310,9.8840,9.9170,2406852
2011-06-22 12:44:00,9.8920,9.9180,9.8710,9.9010,1589280
2011-06-22 12:43:00,9.8850,9.9050,9.8650,9.8880,928032
2011-06-22 12:42:00,9.8780,9.9010,9.8580,9.8810,1610700
2011-06-22 12:41:00,9.8720,9.8890,9.8490,9.8730,420028
2011-06-22 12:40:00,9.8750,9.8850,9.8510,9.8660,311780
2011-06-22 12:39:00,9.8770,9.8890,9.8510,9.8710,564620
2011-06-22 12:38:00,9.8650,9.8870,9.8440,9.8730,924224
2011-06-22 12:37:00,9.8590,9.8770,9.8390,9.8610,776748
2011-06-22 12:36:00,9.8630,9.8730,9.8370,9.8570,553532
2011-06-22 12:35:00,9.8590,9.8750,9.8390,9.8600,335384
2011-06-22 12:34:00,9.8630,9.8760,9.8400,9.8550,340312
2011-06-22 12:33:00,9.8660,9.8790,9.8420,9.8590,299096
2011-06-22 12:32:00,9.8560,9.8760,9.8360,9.8620,524160
2011-06-22 12:31:00,9.8700,9.8820,9.8360,9.8530,715596
2011-06-22 12:30:00,9.8700,9.8860,9.8480,9.8670,807352
2011-06-22 12:29:00,9.8660,9.8860,9.8470,9.8670,528612
2011-06-22 12:28:00,9.8660,9.8770,9.8420,9.8610,769664
2011-06-22 12:27:00,9.8610,9.8780,9.8380,9.8630,705040
2011-06-22 12:26:00,9.8620,9.8740,9.8400,9.8570,496076
2011-06-22 12:25:00,9.8680,9.8810,9.8430,9.8580,688856
2011-06-22 12:24:00,9.8670,9.8780,9.8440,9.8620,920864
2011-06-22 12:23:00,9.8680,9.8810,9.8470,9.8650,521780
2011-06-22 12:22:00,9.8640,9.8800,9.8410,9.8630,994672
2011-06-22 12:21:00,9.8640,9.8760,9.8390,9.8610,801276
2011-06-22 12:20:00,9.8670,9.8790,9.8450,9.8600,337568
2011-06-22 12:19:00,9.8660,9.8780,9.8460,9.8620,386176
2011-06-22 12:18:00,9.8720,9.8840,9.8460,9.8620,1165304
2011-06-22 12:17:00,9.8660,9.8820,9.8460,9.8680,516824
2011-06-22 12:16:00,9.8640,9.8780,9.8420,9.8620,500108
2011-06-22 12:15:00,9.8570,9.8770,9.8360,9.8610,1096648
2011-06-22 12:14:00,9.8590,9.8700,9.8380,9.8540,473564
2011-06-22 12:13:00,9.8550,9.8720,9.8340,9.8550,1100876
2011-06-22 12:12:00,9.8530,9.8640,9.8300,9.8500,625912
2011-06-22 12:11:00,9.8490,9.8660,9.8300,9.8520,1058568
2011-06-22 12:10:00,9.8460,9.8620,9.8260,9.8470,900816
2011-06-22 12:09:00,9.8430,9.8560,9.8220,9.8410,536116
2011-06-22 12:08:00,9.8400,9.8550,9.8210,9.8390,871668
2011-06-22 12:07:00,9.8450,9.8560,9.8220,9.8380,1091356
2011-06-22 12:06:00,9.8490,9.8610,9.8210,9.8420,1140664
2011-06-22 12:05:00,9.8440,9.8610,9.8240,9.8460,715036
2011-06-22 12:04:00,9.8350,9.8550,9.8150,9.8410,737968
2011-06-22 12:03:00,9.8390,9.8540,9.8160,9.8320,1038884
2011-06-22 12:02:00,9.8350,9.8510,9.8140,9.8350,1254736
2011-06-22 12:01:00,9.8430,9.8550,9.8140,9.8320,1099728
2011-06-22 12:00:00,9.8360,9.8560,9.8140,9.8410,1321768
2011-06-22 11:59:00,9.8470,9.8580,9.8140,9.8330,1724940
2011-06-22 11:58:00,9.8430,9.8590,9.8230,9.8430,1113840
2011-06-22 11:57:00,9.8550,9.8650,9.8230,9.8400,2366364
2011-06-22 11:56:00,9.8580,9.8710,9.8360,9.8510,979048
2011-06-22 11:55:00,9.8650,9.8750,9.8390,9.8540,835604
2011-06-22 11:54:00,9.8580,9.8780,9.8390,9.8610,1068144
2011-06-22 11:53:00,9.8600,9.8710,9.8380,9.8550,1255156
2011-06-22 11:52:00,9.8670,9.8770,9.8390,9.8560,1776684
2011-06-22 11:51:00,9.8770,9.8880,9.8460,9.8630,1162644
2011-06-22 11:50:00,9.8780,9.8880,9.8550,9.8730,432544
2011-06-22 11:49:00,9.8770,9.8890,9.8550,9.8750,501116
2011-06-22 11:48:00,9.8780,9.8890,9.8580,9.8730,453432
2011-06-22 11:47:00,9.8840,9.8940,9.8580,9.8740,596652
2011-06-22 11:46:00,9.8860,9.8970,9.8640,9.8790,434000
2011-06-22 11:45:00,9.8870,9.9030,9.8660,9.8820,855092
2011-06-22 11:44:00,9.8840,9.8970,9.8630,9.8830,567644
2011-06-22 11:43:00,9.8830,9.8960,9.8630,9.8790,499296
2011-06-22 11:42:00,9.8840,9.8960,9.8620,9.8790,750764
2011-06-22 11:41:00,9.8770,9.8950,9.8570,9.8810,1398068
2011-06-22 11:40:00,9.8820,9.8930,9.8580,9.8740,895272
2011-06-22 11:39:00,9.8820,9.8940,9.8620,9.8800,457352
2011-06-22 11:38:00,9.8890,9.8990,9.8610,9.8780,688184
2011-06-22 11:37:00,9.8850,9.8990,9.8660,9.8850,475356
2011-06-22 11:36:00,9.8840,9.8970,9.8630,9.8810,631260
2011-06-22 11:35:00,9.8840,9.8950,9.8590,9.8810,1451268
2011-06-22 11:34:00,9.8860,9.8960,9.8630,9.8780,581420
2011-06-22 11:33:00,9.8860,9.8980,9.8620,9.8820,1075508
2011-06-22 11:32:00,9.8940,9.9050,9.8660,9.8830,1113868
2011-06-22 11:31:00,9.8960,9.9080,9.8750,9.8910,647080
2011-06-22 11:30:00,9.8960,9.9100,9.8770,9.8930,226968
2011-06-22 11:29:00,9.8980,9.9110,9.8770,9.8920,424508
2011-06-22 11:28:00,9.8990,9.9110,9.8770,9.8940,309288
2011-06-22 11:27:00,9.9050,9.9180,9.8750,9.8960,760144
2011-06-22 11:26:00,9.8960,9.9150,9.8740,9.9000,1244320
2011-06-22 11:25:00,9.8970,9.9120,9.8750,9.8910,1497608
2011-06-22 11:24:00,9.9120,9.9220,9.8780,9.8930,1315104
2011-06-22 11:23:00,9.9090,9.9250,9.8890,9.9080,676200
2011-06-22 11:22:00,9.9050,9.9210,9.8860,9.9040,554820
2011-06-22 11:21:00,9.9130,9.9240,9.8860,9.9010,1052016
2011-06-22 11:20:00,9.9180,9.9290,9.8910,9.9090,878024
2011-06-22 11:19:00,9.9150,9.9310,9.8940,9.9140,750400
2011-06-22 11:18:00,9.9180,9.9290,9.8930,9.9120,266280
2011-06-22 11:17:00,9.9190,9.9300,9.8980,9.9160,219940
2011-06-22 11:16:00,9.9150,9.9290,9.8940,9.9140,1183532
2011-06-22 11:15:00,9.9150,9.9290,9.8950,9.9100,1097572
2011-06-22 11:14:00,9.9130,9.9290,9.8940,9.9130,691768
2011-06-22 11:13:00,9.9210,9.9310,9.8930,9.9120,702184
2011-06-22 11:12:00,9.9240,9.9360,9.9000,9.9180,826868
2011-06-22 11:11:00,9.9210,9.9360,9.8990,9.9210,1222816
2011-06-22 11:10:00,9.9190,9.9320,9.8970,9.9180,623196
2011-06-22 11:09:00,9.9220,9.9400,9.8990,9.9150,1019004
2011-06-22 11:08:00,9.9130,9.9330,9.8940,9.9180,822136
2011-06-22 11:07:00,9.9130,9.9230,9.8890,9.9080,1098720
2011-06-22 11:06:00,9.9140,9.9280,9.8920,9.9080,406364
2011-06-22 11:05:00,9.9230,9.9340,9.8920,9.9110,730576
2011-06-22 11:04:00,9.9190,9.9340,9.8980,9.9190,475608
2011-06-22 11:03:00,9.9210,9.9350,9.8960,9.9140,478828
2011-06-22 11:02:00,9.9070,9.9320,9.8880,9.9160,1188404
2011-06-22 11:01:00,9.9080,9.9280,9.8880,9.9030,1058400
2011-06-22 11:00:00,9.9110,9.9220,9.8820,9.9030,2096892
2011-06-22 10:59:00,9.9150,9.9290,9.8900,9.9100,1417948
2011-06-22 10:58:00,9.9190,9.9320,9.8920,9.9090,975016
2011-06-22 10:57:00,9.9210,9.9330,9.9000,9.9150,956816
2011-06-22 10:56:00,9.9210,9.9330,9.9000,9.9170,944160
2011-06-22 10:55:00,9.9240,9.9350,9.9010,9.9180,870520
2011-06-22 10:54:00,9.9230,9.9380,9.9020,9.9210,818692
2011-06-22 10:53:00,9.9200,9.9330,9.8980,9.9190,658000
2011-06-22 10:52:00,9.9220,9.9330,9.9010,9.9180,270032
2011-06-22 10:51:00,9.9270,9.9370,9.8980,9.9180,1162084
2011-06-22 10:50:00,9.9220,9.9370,9.9020,9.9230,655648
2011-06-22 10:49:00,9.9240,9.9370,9.9000,9.9180,589512
2011-06-22 10:48:00,9.9280,9.9420,9.9050,9.9220,1026956
2011-06-22 10:47:00,9.9190,9.9390,9.9000,9.9250,465024
2011-06-22 10:46:00,9.9220,9.9340,9.8990,9.9150,393820
2011-06-22 10:45:00,9.9260,9.9400,9.9020,9.9190,1117032
2011-06-22 10:44:00,9.9210,9.9360,9.8990,9.9220,625856
2011-06-22 10:43:00,9.9160,9.9310,9.8970,9.9180,1023232
2011-06-22 10:42:00,9.9170,9.9290,9.8940,9.9130,908376
2011-06-22 10:41:00,9.9040,9.9280,9.8840,9.9130,1304436
2011-06-22 10:40:00,9.9040,9.9200,9.8810,9.9000,1437800
2011-06-22 10:39:00,9.9100,9.9210,9.8820,9.8980,1570828
2011-06-22 10:38:00,9.9180,9.9290,9.8900,9.9050,1194060
2011-06-22 10:37:00,9.9150,9.9330,9.8950,9.9130,1024072
2011-06-22 10:36:00,9.9230,9.9330,9.8930,9.9120,2180948
2011-06-22 10:35:00,9.9280,9.9400,9.8980,9.9170,2153340
2011-06-22 10:34:00,9.9290,9.9430,9.9080,9.9270,495376
2011-06-22 10:33:00,9.9340,9.9480,9.9100,9.9250,729288
2011-06-22 10:32:00,9.9320,9.9490,9.9130,9.9310,609616
2011-06-22 10:31:00,9.9390,9.9500,9.9110,9.9280,634788
2011-06-22 10:30:00,9.9250,9.9500,9.9050,9.9340,1164296
2011-06-22 10:29:00,9.9190,9.9370,9.8980,9.9190,801444
2011-06-22 10:28:00,9.9280,9.9380,9.8990,9.9150,411012
2011-06-22 10:27:00,9.9260,9.9380,9.9050,9.9240,395332
2011-06-22 10:26:00,9.9320,9.9450,9.9060,9.9220,560392
2011-06-22 10:25:00,9.9320,9.9460,9.9110,9.9280,555660
2011-06-22 10:24:00,9.9260,9.9430,9.9020,9.9280,954352
2011-06-22 10:23:00,9.9190,9.9390,9.8970,9.9230,1437072
2011-06-22 10:22:00,9.9280,9.9380,9.8980,9.9160,1032164
2011-06-22 10:21:00,9.9210,9.9390,9.8990,9.9240,1123640
2011-06-22 10:20:00,9.9360,9.9490,9.9020,9.9200,2853452
2011-06-22 10:19:00,9.9390,9.9510,9.9170,9.9330,477848
2011-06-22 10:18:00,9.9410,9.9520,9.9150,9.9340,662200
2011-06-22 10:17:00,9.9410,9.9530,9.9150,9.9380,653604
2011-06-22 10:16:00,9.9350,9.9530,9.9130,9.9360,1010688
2011-06-22 10:15:00,9.9410,9.9530,9.9140,9.9330,1560524
2011-06-22 10:14:00,9.9410,9.9540,9.9190,9.9370,581028
2011-06-22 10:13:00,9.9490,9.9590,9.9180,9.9360,751548
2011-06-22 10:12:00,9.9450,9.9620,9.9250,9.9450,1444380
2011-06-22 10:11:00,9.9420,9.9560,9.9170,9.9420,1612352
2011-06-22 10:10:00,9.9450,9.9580,9.9200,9.9380,865116
2011-06-22 10:09:00,9.9480,9.9600,9.9200,9.9420,924784
2011-06-22 10:08:00,9.9460,9.9580,9.9240,9.9440,652064
2011-06-22 10:07:00,9.9490,9.9590,9.9220,9.9410,938784
2011-06-22 10:06:00,9.9450,9.9620,9.9240,9.9450,2089136
2011-06-22 10:05:00,9.9350,9.9550,9.9150,9.9420,992012
2011-06-22 10:04:00,9.9330,9.9520,9.9140,9.9310,1281700
2011-06-22 10:03:00,9.9330,9.9460,9.9080,9.9300,3429776
2011-06-22 10:02:00,9.9450,9.9570,9.9130,9.9290,2926896
2011-06-22 10:01:00,9.9420,9.9550,9.9160,9.9410,1275092
2011-06-22 10:00:00,9.9510,9.9630,9.9200,9.9360,1680000
2011-06-22 09:59:00,9.9610,9.9710,9.9310,9.9480,1081136
2011-06-22 09:58:00,9.9600,9.9760,9.9370,9.9570,1498476
2011-06-22 09:57:00,9.9560,9.9730,9.9320,9.9550,1564640
2011-06-22 09:56:00,9.9460,9.9670,9.9250,9.9530,1329888
2011-06-22 09:55:00,9.9440,9.9660,9.9230,9.9420,1838452
2011-06-22 09:54:00,9.9420,9.9550,9.9160,9.9410,2455264
2011-06-22 09:53:00,9.9480,9.9580,9.9220,9.9380,1812048
2011-06-22 09:52:00,9.9460,9.9590,9.9230,9.9440,2623264
2011-06-22 09:51:00,9.9580,9.9690,9.9260,9.9420,2274412
2011-06-22 09:50:00,9.9640,9.9790,9.9390,9.9570,2942072
2011-06-22 09:49:00,9.9720,9.9830,9.9440,9.9630,3502548
2011-06-22 09:48:00,9.9500,9.9820,9.9300,9.9660,3131632
2011-06-22 09:47:00,9.9500,9.9630,9.9250,9.9460,2577260
2011-06-22 09:46:00,9.9550,9.9660,9.9230,9.9480,3133592
2011-06-22 09:45:00,9.9600,9.9720,9.9290,9.9520,2306612
2011-06-22 09:44:00,9.9530,9.9760,9.9320,9.9580,3460156
2011-06-22 09:43:00,9.9480,9.9700,9.9270,9.9500,3834264
2011-06-22 09:42:00,9.9300,9.9610,9.9100,9.9460,3837764
2011-06-22 09:41:00,9.9250,9.9480,9.9040,9.9280,3630368
2011-06-22 09:40:00,9.9190,9.9360,9.8900,9.9220,2213036
2011-06-22 09:39:00,9.8940,9.9320,9.8750,9.9170,3281824
2011-06-22 09:38:00,9.8910,9.9090,9.8710,9.8910,1108800
2011-06-22 09:37:00,9.8850,9.9080,9.8660,9.8870,1058568
2011-06-22 09:36:00,9.8880,9.9020,9.8620,9.8800,1521884
2011-06-22 09:35:00,9.9010,9.9170,9.8620,9.8850,3619336
2011-06-22 09:34:00,9.8910,9.9110,9.8680,9.8960,3211068
2011-06-22 09:33:00,9.8750,9.9010,9.8460,9.8870,2824500
2011-06-22 09:32:00,9.8880,9.9000,9.8510,9.8710,2538032
2011-06-22 09:31:00,9.8450,9.9010,9.8240,9.8850,4055800
2011-06-22 09:30:00,9.8590,9.8700,9.8100,9.8460,2163784
2011-06-22 09:29:00,9.8580,9.8720,9.8350,9.8540,195720
2011-06-22 09:28:00,9.8390,9.8700,9.8200,9.8530,186368
2011-06-22 09:27:00,9.8370,9.8470,9.8160,9.8310,5600
2011-06-22 09:26:00,9.8390,9.8500,9.8200,9.8370,22400
2011-06-22 09:25:00,9.8360,9.8480,9.8170,9.8350,17388
2011-06-22 09:21:00,9.8410,9.8510,9.8220,9.8380,2800
2011-06-22 09:17:00,9.8340,9.8440,9.8140,9.8300,27860
2011-06-22 09:16:00,9.8390,9.8520,9.8200,9.8390,28000
2011-06-22 09:15:00,9.8370,9.8490,9.8150,9.8310,28336
2011-06-22 09:14:00,9.8370,9.8470,9.8180,9.8340,2800
2011-06-22 09:12:00,9.8360,9.8460,9.8170,9.8330,5600
2011-06-22 09:11:00,9.8360,9.8460,9.8170,9.8330,11200
2011-06-22 09:10:00,9.8350,9.8460,9.8160,9.8330,25340
2011-06-22 09:08:00,9.8340,9.8440,9.8150,9.8300,7000
2011-06-22 09:07:00,9.8380,9.8480,9.8190,9.8340,14000
2011-06-22 09:06:00,9.8370,9.8470,9.8180,9.8340,2800
2011-06-22 09:05:00,9.8360,9.8490,9.8170,9.8360,37800
2011-06-22 09:04:00,9.8340,9.8440,9.8140,9.8300,5600
2011-06-22 09:03:00,9.8310,9.8440,9.8110,9.8300,76300
2011-06-22 09:02:00,9.8300,9.8410,9.8060,9.8240,79800
2011-06-22 09:01:00,9.8290,9.8410,9.8060,9.8270,72940
2011-06-22 09:00:00,9.8320,9.8410,9.8080,9.8260,43036
2011-06-22 08:59:00,9.8270,9.8410,9.8080,9.8280,20300
2011-06-22 08:58:00,9.8280,9.8380,9.8080,9.8240,12600
2011-06-22 08:57:00,9.8320,9.8420,9.8100,9.8260,5600
2011-06-22 08:56:00,9.8300,9.8400,9.8090,9.8240,14000
2011-06-22 08:55:00,9.8250,9.8420,9.8050,9.8280,56896
2011-06-22 08:54:00,9.8220,9.8370,9.8030,9.8240,15904
2011-06-22 08:53:00,9.8250,9.8350,9.8050,9.8210,53060
2011-06-22 08:52:00,9.8320,9.8410,9.8100,9.8250,11200
2011-06-22 08:50:00,9.8330,9.8430,9.8140,9.8290,2800
2011-06-22 08:46:00,9.8320,9.8420,9.8130,9.8290,2800
2011-06-22 08:45:00,9.8270,9.8370,9.8080,9.8240,2800
2011-06-22 08:44:00,9.8240,9.8340,9.8040,9.8190,11200
2011-06-22 08:43:00,9.8340,9.8440,9.8070,9.8220,7000
2011-06-22 08:41:00,9.8250,9.8360,9.8060,9.8220,5600
2011-06-22 08:40:00,9.8250,9.8340,9.8060,9.8210,5600
2011-06-22 08:38:00,9.8240,9.8340,9.8050,9.8210,36680
2011-06-22 08:37:00,9.8290,9.8450,9.8090,9.8250,51548
2011-06-22 08:36:00,9.8390,9.8490,9.8120,9.8270,55160
2011-06-22 08:35:00,9.8340,9.8450,9.8150,9.8310,21336
2011-06-22 08:34:00,9.8480,9.8580,9.8170,9.8330,74200
2011-06-22 08:33:00,9.8500,9.8600,9.8300,9.8460,9240
2011-06-22 08:31:00,9.8480,9.8610,9.8290,9.8480,14840
2011-06-22 08:26:00,9.8490,9.8590,9.8300,9.8460,27160
2011-06-22 08:25:00,9.8460,9.8560,9.8260,9.8420,11200
2011-06-22 08:24:00,9.8510,9.8610,9.8320,9.8480,23296
2011-06-22 08:22:00,9.8460,9.8560,9.8260,9.8420,22400
2011-06-22 08:21:00,9.8450,9.8550,9.8260,9.8420,5600
2011-06-22 08:20:00,9.8500,9.8630,9.8310,9.8460,30744
2011-06-22 08:19:00,9.8490,9.8590,9.8300,9.8450,3080
2011-06-22 08:17:00,9.8450,9.8550,9.8260,9.8420,8400
2011-06-22 08:16:00,9.8490,9.8590,9.8240,9.8390,36372
2011-06-22 08:15:00,9.8550,9.8640,9.8360,9.8510,4340
2011-06-22 08:14:00,9.8550,9.8650,9.8360,9.8510,42700
2011-06-22 08:13:00,9.8550,9.8640,9.8360,9.8510,2800
2011-06-22 08:12:00,9.8540,9.8640,9.8350,9.8500,18536
2011-06-22 08:11:00,9.8570,9.8690,9.8310,9.8510,136164
2011-06-22 08:10:00,9.8610,9.8710,9.8360,9.8570,14000
2011-06-22 08:09:00,9.8580,9.8710,9.8390,9.8550,23240
2011-06-22 08:08:00,9.8550,9.8700,9.8360,9.8520,33880
2011-06-22 08:07:00,9.8550,9.8680,9.8350,9.8510,57960
2011-06-22 08:06:00,9.8540,9.8640,9.8350,9.8510,14000
2011-06-22 08:05:00,9.8510,9.8630,9.8320,9.8490,15680
2011-06-22 08:03:00,9.8490,9.8590,9.8300,9.8450,2800
2011-06-22 08:02:00,9.8480,9.8580,9.8220,9.8420,36400
2011-06-22 08:01:00,9.8460,9.8560,9.8200,9.8360,8400
2011-06-22 08:00:00,9.8460,9.8560,9.8160,9.8360,62048
2011-06-22 07:59:00,9.8490,9.8590,9.8300,9.8450,2800
2011-06-22 07:58:00,9.8450,9.8560,9.8260,9.8420,30800
2011-06-22 07:57:00,9.8450,9.8550,9.8260,9.8410,14000
2011-06-22 07:56:00,9.8450,9.8550,9.8260,9.8410,5600
2011-06-22 07:55:00,9.8420,9.8520,9.8230,9.8390,2800
2011-06-22 07:54:00,9.8420,9.8520,9.8230,9.8390,2800
2011-06-22 07:53:00,9.8450,9.8550,9.8260,9.8420,16800
2011-06-22 07:51:00,9.8390,9.8590,9.8200,9.8450,8400
2011-06-22 07:50:00,9.8340,9.8460,9.8150,9.8330,67200
2011-06-22 07:49:00,9.8350,9.8450,9.8160,9.8310,4088
2011-06-22 07:48:00,9.8350,9.8460,9.8130,9.8330,90888
2011-06-22 07:47:00,9.8210,9.8410,9.8020,9.8270,28000
2011-06-22 07:46:00,9.8200,9.8300,9.8010,9.8160,2800
2011-06-22 07:45:00,9.8200,9.8300,9.8010,9.8160,22400
2011-06-22 07:43:00,9.8200,9.8300,9.8010,9.8160,2800
2011-06-22 07:42:00,9.8210,9.8310,9.8020,9.8170,8400
2011-06-22 07:41:00,9.8210,9.8310,9.8020,9.8170,8400
2011-06-22 07:36:00,9.8120,9.8220,9.7930,9.8080,2800
2011-06-22 07:35:00,9.8120,9.8220,9.7920,9.8070,30800
2011-06-22 07:33:00,9.8140,9.8240,9.7930,9.8080,8400
2011-06-22 07:30:00,9.8150,9.8280,9.7960,9.8150,19600
2011-06-22 07:29:00,9.8080,9.8180,9.7890,9.8040,12600
2011-06-22 07:27:00,9.8100,9.8200,9.7910,9.8070,5600
2011-06-22 07:20:00,9.8100,9.8200,9.7900,9.8050,22400
2011-06-22 07:19:00,9.8120,9.8220,9.7930,9.8080,10080
2011-06-22 07:14:00,9.8240,9.8340,9.8050,9.8210,8400
2011-06-22 07:13:00,9.8290,9.8390,9.8100,9.8250,5600
2011-06-22 07:09:00,9.8280,9.8370,9.8090,9.8240,27020
2011-06-22 07:08:00,9.8300,9.8420,9.8090,9.8280,22400
2011-06-22 07:06:00,9.8320,9.8430,9.8110,9.8270,19600
2011-06-22 07:04:00,9.8240,9.8340,9.8050,9.8210,11200
2011-06-22 07:03:00,9.8240,9.8340,9.8050,9.8210,14000
2011-06-22 07:02:00,9.8240,9.8340,9.8040,9.8210,36456
2011-06-22 07:01:00,9.8340,9.8440,9.8130,9.8280,10780
2011-06-22 06:56:00,9.8330,9.8430,9.8140,9.8300,14000
2011-06-22 06:55:00,9.8340,9.8440,9.8150,9.8300,14000
2011-06-22 06:39:00,9.8530,9.8630,9.8340,9.8490,2800
2011-06-22 06:09:00,9.8430,9.8530,9.8240,9.8400,2800
2011-06-21 19:59:00,9.8620,9.8710,9.8420,9.8580,8400
2011-06-21 19:58:00,9.8620,9.8730,9.8430,9.8600,10388
2011-06-21 19:57:00,9.8640,9.8740,9.8400,9.8550,30772
2011-06-21 19:56:00,9.8620,9.8720,9.8430,9.8580,5600
2011-06-21 19:54:00,9.8550,9.8720,9.8360,9.8570,63504
2011-06-21 19:53:00,9.8480,9.8650,9.8290,9.8450,16800
2011-06-21 19:51:00,9.8560,9.8660,9.8370,9.8520,8400
2011-06-21 19:50:00,9.8550,9.8640,9.8360,9.8510,21784
2011-06-21 19:45:00,9.8550,9.8660,9.8360,9.8520,14000
2011-06-21 19:44:00,9.8560,9.8660,9.8370,9.8520,2800
2011-06-21 19:42:00,9.8580,9.8680,9.8390,9.8540,8400
2011-06-21 19:39:00,9.8630,9.8730,9.8440,9.8600,2800
2011-06-21 19:38:00,9.8620,9.8720,9.8430,9.8580,2800
2011-06-21 19:37:00,9.8620,9.8720,9.8430,9.8580,2800
2011-06-21 19:35:00,9.8610,9.8720,9.8420,9.8580,11200
2011-06-21 19:33:00,9.8610,9.8710,9.8390,9.8540,10640
2011-06-21 19:31:00,9.8610,9.8710,9.8420,9.8570,2800
2011-06-21 19:29:00,9.8610,9.8710,9.8420,9.8570,3360
2011-06-21 19:18:00,9.8580,9.8680,9.8390,9.8550,2800
2011-06-21 19:15:00,9.8580,9.8680,9.8390,9.8550,2800
2011-06-21 19:10:00,9.8620,9.8720,9.8430,9.8580,2800
2011-06-21 19:09:00,9.8600,9.8700,9.8410,9.8570,2800
2011-06-21 19:07:00,9.8550,9.8650,9.8360,9.8510,5600
2011-06-21 19:06:00,9.8610,9.8710,9.8420,9.8570,7196
2011-06-21 18:49:00,9.8590,9.8690,9.8400,9.8550,2800
2011-06-21 18:45:00,9.8550,9.8640,9.8340,9.8490,11200
2011-06-21 18:42:00,9.8550,9.8650,9.8360,9.8510,13440
2011-06-21 18:38:00,9.8590,9.8690,9.8400,9.8550,2800
2011-06-21 18:25:00,9.8630,9.8740,9.8440,9.8600,14028
2011-06-21 18:24:00,9.8580,9.8680,9.8390,9.8550,5600
2011-06-21 18:22:00,9.8620,9.8720,9.8360,9.8510,5600
2011-06-21 18:21:00,9.8620,9.8720,9.8430,9.8580,2800
2011-06-21 18:18:00,9.8620,9.8720,9.8430,9.8580,25200
2011-06-21 18:15:00,9.8650,9.8750,9.8450,9.8600,14000
2011-06-21 18:10:00,9.8640,9.8740,9.8450,9.8600,112000
2011-06-21 18:08:00,9.8620,9.8800,9.8430,9.8660,102592
2011-06-21 18:07:00,9.8550,9.8640,9.8360,9.8510,2800
2011-06-21 18:06:00,9.8550,9.8640,9.8360,9.8510,2800
2011-06-21 18:05:00,9.8550,9.8650,9.8360,9.8510,2800
2011-06-21 18:04:00,9.8550,9.8640,9.8360,9.8510,2800
2011-06-21 18:03:00,9.8480,9.8640,9.8280,9.8500,18200
2011-06-21 18:02:00,9.8510,9.8640,9.8290,9.8440,22400
2011-06-21 18:01:00,9.8560,9.8660,9.8360,9.8510,35252
2011-06-21 18:00:00,9.8640,9.8740,9.8440,9.8590,5600
2011-06-21 17:59:00,9.8630,9.8740,9.8440,9.8600,5600
2011-06-21 17:58:00,9.8700,9.8800,9.8510,9.8660,2800
2011-06-21 17:57:00,9.8640,9.8740,9.8450,9.8600,4480
2011-06-21 17:56:00,9.8700,9.8800,9.8510,9.8660,2800
2011-06-21 17:55:00,9.8630,9.8800,9.8440,9.8660,5600
2011-06-21 17:54:00,9.8670,9.8770,9.8480,9.8630,2800
2011-06-21 17:52:00,9.8710,9.8830,9.8450,9.8600,22400
2011-06-21 17:51:00,9.8620,9.8800,9.8420,9.8660,44604
2011-06-21 17:50:00,9.8550,9.8730,9.8360,9.8590,12880
2011-06-21 17:49:00,9.8500,9.8600,9.8310,9.8460,4200
2011-06-21 17:47:00,9.8550,9.8640,9.8360,9.8510,2800
2011-06-21 17:45:00,9.8580,9.8680,9.8390,9.8540,2800
2011-06-21 17:38:00,9.8500,9.8740,9.8310,9.8600,53956
2011-06-21 17:37:00,9.8570,9.8690,9.8380,9.8550,27580
2011-06-21 17:36:00,9.8610,9.8710,9.8360,9.8510,8400
2011-06-21 17:35:00,9.8590,9.8690,9.8390,9.8540,14000
2011-06-21 17:31:00,9.8640,9.8740,9.8450,9.8610,2800
2011-06-21 17:30:00,9.8580,9.8680,9.8390,9.8540,33600
2011-06-21 17:29:00,9.8580,9.8680,9.8390,9.8540,6300
2011-06-21 17:27:00,9.8560,9.8660,9.8370,9.8520,6020
2011-06-21 17:25:00,9.8550,9.8640,9.8360,9.8510,5600
2011-06-21 17:21:00,9.8550,9.8650,9.8360,9.8510,44380
2011-06-21 17:20:00,9.8550,9.8690,9.8360,9.8550,6776
2011-06-21 17:16:00,9.8620,9.8720,9.8430,9.8580,2800
2011-06-21 17:15:00,9.8640,9.8740,9.8450,9.8600,2800
2011-06-21 17:07:00,9.8640,9.8740,9.8450,9.8600,3444
2011-06-21 17:02:00,9.8660,9.8760,9.8470,9.8630,2800
2011-06-21 17:01:00,9.8660,9.8760,9.8470,9.8630,19796
2011-06-21 16:56:00,9.8640,9.8740,9.8450,9.8600,2800
2011-06-21 16:55:00,9.8650,9.8750,9.8460,9.8610,25592
2011-06-21 16:51:00,9.8640,9.8740,9.8420,9.8580,31500
2011-06-21 16:50:00,9.8640,9.8750,9.8450,9.8610,16380
2011-06-21 16:42:00,9.8570,9.8670,9.8380,9.8530,336000
2011-06-21 16:41:00,9.8610,9.8740,9.8420,9.8600,15680
2011-06-21 16:35:00,9.8610,9.8710,9.8420,9.8570,2800
2011-06-21 16:33:00,9.8610,9.8710,9.8420,9.8580,11200
2011-06-21 16:31:00,9.8650,9.8750,9.8460,9.8610,65884
2011-06-21 16:25:00,9.8650,9.8750,9.8450,9.8600,40600
2011-06-21 16:22:00,9.8640,9.8740,9.8450,9.8600,7420
2011-06-21 16:19:00,9.8640,9.8740,9.8450,9.8600,1482628
2011-06-21 16:17:00,9.8620,9.8760,9.8400,9.8630,8400
2011-06-21 16:15:00,9.8660,9.8800,9.8450,9.8600,158200
2011-06-21 16:14:00,9.8650,9.8750,9.8460,9.8620,14000
2011-06-21 16:13:00,9.8200,9.8770,9.8010,9.8630,29792
2011-06-21 16:12:00,9.8650,9.8750,9.8460,9.8620,23576
2011-06-21 16:11:00,9.8680,9.8780,9.8460,9.8620,8400
2011-06-21 16:10:00,9.7700,9.7800,9.7510,9.7670,176400
2011-06-21 16:09:00,9.8530,9.8780,9.8340,9.8630,69132
2011-06-21 16:08:00,9.5610,9.5710,9.5430,9.5570,54320
2011-06-21 16:07:00,9.8700,9.8800,9.8510,9.8660,5600
2011-06-21 16:06:00,9.8650,9.8780,9.8460,9.8650,37800
2011-06-21 16:05:00,9.7700,9.8750,9.7510,9.8610,81648
2011-06-21 16:04:00,9.8640,9.8740,9.8450,9.8610,16800
2011-06-21 16:03:00,9.8620,9.8720,9.8010,9.8580,28000
2011-06-21 16:02:00,9.8630,9.8740,9.8420,9.8610,39200
2011-06-21 16:01:00,9.8610,9.8730,9.8420,9.8590,41328
2011-06-21 16:00:00,9.8640,9.8750,9.8410,9.8610,7139328
2011-06-21 15:59:00,9.8620,9.8740,9.8400,9.8590,3143532
2011-06-21 15:58:00,9.8580,9.8720,9.8380,9.8570,1879584
2011-06-21 15:57:00,9.8590,9.8710,9.8390,9.8540,1979124
2011-06-21 15:56:00,9.8620,9.8750,9.8390,9.8560,2384060
2011-06-21 15:55:00,9.8600,9.8740,9.8390,9.8590,1413636
2011-06-21 15:54:00,9.8620,9.8720,9.8380,9.8560,1708084
2011-06-21 15:53:00,9.8560,9.8720,9.8360,9.8580,1603896
2011-06-21 15:52:00,9.8560,9.8670,9.8330,9.8530,1725108
2011-06-21 15:51:00,9.8420,9.8660,9.8210,9.8510,2661540
2011-06-21 15:50:00,9.8400,9.8580,9.8210,9.8390,1332912
2011-06-21 15:49:00,9.8380,9.8520,9.8170,9.8370,1483468
2011-06-21 15:48:00,9.8330,9.8490,9.8130,9.8350,1828904
2011-06-21 15:47:00,9.8280,9.8430,9.8090,9.8300,912212
2011-06-21 15:46:00,9.8330,9.8440,9.8090,9.8240,1055684
2011-06-21 15:45:00,9.8290,9.8450,9.8100,9.8300,1274532
2011-06-21 15:44:00,9.8230,9.8410,9.8020,9.8240,1178184
2011-06-21 15:43:00,9.8340,9.8450,9.8030,9.8190,1257536
2011-06-21 15:42:00,9.8310,9.8460,9.8120,9.8300,954576
2011-06-21 15:41:00,9.8380,9.8500,9.8100,9.8290,891912
2011-06-21 15:40:00,9.8380,9.8490,9.8130,9.8330,1013740
2011-06-21 15:39:00,9.8440,9.8540,9.8190,9.8350,557060
2011-06-21 15:38:00,9.8360,9.8540,9.8170,9.8410,769664
2011-06-21 15:37:00,9.8380,9.8520,9.8160,9.8320,600404
2011-06-21 15:36:00,9.8400,9.8540,9.8170,9.8340,970676
2011-06-21 15:35:00,9.8350,9.8560,9.8160,9.8370,1417332
2011-06-21 15:34:00,9.8340,9.8470,9.8130,9.8310,1015728
2011-06-21 15:33:00,9.8350,9.8470,9.8130,9.8300,1343440
2011-06-21 15:32:00,9.8480,9.8580,9.8130,9.8330,1710688
2011-06-21 15:31:00,9.8560,9.8660,9.8270,9.8450,1611008
2011-06-21 15:30:00,9.8540,9.8670,9.8320,9.8510,1225364
2011-06-21 15:29:00,9.8550,9.8670,9.8340,9.8500,590016
2011-06-21 15:28:00,9.8550,9.8690,9.8350,9.8520,923608
2011-06-21 15:27:00,9.8550,9.8680,9.8330,9.8520,1189580
2011-06-21 15:26:00,9.8650,9.8750,9.8350,9.8510,1817592
2011-06-21 15:25:00,9.8650,9.8780,9.8460,9.8610,531692
2011-06-21 15:24:00,9.8620,9.8780,9.8420,9.8630,1475292
2011-06-21 15:23:00,9.8610,9.8740,9.8420,9.8580,545776
2011-06-21 15:22:00,9.8640,9.8760,9.8410,9.8570,591612
2011-06-21 15:21:00,9.8630,9.8760,9.8430,9.8600,851536
2011-06-21 15:20:00,9.8610,9.8740,9.8400,9.8590,798560
2011-06-21 15:19:00,9.8640,9.8750,9.8410,9.8580,1153628
2011-06-21 15:18:00,9.8660,9.8760,9.8440,9.8600,426720
2011-06-21 15:17:00,9.8640,9.8780,9.8450,9.8630,575988
2011-06-21 15:16:00,9.8620,9.8750,9.8410,9.8600,635936
2011-06-21 15:15:00,9.8670,9.8780,9.8410,9.8580,951356
2011-06-21 15:14:00,9.8670,9.8790,9.8470,9.8640,370160
2011-06-21 15:13:00,9.8700,9.8810,9.8480,9.8630,525532
2011-06-21 15:12:00,9.8720,9.8820,9.8500,9.8670,356720
2011-06-21 15:11:00,9.8700,9.8840,9.8510,9.8680,336168
2011-06-21 15:10:00,9.8710,9.8810,9.8480,9.8660,521472
2011-06-21 15:09:00,9.8700,9.8850,9.8510,9.8670,646464
2011-06-21 15:08:00,9.8710,9.8830,9.8500,9.8660,557228
2011-06-21 15:07:00,9.8690,9.8830,9.8500,9.8680,569352
2011-06-21 15:06:00,9.8660,9.8810,9.8470,9.8660,875980
2011-06-21 15:05:00,9.8650,9.8760,9.8430,9.8610,234248
2011-06-21 15:04:00,9.8630,9.8770,9.8410,9.8630,766080
2011-06-21 15:03:00,9.8650,9.8750,9.8400,9.8570,492240
2011-06-21 15:02:00,9.8640,9.8770,9.8420,9.8620,638876
2011-06-21 15:01:00,9.8640,9.8760,9.8450,9.8610,390208
2011-06-21 15:00:00,9.8680,9.8790,9.8440,9.8590,871696
2011-06-21 14:59:00,9.8660,9.8790,9.8460,9.8630,514976
2011-06-21 14:58:00,9.8690,9.8790,9.8460,9.8620,587832
2011-06-21 14:57:00,9.8680,9.8790,9.8480,9.8640,347424
2011-06-21 14:56:00,9.8670,9.8790,9.8460,9.8650,645120
2011-06-21 14:55:00,9.8640,9.8780,9.8450,9.8630,494760
2011-06-21 14:54:00,9.8630,9.8780,9.8440,9.8600,912072
2011-06-21 14:53:00,9.8660,9.8760,9.8440,9.8610,543004
2011-06-21 14:52:00,9.8700,9.8810,9.8450,9.8630,571060
2011-06-21 14:51:00,9.8750,9.8860,9.8510,9.8660,439600
2011-06-21 14:50:00,9.8770,9.8880,9.8530,9.8710,816284
2011-06-21 14:49:00,9.8740,9.8890,9.8520,9.8740,1193276
2011-06-21 14:48:00,9.8730,9.8860,9.8520,9.8710,728252
2011-06-21 14:47:00,9.8670,9.8830,9.8470,9.8690,790720
2011-06-21 14:46:00,9.8650,9.8780,9.8420,9.8640,706412
2011-06-21 14:45:00,9.8670,9.8800,9.8430,9.8610,749532
2011-06-21 14:44:00,9.8680,9.8790,9.8460,9.8630,430836
2011-06-21 14:43:00,9.8700,9.8800,9.8460,9.8640,1087380
2011-06-21 14:42:00,9.8710,9.8810,9.8490,9.8650,543060
2011-06-21 14:41:00,9.8670,9.8810,9.8480,9.8670,468468
2011-06-21 14:40:00,9.8670,9.8810,9.8480,9.8640,1466108
2011-06-21 14:39:00,9.8670,9.8780,9.8450,9.8630,806652
2011-06-21 14:38:00,9.8630,9.8770,9.8420,9.8640,1361668
2011-06-21 14:37:00,9.8570,9.8760,9.8380,9.8610,2720144
2011-06-21 14:36:00,9.8500,9.8670,9.8290,9.8540,988176
2011-06-21 14:35:00,9.8520,9.8620,9.8270,9.8450,351484
2011-06-21 14:34:00,9.8530,9.8640,9.8300,9.8480,446600
2011-06-21 14:33:00,9.8520,9.8640,9.8310,9.8500,649012
2011-06-21 14:32:00,9.8470,9.8610,9.8260,9.8470,445200
2011-06-21 14:31:00,9.8450,9.8580,9.8240,9.8450,384216
2011-06-21 14:30:00,9.8470,9.8610,9.8260,9.8420,406280
2011-06-21 14:29:00,9.8470,9.8580,9.8260,9.8410,351764
2011-06-21 14:28:00,9.8510,9.8610,9.8260,9.8430,467040
2011-06-21 14:27:00,9.8520,9.8630,9.8310,9.8480,405776
2011-06-21 14:26:00,9.8480,9.8620,9.8290,9.8480,363776
2011-06-21 14:25:00,9.8490,9.8620,9.8260,9.8450,548828
2011-06-21 14:24:00,9.8480,9.8600,9.8250,9.8450,403200
2011-06-21 14:23:00,9.8420,9.8630,9.8230,9.8440,627788
2011-06-21 14:22:00,9.8530,9.8630,9.8220,9.8380,907116
2011-06-21 14:21:00,9.8510,9.8660,9.8300,9.8500,1258964
2011-06-21 14:20:00,9.8510,9.8670,9.8320,9.8480,2858212
2011-06-21 14:19:00,9.8470,9.8620,9.8270,9.8460,1048068
2011-06-21 14:18:00,9.8420,9.8580,9.8220,9.8440,843136
2011-06-21 14:17:00,9.8390,9.8510,9.8200,9.8370,296212
2011-06-21 14:16:00,9.8440,9.8550,9.8190,9.8360,661640
2011-06-21 14:15:00,9.8480,9.8580,9.8230,9.8410,486192
2011-06-21 14:14:00,9.8470,9.8600,9.8270,9.8450,769328
2011-06-21 14:13:00,9.8480,9.8580,9.8260,9.8450,323568
2011-06-21 14:12:00,9.8490,9.8600,9.8280,9.8450,267316
2011-06-21 14:11:00,9.8490,9.8600,9.8250,9.8450,457912
2011-06-21 14:10:00,9.8450,9.8600,9.8260,9.8470,670040
2011-06-21 14:09:00,9.8430,9.8560,9.8240,9.8410,486304
2011-06-21 14:08:00,9.8460,9.8560,9.8220,9.8390,451416
2011-06-21 14:07:00,9.8470,9.8580,9.8250,9.8430,339024
2011-06-21 14:06:00,9.8480,9.8610,9.8270,9.8430,949648
2011-06-21 14:05:00,9.8430,9.8580,9.8240,9.8440,463568
2011-06-21 14:04:00,9.8450,9.8560,9.8240,9.8400,215208
2011-06-21 14:03:00,9.8470,9.8580,9.8230,9.8400,403060
2011-06-21 14:02:00,9.8410,9.8570,9.8220,9.8430,304108
2011-06-21 14:01:00,9.8420,9.8550,9.8210,9.8370,747936
2011-06-21 14:00:00,9.8380,9.8550,9.8160,9.8400,1364048
2011-06-21 13:59:00,9.8330,9.8480,9.8120,9.8340,384300
2011-06-21 13:58:00,9.8320,9.8450,9.8130,9.8310,506576
2011-06-21 13:57:00,9.8300,9.8440,9.8080,9.8290,392000
2011-06-21 13:56:00,9.8260,9.8410,9.8070,9.8270,613984
2011-06-21 13:55:00,9.8320,9.8420,9.8070,9.8240,654724
2011-06-21 13:54:00,9.8370,9.8480,9.8110,9.8280,1090376
2011-06-21 13:53:00,9.8360,9.8470,9.8160,9.8330,413280
2011-06-21 13:52:00,9.8400,9.8500,9.8150,9.8320,819420
2011-06-21 13:51:00,9.8420,9.8540,9.8170,9.8380,745360
2011-06-21 13:50:00,9.8430,9.8610,9.8230,9.8390,483812
2011-06-21 13:49:00,9.8450,9.8570,9.8230,9.8390,422352
2011-06-21 13:48:00,9.8490,9.8600,9.8260,9.8430,431984
2011-06-21 13:47:00,9.8460,9.8600,9.8260,9.8440,543088
2011-06-21 13:46:00,9.8410,9.8560,9.8190,9.8420,440636
2011-06-21 13:45:00,9.8450,9.8570,9.8200,9.8360,655480
2011-06-21 13:44:00,9.8480,9.8600,9.8250,9.8410,742560
2011-06-21 13:43:00,9.8430,9.8580,9.8240,9.8430,1122856
2011-06-21 13:42:00,9.8370,9.8550,9.8180,9.8400,1090880
2011-06-21 13:41:00,9.8340,9.8490,9.8140,9.8340,711172
2011-06-21 13:40:00,9.8350,9.8480,9.8060,9.8290,1675212
2011-06-21 13:39:00,9.8450,9.8550,9.8160,9.8310,485688
2011-06-21 13:38:00,9.8430,9.8560,9.8190,9.8410,1187704
2011-06-21 13:37:00,9.8420,9.8560,9.8230,9.8400,305284
2011-06-21 13:36:00,9.8450,9.8570,9.8230,9.8390,617512
2011-06-21 13:35:00,9.8420,9.8570,9.8230,9.8420,572320
2011-06-21 13:34:00,9.8520,9.8640,9.8230,9.8400,1255324
2011-06-21 13:33:00,9.8500,9.8630,9.8300,9.8480,625212
2011-06-21 13:32:00,9.8480,9.8610,9.8290,9.8460,619052
2011-06-21 13:31:00,9.8400,9.8590,9.8210,9.8440,455980
2011-06-21 13:30:00,9.8430,9.8540,9.8180,9.8370,989464
2011-06-21 13:29:00,9.8440,9.8550,9.8230,9.8400,329000
2011-06-21 13:28:00,9.8440,9.8550,9.8230,9.8410,376040
2011-06-21 13:27:00,9.8450,9.8570,9.8230,9.8390,347732
2011-06-21 13:26:00,9.8440,9.8590,9.8250,9.8410,767732
2011-06-21 13:25:00,9.8450,9.8580,9.8220,9.8400,724500
2011-06-21 13:24:00,9.8500,9.8610,9.8230,9.8420,767480
2011-06-21 13:23:00,9.8460,9.8630,9.8260,9.8480,1199576
2011-06-21 13:22:00,9.8470,9.8580,9.8250,9.8420,818216
2011-06-21 13:21:00,9.8470,9.8610,9.8260,9.8420,1111432
2011-06-21 13:20:00,9.8320,9.8570,9.8130,9.8430,1815660
2011-06-21 13:19:00,9.8320,9.8420,9.8110,9.8270,378336
2011-06-21 13:18:00,9.8290,9.8420,9.8050,9.8280,424368
2011-06-21 13:17:00,9.8280,9.8410,9.8080,9.8250,349384
2011-06-21 13:16:00,9.8320,9.8420,9.8090,9.8240,169176
2011-06-21 13:15:00,9.8340,9.8460,9.8130,9.8290,478464
2011-06-21 13:14:00,9.8320,9.8440,9.8120,9.8290,466060
2011-06-21 13:13:00,9.8270,9.8420,9.8050,9.8270,660660
2011-06-21 13:12:00,9.8190,9.8380,9.7970,9.8220,961604
2011-06-21 13:11:00,9.8250,9.8360,9.8000,9.8160,711340
2011-06-21 13:10:00,9.8250,9.8380,9.8050,9.8220,427644
2011-06-21 13:09:00,9.8280,9.8390,9.8060,9.8230,698292
2011-06-21 13:08:00,9.8330,9.8440,9.8090,9.8240,602084
2011-06-21 13:07:00,9.8330,9.8430,9.8090,9.8280,505988
2011-06-21 13:06:00,9.8320,9.8440,9.8100,9.8290,575400
2011-06-21 13:05:00,9.8350,9.8460,9.8120,9.8290,894292
2011-06-21 13:04:00,9.8330,9.8460,9.8130,9.8320,482524
2011-06-21 13:03:00,9.8290,9.8440,9.8100,9.8290,1452780
2011-06-21 13:02:00,9.8290,9.8400,9.8070,9.8260,281204
2011-06-21 13:01:00,9.8260,9.8390,9.8050,9.8250,417900
2011-06-21 13:00:00,9.8240,9.8380,9.8050,9.8240,268828
2011-06-21 12:59:00,9.8300,9.8410,9.8050,9.8210,668808
2011-06-21 12:58:00,9.8220,9.8410,9.8030,9.8260,564032
2011-06-21 12:57:00,9.8210,9.8330,9.8010,9.8170,106400
2011-06-21 12:56:00,9.8180,9.8350,9.7960,9.8190,604912
2011-06-21 12:55:00,9.8260,9.8380,9.7990,9.8140,473340
2011-06-21 12:54:00,9.8280,9.8400,9.8060,9.8230,361116
2011-06-21 12:53:00,9.8230,9.8400,9.8020,9.8260,918484
2011-06-21 12:52:00,9.8220,9.8330,9.8000,9.8180,111244
2011-06-21 12:51:00,9.8210,9.8330,9.8000,9.8180,309736
2011-06-21 12:50:00,9.8210,9.8330,9.8000,9.8180,323372
2011-06-21 12:49:00,9.8210,9.8340,9.8000,9.8150,515844
2011-06-21 12:48:00,9.8190,9.8330,9.7970,9.8150,325808
2011-06-21 12:47:00,9.8120,9.8320,9.7930,9.8150,733544
2011-06-21 12:46:00,9.8100,9.8250,9.7900,9.8080,613704
2011-06-21 12:45:00,9.8140,9.8240,9.7890,9.8060,946540
2011-06-21 12:44:00,9.8160,9.8290,9.7950,9.8100,558236
2011-06-21 12:43:00,9.8180,9.8280,9.7940,9.8120,673484
2011-06-21 12:42:00,9.8240,9.8390,9.7950,9.8150,1634976
2011-06-21 12:41:00,9.8200,9.8340,9.7990,9.8210,521248
2011-06-21 12:40:00,9.8180,9.8330,9.7970,9.8160,361004
2011-06-21 12:39:00,9.8120,9.8290,9.7900,9.8150,465052
2011-06-21 12:38:00,9.8160,9.8290,9.7930,9.8080,1319220
2011-06-21 12:37:00,9.8080,9.8260,9.7870,9.8120,435988
2011-06-21 12:36:00,9.8050,9.8180,9.7820,9.8040,693868
2011-06-21 12:35:00,9.8110,9.8220,9.7850,9.8020,510720
2011-06-21 12:34:00,9.8140,9.8240,9.7900,9.8070,345800
2011-06-21 12:33:00,9.8110,9.8240,9.7910,9.8110,431144
2011-06-21 12:32:00,9.8080,9.8240,9.7870,9.8100,377804
2011-06-21 12:31:00,9.8110,9.8220,9.7890,9.8050,311920
2011-06-21 12:30:00,9.8100,9.8240,9.7890,9.8060,675444
2011-06-21 12:29:00,9.8020,9.8200,9.7820,9.8060,859180
2011-06-21 12:28:00,9.8040,9.8170,9.7830,9.7990,651700
2011-06-21 12:27:00,9.8090,9.8220,9.7850,9.8010,397880
2011-06-21 12:26:00,9.8120,9.8220,9.7870,9.8050,672840
2011-06-21 12:25:00,9.8160,9.8270,9.7870,9.8070,1009484
2011-06-21 12:24:00,9.8240,9.8370,9.7960,9.8130,600992
2011-06-21 12:23:00,9.8240,9.8380,9.8040,9.8210,919520
2011-06-21 12:22:00,9.8240,9.8370,9.8010,9.8220,1292200
2011-06-21 12:21:00,9.8140,9.8340,9.7910,9.8200,1159928
2011-06-21 12:20:00,9.8120,9.8250,9.7910,9.8110,600320
2011-06-21 12:19:00,9.8090,9.8270,9.7890,9.8070,1063524
2011-06-21 12:18:00,9.8080,9.8190,9.7820,9.8030,1038268
2011-06-21 12:17:00,9.8110,9.8230,9.7890,9.8040,664524
2011-06-21 12:16:00,9.8070,9.8240,9.7880,9.8080,675612
2011-06-21 12:15:00,9.8010,9.8180,9.7810,9.8040,510720
2011-06-21 12:14:00,9.8050,9.8150,9.7770,9.7980,1371608
2011-06-21 12:13:00,9.8050,9.8160,9.7830,9.8010,675668
2011-06-21 12:12:00,9.8110,9.8200,9.7870,9.8020,846832
2011-06-21 12:11:00,9.8120,9.8220,9.7870,9.8070,983444
2011-06-21 12:10:00,9.8180,9.8290,9.7930,9.8080,314692
2011-06-21 12:09:00,9.8180,9.8320,9.7940,9.8160,832188
2011-06-21 12:08:00,9.8220,9.8320,9.7960,9.8150,675276
2011-06-21 12:07:00,9.8090,9.8330,9.7900,9.8180,1488760
2011-06-21 12:06:00,9.8150,9.8250,9.7900,9.8050,1023176
2011-06-21 12:05:00,9.8150,9.8290,9.7930,9.8120,955892
2011-06-21 12:04:00,9.8210,9.8320,9.7940,9.8110,579264
2011-06-21 12:03:00,9.8220,9.8330,9.8000,9.8170,260204
2011-06-21 12:02:00,9.8180,9.8340,9.7970,9.8180,755076
2011-06-21 12:01:00,9.8140,9.8300,9.7900,9.8150,1288588
2011-06-21 12:00:00,9.8200,9.8330,9.7940,9.8110,1256052
2011-06-21 11:59:00,9.8210,9.8350,9.7990,9.8160,1206464
2011-06-21 11:58:00,9.8290,9.8410,9.8020,9.8200,808864
2011-06-21 11:57:00,9.8230,9.8440,9.8040,9.8260,1135512
2011-06-21 11:56:00,9.8220,9.8330,9.8000,9.8200,633780
2011-06-21 11:55:00,9.8260,9.8360,9.8000,9.8160,1159452
2011-06-21 11:54:00,9.8210,9.8350,9.8010,9.8220,975296
2011-06-21 11:53:00,9.8250,9.8380,9.8020,9.8170,958860
2011-06-21 11:52:00,9.8280,9.8400,9.8050,9.8210,1074024
2011-06-21 11:51:00,9.8330,9.8440,9.8070,9.8250,1359792
2011-06-21 11:50:00,9.8410,9.8520,9.8130,9.8290,1192632
2011-06-21 11:49:00,9.8350,9.8510,9.8160,9.8380,1657684
2011-06-21 11:48:00,9.8320,9.8460,9.8130,9.8310,492464
2011-06-21 11:47:00,9.8340,9.8450,9.8070,9.8280,737156
2011-06-21 11:46:00,9.8290,9.8440,9.8100,9.8300,727804
2011-06-21 11:45:00,9.8310,9.8450,9.8100,9.8250,676676
2011-06-21 11:44:00,9.8350,9.8460,9.8120,9.8300,713664
2011-06-21 11:43:00,9.8370,9.8490,9.8140,9.8300,953064
2011-06-21 11:42:00,9.8330,9.8490,9.8120,9.8330,581140
2011-06-21 11:41:00,9.8360,9.8460,9.8110,9.8290,665000
2011-06-21 11:40:00,9.8380,9.8490,9.8100,9.8310,1660008
2011-06-21 11:39:00,9.8390,9.8500,9.8150,9.8340,1265712
2011-06-21 11:38:00,9.8390,9.8530,9.8160,9.8360,1497216
2011-06-21 11:37:00,9.8340,9.8520,9.8150,9.8340,2355752
2011-06-21 11:36:00,9.8250,9.8470,9.8050,9.8310,2493568
2011-06-21 11:35:00,9.8220,9.8370,9.7980,9.8240,1827700
2011-06-21 11:34:00,9.8180,9.8330,9.7970,9.8180,1016876
2011-06-21 11:33:00,9.8150,9.8300,9.7930,9.8150,750484
2011-06-21 11:32:00,9.8160,9.8300,9.7940,9.8130,1196692
2011-06-21 11:31:00,9.8090,9.8270,9.7890,9.8130,562408
2011-06-21 11:30:00,9.8070,9.8240,9.7870,9.8030,891632
2011-06-21 11:29:00,9.8150,9.8240,9.7880,9.8040,491428
2011-06-21 11:28:00,9.8140,9.8260,9.7900,9.8110,644532
2011-06-21 11:27:00,9.8050,9.8240,9.7800,9.8090,1244068
2011-06-21 11:26:00,9.8060,9.8200,9.7830,9.8010,997304
2011-06-21 11:25:00,9.8170,9.8280,9.7860,9.8010,1689548
2011-06-21 11:24:00,9.8140,9.8330,9.7930,9.8140,1288700
2011-06-21 11:23:00,9.8080,9.8340,9.7890,9.8090,2831836
2011-06-21 11:22:00,9.8040,9.8180,9.7840,9.8040,873824
2011-06-21 11:21:00,9.8040,9.8180,9.7830,9.8010,769496
2011-06-21 11:20:00,9.8040,9.8180,9.7820,9.8000,840252
2011-06-21 11:19:00,9.8020,9.8140,9.7800,9.8010,1032892
2011-06-21 11:18:00,9.8060,9.8180,9.7830,9.7980,1526420
2011-06-21 11:17:00,9.8050,9.8210,9.7860,9.8030,1802864
2011-06-21 11:16:00,9.8010,9.8170,9.7800,9.8010,936208
2011-06-21 11:15:00,9.7960,9.8130,9.7720,9.7980,1550584
2011-06-21 11:14:00,9.7900,9.8100,9.7690,9.7940,1203944
2011-06-21 11:13:00,9.7950,9.8080,9.7690,9.7860,1317064
2011-06-21 11:12:00,9.7960,9.8080,9.7720,9.7920,1011584
2011-06-21 11:11:00,9.8030,9.8150,9.7760,9.7940,1388240
2011-06-21 11:10:00,9.8040,9.8160,9.7820,9.7990,842436
2011-06-21 11:09:00,9.7950,9.8140,9.7750,9.7980,1400420
2011-06-21 11:08:00,9.8070,9.8190,9.7740,9.7910,1793204
2011-06-21 11:07:00,9.8090,9.8200,9.7860,9.8040,883708
2011-06-21 11:06:00,9.8100,9.8230,9.7870,9.8050,1031436
2011-06-21 11:05:00,9.8030,9.8220,9.7830,9.8070,1564332
2011-06-21 11:04:00,9.8030,9.8150,9.7800,9.7990,868868
2011-06-21 11:03:00,9.8020,9.8180,9.7820,9.8020,1492708
2011-06-21 11:02:00,9.7960,9.8120,9.7740,9.7980,1726200
2011-06-21 11:01:00,9.7920,9.8080,9.7720,9.7940,1234520
2011-06-21 11:00:00,9.7970,9.8080,9.7680,9.7890,2682792
2011-06-21 10:59:00,9.8010,9.8170,9.7770,9.7940,1576148
2011-06-21 10:58:00,9.8040,9.8160,9.7810,9.7970,1722588
2011-06-21 10:57:00,9.8100,9.8230,9.7810,9.8000,1788696
2011-06-21 10:56:00,9.8110,9.8260,9.7850,9.8060,1854076
2011-06-21 10:55:00,9.8050,9.8240,9.7860,9.8060,2401420
2011-06-21 10:54:00,9.7990,9.8170,9.7770,9.8030,2142336
2011-06-21 10:53:00,9.8110,9.8270,9.7800,9.7960,2984128
2011-06-21 10:52:00,9.7950,9.8270,9.7740,9.8100,3407880
2011-06-21 10:51:00,9.7940,9.8100,9.7730,9.7910,2579892
2011-06-21 10:50:00,9.7840,9.8090,9.7620,9.7910,2637460
2011-06-21 10:49:00,9.7780,9.7940,9.7540,9.7790,3260292
2011-06-21 10:48:00,9.7820,9.7930,9.7570,9.7740,1441608
2011-06-21 10:47:00,9.7740,9.8040,9.7510,9.7780,4197956
2011-06-21 10:46:00,9.7750,9.7890,9.7520,9.7720,3936520
2011-06-21 10:45:00,9.7670,9.7870,9.7470,9.7720,2470412
2011-06-21 10:44:00,9.7610,9.7780,9.7370,9.7620,4440464
2011-06-21 10:43:00,9.7610,9.7730,9.7380,9.7570,1259048
2011-06-21 10:42:00,9.7580,9.7730,9.7370,9.7570,1809612
2011-06-21 10:41:00,9.7540,9.7700,9.7310,9.7540,1618596
2011-06-21 10:40:00,9.7440,9.7640,9.7250,9.7510,1430408
2011-06-21 10:39:00,9.7370,9.7540,9.7160,9.7390,1684340
2011-06-21 10:38:00,9.7460,9.7580,9.7180,9.7330,1493296
2011-06-21 10:37:00,9.7410,9.7620,9.7230,9.7430,1669192
2011-06-21 10:36:00,9.7460,9.7600,9.7190,9.7380,1705256
2011-06-21 10:35:00,9.7250,9.7580,9.7060,9.7420,2418976
2011-06-21 10:34:00,9.7270,9.7370,9.6990,9.7210,1234660
2011-06-21 10:33:00,9.7300,9.7420,9.7000,9.7240,1577940
2011-06-21 10:32:00,9.7310,9.7450,9.7070,9.7250,810348
2011-06-21 10:31:00,9.7250,9.7470,9.7040,9.7270,2511012
2011-06-21 10:30:00,9.7210,9.7340,9.7010,9.7200,661668
2011-06-21 10:29:00,9.7220,9.7350,9.6970,9.7170,638820
2011-06-21 10:28:00,9.7230,9.7330,9.6990,9.7170,711200
2011-06-21 10:27:00,9.7270,9.7390,9.7000,9.7180,971740
2011-06-21 10:26:00,9.7200,9.7430,9.7010,9.7230,1713292
2011-06-21 10:25:00,9.7220,9.7340,9.6970,9.7170,1131144
2011-06-21 10:24:00,9.7180,9.7390,9.6990,9.7210,895048
2011-06-21 10:23:00,9.7240,9.7390,9.6990,9.7140,1317736
2011-06-21 10:22:00,9.7260,9.7420,9.7040,9.7210,1327900
2011-06-21 10:21:00,9.7270,9.7420,9.7020,9.7220,1224524
2011-06-21 10:20:00,9.7300,9.7470,9.7050,9.7210,1532944
2011-06-21 10:19:00,9.7230,9.7430,9.7010,9.7290,1203888
2011-06-21 10:18:00,9.7260,9.7360,9.6950,9.7190,1898848
2011-06-21 10:17:00,9.7210,9.7490,9.7010,9.7220,2040584
2011-06-21 10:16:00,9.7260,9.7390,9.7010,9.7180,1502816
2011-06-21 10:15:00,9.7230,9.7390,9.7010,9.7230,1209180
2011-06-21 10:14:00,9.7270,9.7430,9.7020,9.7190,1749524
2011-06-21 10:13:00,9.7290,9.7410,9.7070,9.7230,798476
2011-06-21 10:12:00,9.7310,9.7420,9.7020,9.7250,2125592
2011-06-21 10:11:00,9.7330,9.7480,9.7070,9.7270,2114672
2011-06-21 10:10:00,9.7280,9.7500,9.7080,9.7290,4201232
2011-06-21 10:09:00,9.7210,9.7380,9.7000,9.7250,2517088
2011-06-21 10:08:00,9.7140,9.7320,9.6930,9.7170,1370152
2011-06-21 10:07:00,9.7090,9.7340,9.6880,9.7100,3139080
2011-06-21 10:06:00,9.7010,9.7190,9.6780,9.7060,2712276
2011-06-21 10:05:00,9.7010,9.7150,9.6780,9.6940,2441264
2011-06-21 10:04:00,9.7000,9.7180,9.6760,9.6980,3792292
2011-06-21 10:03:00,9.7010,9.7130,9.6750,9.6960,2521624
2011-06-21 10:02:00,9.6870,9.7120,9.6660,9.6970,2813440
2011-06-21 10:01:00,9.6850,9.7050,9.6660,9.6830,3757936
2011-06-21 10:00:00,9.6660,9.6960,9.6430,9.6810,2008468
2011-06-21 09:59:00,9.6680,9.6850,9.6450,9.6630,1631056
2011-06-21 09:58:00,9.6710,9.6840,9.6440,9.6640,1855588
2011-06-21 09:57:00,9.6760,9.6910,9.6480,9.6660,1233736
2011-06-21 09:56:00,9.6790,9.6900,9.6500,9.6720,2028516
2011-06-21 09:55:00,9.6710,9.6930,9.6510,9.6750,3237556
2011-06-21 09:54:00,9.6560,9.6870,9.6280,9.6690,2750188
2011-06-21 09:53:00,9.6610,9.6810,9.6360,9.6530,3419724
2011-06-21 09:52:00,9.6270,9.6820,9.6060,9.6600,5812436
2011-06-21 09:51:00,9.6150,9.6450,9.5930,9.6240,3149944
2011-06-21 09:50:00,9.5990,9.6260,9.5780,9.6130,1492372
2011-06-21 09:49:00,9.6010,9.6190,9.5800,9.5970,1277388
2011-06-21 09:48:00,9.6070,9.6170,9.5750,9.5980,1963080
2011-06-21 09:47:00,9.6110,9.6220,9.5820,9.6010,2544444
2011-06-21 09:46:00,9.6140,9.6320,9.5890,9.6070,1708056
2011-06-21 09:45:00,9.6090,9.6330,9.5880,9.6150,2508576
2011-06-21 09:44:00,9.5940,9.6360,9.5750,9.6020,4189192
2011-06-21 09:43:00,9.5750,9.6030,9.5560,9.5890,2054668
2011-06-21 09:42:00,9.5840,9.5940,9.5390,9.5720,4568200
2011-06-21 09:41:00,9.5840,9.6040,9.5620,9.5780,2158240
2011-06-21 09:40:00,9.5820,9.6160,9.5640,9.5820,2812992
2011-06-21 09:39:00,9.5880,9.5980,9.5600,9.5810,1634248
2011-06-21 09:38:00,9.5720,9.6030,9.5520,9.5850,1720236
2011-06-21 09:37:00,9.5950,9.6050,9.5530,9.5690,3013248
2011-06-21 09:36:00,9.5870,9.6140,9.5630,9.5900,2637852
2011-06-21 09:35:00,9.5730,9.6020,9.5490,9.5830,3378620
2011-06-21 09:34:00,9.6000,9.6200,9.5470,9.5670,3303664
2011-06-21 09:33:00,9.5950,9.6130,9.5600,9.5970,3751692
2011-06-21 09:32:00,9.5920,9.6080,9.5600,9.5910,3638320
2011-06-21 09:31:00,9.6230,9.6410,9.5620,9.5880,6525008
2011-06-21 09:30:00,9.6050,9.6570,9.5740,9.6210,10232460
2011-06-21 09:29:00,9.6030,9.6170,9.5830,9.6010,148596
2011-06-21 09:28:00,9.5990,9.6100,9.5800,9.5970,53200
2011-06-21 09:27:00,9.6010,9.6100,9.5810,9.5960,5600
2011-06-21 09:26:00,9.6030,9.6160,9.5850,9.6020,42756
2011-06-21 09:25:00,9.6010,9.6150,9.5810,9.6020,18900
2011-06-21 09:24:00,9.6010,9.6110,9.5820,9.5980,8512
2011-06-21 09:23:00,9.5980,9.6110,9.5760,9.5970,18340
2011-06-21 09:22:00,9.5990,9.6110,9.5730,9.5970,101080
2011-06-21 09:21:00,9.6000,9.6100,9.5800,9.5950,33600
2011-06-21 09:20:00,9.5980,9.6100,9.5800,9.5950,30940
2011-06-21 09:19:00,9.6030,9.6130,9.5840,9.5990,14000
2011-06-21 09:18:00,9.6130,9.6220,9.5860,9.6010,65660
2011-06-21 09:17:00,9.6120,9.6220,9.5930,9.6080,17836
2011-06-21 09:16:00,9.6130,9.6240,9.5930,9.6080,45360
2011-06-21 09:15:00,9.6150,9.6250,9.5960,9.6110,3640
2011-06-21 09:14:00,9.6130,9.6250,9.5950,9.6110,10640
2011-06-21 09:13:00,9.6140,9.6260,9.5940,9.6100,47600
2011-06-21 09:12:00,9.6160,9.6270,9.5970,9.6130,11200
2011-06-21 09:11:00,9.6100,9.6220,9.5910,9.6080,41160
2011-06-21 09:10:00,9.6140,9.6240,9.5930,9.6080,50540
2011-06-21 09:09:00,9.6170,9.6270,9.5960,9.6140,14000
2011-06-21 09:08:00,9.6120,9.6220,9.5940,9.6090,5600
2011-06-21 09:07:00,9.6150,9.6270,9.5930,9.6120,94976
2011-06-21 09:06:00,9.6170,9.6270,9.5980,9.6140,18900
2011-06-21 09:05:00,9.6220,9.6320,9.6010,9.6160,11760
2011-06-21 09:04:00,9.6260,9.6350,9.6060,9.6210,40880
2011-06-21 09:03:00,9.6260,9.6360,9.6070,9.6220,9296
2011-06-21 09:02:00,9.6230,9.6350,9.6040,9.6220,25200
2011-06-21 09:01:00,9.6230,9.6320,9.6020,9.6180,19600
2011-06-21 09:00:00,9.6260,9.6350,9.6040,9.6190,18536
2011-06-21 08:59:00,9.6230,9.6350,9.6040,9.6220,67200
2011-06-21 08:58:00,9.6180,9.6310,9.5990,9.6180,70112
2011-06-21 08:57:00,9.6170,9.6280,9.5990,9.6140,32004
2011-06-21 08:56:00,9.6170,9.6260,9.5980,9.6130,2800
2011-06-21 08:55:00,9.6150,9.6250,9.5960,9.6110,2800
2011-06-21 08:54:00,9.6150,9.6250,9.5960,9.6110,6944
2011-06-21 08:53:00,9.6150,9.6270,9.5940,9.6090,39060
2011-06-21 08:52:00,9.6150,9.6250,9.5960,9.6110,6972
2011-06-21 08:50:00,9.6130,9.6230,9.5940,9.6090,23800
2011-06-21 08:49:00,9.6120,9.6220,9.5910,9.6080,30800
2011-06-21 08:48:00,9.6140,9.6250,9.5920,9.6080,89628
2011-06-21 08:47:00,9.6110,9.6220,9.5930,9.6080,36624
2011-06-21 08:46:00,9.6090,9.6200,9.5890,9.6040,32844
2011-06-21 08:45:00,9.6060,9.6180,9.5870,9.6050,11200
2011-06-21 08:44:00,9.6090,9.6190,9.5900,9.6050,14000
2011-06-21 08:43:00,9.6040,9.6140,9.5860,9.6010,2800
2011-06-21 08:42:00,9.6100,9.6200,9.5910,9.6070,11200
2011-06-21 08:41:00,9.6150,9.6250,9.5840,9.5990,318556
2011-06-21 08:40:00,9.6240,9.6340,9.5950,9.6110,104860
2011-06-21 08:39:00,9.6210,9.6360,9.6030,9.6210,11340
2011-06-21 08:38:00,9.6300,9.6400,9.6090,9.6240,29400
2011-06-21 08:37:00,9.6300,9.6400,9.6100,9.6250,8400
2011-06-21 08:36:00,9.6310,9.6410,9.6120,9.6270,8400
2011-06-21 08:35:00,9.6270,9.6410,9.6070,9.6240,38360
2011-06-21 08:34:00,9.6260,9.6370,9.6070,9.6240,7728
2011-06-21 08:33:00,9.6240,9.6340,9.6050,9.6200,5600
2011-06-21 08:31:00,9.6220,9.6320,9.6030,9.6180,2800
2011-06-21 08:30:00,9.6290,9.6380,9.6090,9.6240,32984
2011-06-21 08:29:00,9.6320,9.6430,9.6100,9.6280,25256
2011-06-21 08:28:00,9.6350,9.6440,9.6100,9.6250,33600
2011-06-21 08:26:00,9.6270,9.6370,9.6080,9.6240,25200
2011-06-21 08:25:00,9.6270,9.6370,9.6080,9.6230,2800
2011-06-21 08:24:00,9.6330,9.6430,9.6080,9.6230,34720
2011-06-21 08:22:00,9.6350,9.6450,9.5430,9.5570,60424
2011-06-21 08:21:00,9.6300,9.6430,9.6110,9.6300,41720
2011-06-21 08:20:00,9.6300,9.6400,9.6120,9.6270,2800
2011-06-21 08:19:00,9.6340,9.6430,9.6120,9.6270,14000
2011-06-21 08:18:00,9.6300,9.6450,9.6120,9.6280,29064
2011-06-21 08:17:00,9.6350,9.6440,9.6160,9.6310,8400
2011-06-21 08:15:00,9.6330,9.6450,9.6140,9.6320,8400
2011-06-21 08:14:00,9.6320,9.6420,9.6140,9.6290,11200
2011-06-21 08:13:00,9.6330,9.6460,9.6090,9.6330,358400
2011-06-21 08:12:00,9.6270,9.6410,9.6090,9.6270,39200
2011-06-21 08:11:00,9.6290,9.6380,9.6100,9.6250,5320
2011-06-21 08:10:00,9.6270,9.6370,9.6090,9.6240,5600
2011-06-21 08:09:00,9.6300,9.6400,9.6040,9.6270,26376
2011-06-21 08:08:00,9.6270,9.6370,9.6090,9.6240,2800
2011-06-21 08:07:00,9.6290,9.6410,9.6090,9.6240,36820
2011-06-21 08:06:00,9.6230,9.6400,9.6040,9.6270,23912
2011-06-21 08:04:00,9.6230,9.6340,9.6040,9.6210,10836
2011-06-21 08:03:00,9.6180,9.6320,9.5990,9.6190,8680
2011-06-21 08:02:00,9.6130,9.6320,9.5930,9.6090,54096
2011-06-21 08:01:00,9.6210,9.6310,9.5930,9.6090,39200
2011-06-21 08:00:00,9.6330,9.6480,9.5960,9.6240,164024
2011-06-21 07:59:00,9.6360,9.6450,9.6170,9.6320,5600
2011-06-21 07:58:00,9.6350,9.6440,9.6160,9.6310,2800
2011-06-21 07:56:00,9.6360,9.6460,9.6170,9.6320,2800
2011-06-21 07:54:00,9.6360,9.6460,9.6170,9.6320,11200
2011-06-21 07:53:00,9.6310,9.6490,9.6120,9.6360,24500
2011-06-21 07:52:00,9.6320,9.6420,9.6110,9.6260,8400
2011-06-21 07:51:00,9.6300,9.6490,9.6120,9.6360,39396
2011-06-21 07:49:00,9.6270,9.6370,9.6090,9.6240,2800
2011-06-21 07:47:00,9.6420,9.6520,9.6090,9.6370,36400
2011-06-21 07:46:00,9.6500,9.6600,9.6220,9.6380,99372
2011-06-21 07:45:00,9.6500,9.6600,9.6310,9.6460,53200
2011-06-21 07:44:00,9.6500,9.6600,9.6300,9.6460,43484
2011-06-21 07:43:00,9.6450,9.6620,9.6260,9.6480,69720
2011-06-21 07:42:00,9.6420,9.6520,9.6240,9.6390,10724
2011-06-21 07:41:00,9.6470,9.6570,9.6270,9.6420,62720
2011-06-21 07:40:00,9.6350,9.6460,9.6160,9.6330,29204
2011-06-21 07:39:00,9.6310,9.6410,9.6120,9.6280,32032
2011-06-21 07:36:00,9.6260,9.6370,9.6040,9.6190,59920
2011-06-21 07:35:00,9.6260,9.6350,9.6070,9.6220,5600
2011-06-21 07:34:00,9.6260,9.6350,9.6070,9.6220,2800
2011-06-21 07:33:00,9.6240,9.6370,9.6060,9.6240,11200
2011-06-21 07:31:00,9.6210,9.6340,9.6030,9.6210,14000
2011-06-21 07:30:00,9.6240,9.6340,9.6060,9.6210,2800
2011-06-21 07:27:00,9.6160,9.6290,9.5980,9.6160,14000
2011-06-21 07:26:00,9.6150,9.6250,9.5970,9.6120,4200
2011-06-21 07:24:00,9.6120,9.6220,9.5930,9.6080,14000
2011-06-21 07:22:00,9.6010,9.6190,9.5820,9.6060,11200
2011-06-21 07:20:00,9.6120,9.6210,9.5820,9.5970,5600
2011-06-21 07:18:00,9.6060,9.6160,9.5870,9.6020,38556
2011-06-21 07:16:00,9.6060,9.6160,9.5870,9.6020,2800
2011-06-21 07:14:00,9.6000,9.6160,9.5820,9.6020,12964
2011-06-21 07:13:00,9.6060,9.6160,9.5860,9.6020,14000
2011-06-21 07:12:00,9.6060,9.6160,9.5870,9.6020,8400
2011-06-21 07:11:00,9.6060,9.6160,9.5870,9.6020,5600
2011-06-21 07:08:00,9.6120,9.6220,9.5930,9.6080,28000
2011-06-21 07:06:00,9.5880,9.6070,9.5700,9.5930,22624
2011-06-21 07:05:00,9.5880,9.5980,9.5700,9.5840,2800
2011-06-21 07:03:00,9.5900,9.6000,9.5720,9.5870,2800
2011-06-21 07:00:00,9.5810,9.5970,9.5630,9.5840,8400
2011-06-21 06:54:00,9.5770,9.5860,9.5580,9.5730,5600
2011-06-21 06:45:00,9.5650,9.5750,9.5470,9.5610,2800
2011-06-21 06:43:00,9.5640,9.5740,9.5460,9.5610,28000
2011-06-21 06:41:00,9.5780,9.5880,9.5600,9.5750,2800
2011-06-21 06:35:00,9.5720,9.5810,9.5530,9.5680,2800
2011-06-21 06:24:00,9.5730,9.5820,9.5540,9.5690,2800
2011-06-21 06:19:00,9.5660,9.5760,9.5480,9.5630,2800
2011-06-21 06:17:00,9.5640,9.5740,9.5400,9.5570,16800
2011-06-21 06:02:00,9.5590,9.5680,9.5400,9.5550,2800
2011-06-21 05:48:00,9.5760,9.5860,9.5570,9.5720,2800
2011-06-21 04:45:00,9.5830,9.5930,9.5650,9.5800,2800
2011-06-21 04:35:00,9.5860,9.5960,9.5670,9.5820,2800
2011-06-21 04:14:00,9.5860,9.5960,9.5670,9.5820,2800
2011-06-21 04:02:00,9.5660,9.5760,9.5480,9.5630,8400
2011-06-21 04:01:00,9.5660,9.5760,9.5480,9.5630,5600
2011-06-20 19:59:00,9.5810,9.5910,9.5540,9.5710,44380
2011-06-20 19:58:00,9.5740,9.5840,9.5560,9.5710,2940
2011-06-20 19:57:00,9.5690,9.5850,9.5500,9.5710,67200
2011-06-20 19:56:00,9.5690,9.5790,9.5500,9.5650,5600
2011-06-20 19:50:00,9.5660,9.5760,9.5480,9.5630,2800
2011-06-20 19:49:00,9.5690,9.5790,9.5500,9.5650,21952
2011-06-20 19:45:00,9.5660,9.5760,9.5480,9.5630,3360
2011-06-20 19:40:00,9.5660,9.5760,9.5480,9.5630,2800
2011-06-20 19:38:00,9.5660,9.5760,9.5470,9.5620,2800
2011-06-20 19:37:00,9.5660,9.5750,9.5470,9.5620,2996
2011-06-20 19:34:00,9.5630,9.5750,9.5450,9.5620,21364
2011-06-20 19:33:00,9.5630,9.5730,9.5450,9.5600,15400
2011-06-20 19:30:00,9.5630,9.5730,9.5450,9.5600,15400
2011-06-20 19:22:00,9.5600,9.5720,9.5390,9.5580,69188
2011-06-20 19:18:00,9.5580,9.5670,9.5390,9.5540,2800
2011-06-20 19:14:00,9.5560,9.5660,9.5340,9.5490,8624
2011-06-20 19:13:00,9.5600,9.5700,9.5420,9.5570,2800
2011-06-20 19:06:00,9.5520,9.5620,9.5340,9.5490,5516
2011-06-20 19:00:00,9.5590,9.5680,9.5400,9.5550,2800
2011-06-20 18:59:00,9.5520,9.5620,9.5340,9.5480,5600
2011-06-20 18:57:00,9.5520,9.5620,9.5340,9.5480,2800
2011-06-20 18:47:00,9.5520,9.5610,9.5330,9.5480,2800
2011-06-20 18:46:00,9.5520,9.5620,9.5330,9.5480,22400
2011-06-20 18:40:00,9.5520,9.5620,9.5340,9.5480,2800
2011-06-20 18:39:00,9.5570,9.5670,9.5390,9.5540,6552
2011-06-20 18:30:00,9.5520,9.5610,9.5330,9.5480,14000
2011-06-20 18:26:00,9.5560,9.5660,9.5370,9.5520,2800
2011-06-20 18:17:00,9.5520,9.5610,9.5330,9.5480,5600
2011-06-20 18:15:00,9.5570,9.5670,9.5390,9.5540,11200
2011-06-20 18:09:00,9.5610,9.5710,9.5430,9.5570,598920
2011-06-20 18:08:00,9.5550,9.5670,9.5370,9.5540,31304
2011-06-20 18:06:00,9.5560,9.5650,9.5370,9.5520,5600
2011-06-20 18:05:00,9.5570,9.5670,9.5390,9.5540,5600
2011-06-20 17:54:00,9.5530,9.5620,9.5340,9.5490,2800
2011-06-20 17:45:00,9.5500,9.5590,9.5310,9.5460,2800
2011-06-20 17:38:00,9.5510,9.5610,9.5330,9.5480,13440
2011-06-20 17:31:00,9.5510,9.5610,9.5330,9.5480,11200
2011-06-20 17:25:00,9.5570,9.5660,9.5380,9.5530,2800
2011-06-20 17:23:00,9.5520,9.5610,9.5330,9.5480,2800
2011-06-20 17:20:00,9.5540,9.5640,9.5350,9.5500,14000
2011-06-20 17:19:00,9.5540,9.5630,9.5350,9.5500,2800
2011-06-20 17:18:00,9.5510,9.5610,9.5330,9.5480,11200
2011-06-20 17:14:00,9.5480,9.5570,9.5290,9.5440,6720
2011-06-20 17:13:00,9.5470,9.5570,9.5290,9.5440,12600
2011-06-20 17:11:00,9.5510,9.5630,9.5280,9.5430,40600
2011-06-20 17:10:00,9.5480,9.5570,9.5290,9.5440,5600
2011-06-20 17:09:00,9.5520,9.5610,9.5330,9.5480,5600
2011-06-20 17:03:00,9.5560,9.5660,9.5330,9.5480,61096
2011-06-20 16:54:00,9.5570,9.5670,9.5390,9.5540,2800
2011-06-20 16:48:00,9.5570,9.5670,9.5390,9.5540,2800
2011-06-20 16:46:00,9.5570,9.5670,9.5390,9.5540,2800
2011-06-20 16:42:00,9.5450,9.6000,9.5270,9.5860,224000
2011-06-20 16:39:00,9.5600,9.5700,9.5420,9.5570,2800
2011-06-20 16:38:00,9.5580,9.5680,9.5390,9.5540,8400
2011-06-20 16:33:00,9.5580,9.5680,9.5350,9.5500,19600
2011-06-20 16:31:00,9.5560,9.5660,9.5380,9.5530,2800
2011-06-20 16:30:00,9.5590,9.5740,9.5400,9.5610,60760
2011-06-20 16:28:00,9.5590,9.5730,9.5400,9.5600,39396
2011-06-20 16:27:00,9.5610,9.5730,9.5400,9.5550,254324
2011-06-20 16:21:00,9.5580,9.5680,9.5400,9.5540,8400
2011-06-20 16:20:00,9.5510,9.5610,9.5330,9.5480,112000
2011-06-20 16:19:00,9.5590,9.5720,9.5400,9.5570,91840
2011-06-20 16:18:00,9.5590,9.5720,9.5400,9.5550,86576
2011-06-20 16:17:00,9.5620,9.5730,9.5430,9.5600,14000
2011-06-20 16:16:00,9.5610,9.5710,9.5420,9.5570,9464
2011-06-20 16:15:00,9.5670,9.5760,9.5460,9.5610,5600
2011-06-20 16:14:00,9.5640,9.5780,9.5460,9.5640,25200
2011-06-20 16:13:00,9.5590,9.5730,9.5400,9.5600,24920
2011-06-20 16:12:00,9.5630,9.5730,9.5440,9.5590,8400
2011-06-20 16:11:00,9.5390,9.5480,9.5200,9.5350,2800
2011-06-20 16:10:00,9.5960,9.6060,9.5200,9.5350,8400
2011-06-20 16:09:00,9.5620,9.5710,9.5430,9.5580,2800
2011-06-20 16:08:00,9.5590,9.5900,9.5400,9.5590,77840
2011-06-20 16:07:00,9.5580,9.5710,9.5390,9.5570,305200
2011-06-20 16:06:00,9.5530,9.5620,9.5340,9.5490,3080
2011-06-20 16:05:00,9.5630,9.5730,9.5330,9.5480,70000
2011-06-20 16:04:00,9.5650,9.5750,9.5450,9.5600,5600
2011-06-20 16:03:00,9.5630,9.5720,9.5430,9.5580,16800
2011-06-20 16:02:00,9.5650,9.5780,9.5200,9.5650,90944
2011-06-20 16:01:00,9.5610,9.5770,9.5420,9.5610,71400
2011-06-20 16:00:00,9.5610,9.5750,9.5380,9.5570,7850332
2011-06-20 15:59:00,9.5510,9.5710,9.5330,9.5570,2286172
2011-06-20 15:58:00,9.5590,9.5720,9.5310,9.5480,2562000
2011-06-20 15:57:00,9.5530,9.5690,9.5330,9.5560,2369612
2011-06-20 15:56:00,9.5300,9.5670,9.5110,9.5500,4169116
2011-06-20 15:55:00,9.5360,9.5450,9.5100,9.5270,1300040
2011-06-20 15:54:00,9.5280,9.5500,9.5090,9.5320,1426208
2011-06-20 15:53:00,9.5310,9.5440,9.5060,9.5260,1648836
2011-06-20 15:52:00,9.5330,9.5450,9.5100,9.5290,1891484
2011-06-20 15:51:00,9.5400,9.5520,9.5150,9.5300,1068424
2011-06-20 15:50:00,9.5370,9.5550,9.5160,9.5370,1367744
2011-06-20 15:49:00,9.5350,9.5510,9.5150,9.5330,1409912
2011-06-20 15:48:00,9.5440,9.5560,9.5160,9.5310,2140908
2011-06-20 15:47:00,9.5580,9.5700,9.5240,9.5400,1329860
2011-06-20 15:46:00,9.5580,9.5730,9.5380,9.5540,1204168
2011-06-20 15:45:00,9.5490,9.5690,9.5300,9.5550,1246868
2011-06-20 15:44:00,9.5550,9.5650,9.5290,9.5450,1061704
2011-06-20 15:43:00,9.5570,9.5720,9.5350,9.5520,753340
2011-06-20 15:42:00,9.5590,9.5700,9.5350,9.5520,1024632
2011-06-20 15:41:00,9.5560,9.5730,9.5340,9.5540,985628
2011-06-20 15:40:00,9.5570,9.5670,9.5330,9.5510,731584
2011-06-20 15:39:00,9.5520,9.5680,9.5310,9.5540,557816
2011-06-20 15:38:00,9.5550,9.5660,9.5300,9.5470,718116
2011-06-20 15:37:00,9.5550,9.5660,9.5300,9.5520,594888
2011-06-20 15:36:00,9.5550,9.5680,9.5300,9.5520,1158024
2011-06-20 15:35:00,9.5530,9.5690,9.5320,9.5530,1154440
2011-06-20 15:34:00,9.5560,9.5660,9.5300,9.5480,1110872
2011-06-20 15:33:00,9.5420,9.5660,9.5220,9.5520,2780848
2011-06-20 15:32:00,9.5370,9.5550,9.5190,9.5390,674492
2011-06-20 15:31:00,9.5490,9.5590,9.5190,9.5340,828660
2011-06-20 15:30:00,9.5420,9.5580,9.5180,9.5450,1078924
2011-06-20 15:29:00,9.5480,9.5580,9.5200,9.5370,1529920
2011-06-20 15:28:00,9.5510,9.5640,9.5260,9.5440,845432
2011-06-20 15:27:00,9.5550,9.5650,9.5260,9.5490,783076
2011-06-20 15:26:00,9.5530,9.5700,9.5270,9.5510,1638196
2011-06-20 15:25:00,9.5630,9.5760,9.5330,9.5500,748496
2011-06-20 15:24:00,9.5600,9.5770,9.5400,9.5610,686504
2011-06-20 15:23:00,9.5650,9.5780,9.5400,9.5560,741272
2011-06-20 15:22:00,9.5640,9.5790,9.5440,9.5620,1218252
2011-06-20 15:21:00,9.5580,9.5760,9.5370,9.5620,908040
2011-06-20 15:20:00,9.5590,9.5690,9.5290,9.5550,1939504
2011-06-20 15:19:00,9.5610,9.5750,9.5390,9.5560,551264
2011-06-20 15:18:00,9.5610,9.5720,9.5360,9.5560,717444
2011-06-20 15:17:00,9.5660,9.5790,9.5360,9.5590,1217160
2011-06-20 15:16:00,9.5740,9.5830,9.5450,9.5620,749756
2011-06-20 15:15:00,9.5700,9.5840,9.5480,9.5690,855736
2011-06-20 15:14:00,9.5740,9.5850,9.5450,9.5650,503356
2011-06-20 15:13:00,9.5710,9.5850,9.5470,9.5710,732592
2011-06-20 15:12:00,9.5640,9.5890,9.5430,9.5680,1930712
2011-06-20 15:11:00,9.5720,9.5850,9.5400,9.5610,1581972
2011-06-20 15:10:00,9.5810,9.5930,9.5470,9.5680,2203600
2011-06-20 15:09:00,9.5820,9.6010,9.5580,9.5750,2150568
2011-06-20 15:08:00,9.5940,9.6060,9.5630,9.5780,1598660
2011-06-20 15:07:00,9.6030,9.6130,9.5760,9.5910,1872276
2011-06-20 15:06:00,9.6110,9.6220,9.5840,9.5990,920808
2011-06-20 15:05:00,9.6110,9.6230,9.5880,9.6070,777308
2011-06-20 15:04:00,9.6100,9.6220,9.5900,9.6080,371560
2011-06-20 15:03:00,9.6160,9.6260,9.5880,9.6060,753200
2011-06-20 15:02:00,9.6090,9.6280,9.5870,9.6120,1178352
2011-06-20 15:01:00,9.6180,9.6290,9.5900,9.6050,1247064
2011-06-20 15:00:00,9.6260,9.6360,9.5950,9.6140,1592472
2011-06-20 14:59:00,9.6180,9.6430,9.5970,9.6230,1784888
2011-06-20 14:58:00,9.6270,9.6370,9.5960,9.6140,1679188
2011-06-20 14:57:00,9.6230,9.6410,9.6030,9.6230,2683520
2011-06-20 14:56:00,9.6150,9.6370,9.5940,9.6210,2836428
2011-06-20 14:55:00,9.6040,9.6260,9.5850,9.6080,2250220
2011-06-20 14:54:00,9.6020,9.6150,9.5790,9.6010,624204
2011-06-20 14:53:00,9.6090,9.6190,9.5820,9.5970,529480
2011-06-20 14:52:00,9.6000,9.6210,9.5770,9.6060,1546468
2011-06-20 14:51:00,9.6050,9.6230,9.5820,9.5970,3163776
2011-06-20 14:50:00,9.5890,9.6170,9.5700,9.6030,1898596
2011-06-20 14:49:00,9.5920,9.6030,9.5700,9.5870,880264
2011-06-20 14:48:00,9.5930,9.6060,9.5690,9.5880,1436652
2011-06-20 14:47:00,9.5930,9.6090,9.5710,9.5870,2262344
2011-06-20 14:46:00,9.5830,9.6060,9.5630,9.5910,2321760
2011-06-20 14:45:00,9.5590,9.5970,9.5400,9.5790,4333000
2011-06-20 14:44:00,9.5510,9.5700,9.5300,9.5560,1108016
2011-06-20 14:43:00,9.5460,9.5600,9.5270,9.5470,524468
2011-06-20 14:42:00,9.5410,9.5570,9.5200,9.5430,350728
2011-06-20 14:41:00,9.5450,9.5550,9.5190,9.5360,411264
2011-06-20 14:40:00,9.5470,9.5570,9.5230,9.5410,525672
2011-06-20 14:39:00,9.5460,9.5570,9.5250,9.5440,232400
2011-06-20 14:38:00,9.5420,9.5570,9.5210,9.5430,344736
2011-06-20 14:37:00,9.5460,9.5570,9.5200,9.5380,405916
2011-06-20 14:36:00,9.5470,9.5610,9.5260,9.5410,1071336
2011-06-20 14:35:00,9.5450,9.5600,9.5260,9.5440,918820
2011-06-20 14:34:00,9.5390,9.5560,9.5210,9.5400,513800
2011-06-20 14:33:00,9.5410,9.5520,9.5160,9.5350,622860
2011-06-20 14:32:00,9.5450,9.5550,9.5230,9.5380,355404
2011-06-20 14:31:00,9.5450,9.5560,9.5210,9.5400,760340
2011-06-20 14:30:00,9.5360,9.5550,9.5150,9.5390,961940
2011-06-20 14:29:00,9.5430,9.5530,9.5130,9.5330,1560776
2011-06-20 14:28:00,9.5500,9.5600,9.5240,9.5400,396984
2011-06-20 14:27:00,9.5470,9.5610,9.5270,9.5470,290724
2011-06-20 14:26:00,9.5490,9.5600,9.5280,9.5440,434504
2011-06-20 14:25:00,9.5490,9.5610,9.5270,9.5440,660380
2011-06-20 14:24:00,9.5430,9.5590,9.5240,9.5460,369656
2011-06-20 14:23:00,9.5450,9.5560,9.5210,9.5380,713608
2011-06-20 14:22:00,9.5470,9.5610,9.5270,9.5420,470232
2011-06-20 14:21:00,9.5540,9.5650,9.5270,9.5420,695856
2011-06-20 14:20:00,9.5610,9.5710,9.5340,9.5520,589764
2011-06-20 14:19:00,9.5610,9.5720,9.5410,9.5570,557172
2011-06-20 14:18:00,9.5560,9.5710,9.5350,9.5580,451836
2011-06-20 14:17:00,9.5540,9.5680,9.5340,9.5520,420252
2011-06-20 14:16:00,9.5580,9.5710,9.5350,9.5520,242648
2011-06-20 14:15:00,9.5570,9.5730,9.5380,9.5570,470848
2011-06-20 14:14:00,9.5540,9.5750,9.5350,9.5550,599676
2011-06-20 14:13:00,9.5550,9.5660,9.5330,9.5510,398300
2011-06-20 14:12:00,9.5570,9.5670,9.5350,9.5500,321804
2011-06-20 14:11:00,9.5620,9.5710,9.5380,9.5530,384048
2011-06-20 14:10:00,9.5600,9.5710,9.5370,9.5580,616280
2011-06-20 14:09:00,9.5560,9.5700,9.5370,9.5570,294588
2011-06-20 14:08:00,9.5590,9.5710,9.5350,9.5520,320628
2011-06-20 14:07:00,9.5580,9.5700,9.5380,9.5560,297584
2011-06-20 14:06:00,9.5510,9.5700,9.5330,9.5560,382844
2011-06-20 14:05:00,9.5500,9.5620,9.5280,9.5470,417844
2011-06-20 14:04:00,9.5540,9.5660,9.5290,9.5460,583492
2011-06-20 14:03:00,9.5590,9.5740,9.5360,9.5510,647080
2011-06-20 14:02:00,9.5620,9.5720,9.5380,9.5560,283360
2011-06-20 14:01:00,9.5500,9.5740,9.5320,9.5590,1231888
2011-06-20 14:00:00,9.5450,9.5610,9.5230,9.5470,650356
2011-06-20 13:59:00,9.5440,9.5560,9.5240,9.5400,388164
2011-06-20 13:58:00,9.5440,9.5560,9.5240,9.5410,164080
2011-06-20 13:57:00,9.5470,9.5600,9.5260,9.5410,199724
2011-06-20 13:56:00,9.5480,9.5600,9.5260,9.5450,429352
2011-06-20 13:55:00,9.5410,9.5580,9.5220,9.5430,548632
2011-06-20 13:54:00,9.5410,9.5520,9.5220,9.5380,262500
2011-06-20 13:53:00,9.5450,9.5550,9.5220,9.5390,278684
2011-06-20 13:52:00,9.5380,9.5540,9.5200,9.5410,725508
2011-06-20 13:51:00,9.5400,9.5520,9.5200,9.5350,633080
2011-06-20 13:50:00,9.5410,9.5540,9.5220,9.5370,454664
2011-06-20 13:49:00,9.5510,9.5610,9.5210,9.5380,1242500
2011-06-20 13:48:00,9.5540,9.5630,9.5310,9.5490,321440
2011-06-20 13:47:00,9.5530,9.5700,9.5330,9.5480,717332
2011-06-20 13:46:00,9.5460,9.5630,9.5240,9.5480,1607956
2011-06-20 13:45:00,9.5540,9.5650,9.5250,9.5430,1773996
2011-06-20 13:44:00,9.5630,9.5730,9.5360,9.5510,413896
2011-06-20 13:43:00,9.5660,9.5760,9.5400,9.5590,408548
2011-06-20 13:42:00,9.5680,9.5790,9.5440,9.5640,426048
2011-06-20 13:41:00,9.5700,9.5800,9.5410,9.5640,667128
2011-06-20 13:40:00,9.5690,9.5840,9.5500,9.5650,828520
2011-06-20 13:39:00,9.5760,9.5860,9.5500,9.5650,676620
2011-06-20 13:38:00,9.5840,9.5940,9.5560,9.5730,1139068
2011-06-20 13:37:00,9.5800,9.5940,9.5600,9.5810,1112244
2011-06-20 13:36:00,9.5650,9.5900,9.5460,9.5770,1046584
2011-06-20 13:35:00,9.5650,9.5750,9.5450,9.5620,246008
2011-06-20 13:34:00,9.5620,9.5780,9.5430,9.5590,265104
2011-06-20 13:33:00,9.5570,9.5730,9.5360,9.5590,381136
2011-06-20 13:32:00,9.5670,9.5770,9.5390,9.5540,945196
2011-06-20 13:31:00,9.5680,9.5810,9.5480,9.5650,344036
2011-06-20 13:30:00,9.5620,9.5800,9.5440,9.5650,165368
2011-06-20 13:29:00,9.5650,9.5750,9.5420,9.5600,490140
2011-06-20 13:28:00,9.5660,9.5790,9.5440,9.5590,338604
2011-06-20 13:27:00,9.5720,9.5850,9.5450,9.5620,350756
2011-06-20 13:26:00,9.5700,9.5820,9.5450,9.5680,327600
2011-06-20 13:25:00,9.5680,9.5860,9.5480,9.5660,889168
2011-06-20 13:24:00,9.5550,9.5780,9.5360,9.5640,1327788
2011-06-20 13:23:00,9.5540,9.5660,9.5330,9.5530,655816
2011-06-20 13:22:00,9.5600,9.5700,9.5360,9.5510,574980
2011-06-20 13:21:00,9.5610,9.5720,9.5410,9.5570,250124
2011-06-20 13:20:00,9.5630,9.5730,9.5410,9.5580,479192
2011-06-20 13:19:00,9.5610,9.5730,9.5420,9.5580,336224
2011-06-20 13:18:00,9.5580,9.5730,9.5390,9.5570,421512
2011-06-20 13:17:00,9.5580,9.5710,9.5390,9.5540,444780
2011-06-20 13:16:00,9.5560,9.5730,9.5370,9.5540,475636
2011-06-20 13:15:00,9.5510,9.5660,9.5320,9.5520,295176
2011-06-20 13:14:00,9.5530,9.5620,9.5300,9.5480,303660
2011-06-20 13:13:00,9.5470,9.5640,9.5290,9.5470,581924
2011-06-20 13:12:00,9.5500,9.5620,9.5280,9.5450,442372
2011-06-20 13:11:00,9.5630,9.5730,9.5300,9.5470,839972
2011-06-20 13:10:00,9.5640,9.5750,9.5400,9.5580,791924
2011-06-20 13:09:00,9.5580,9.5740,9.5400,9.5610,447412
2011-06-20 13:08:00,9.5600,9.5730,9.5370,9.5540,455700
2011-06-20 13:07:00,9.5550,9.5750,9.5360,9.5570,763476
2011-06-20 13:06:00,9.5540,9.5660,9.5330,9.5510,495040
2011-06-20 13:05:00,9.5550,9.5680,9.5340,9.5500,617568
2011-06-20 13:04:00,9.5640,9.5740,9.5380,9.5530,261660
2011-06-20 13:03:00,9.5630,9.5780,9.5430,9.5590,758296
2011-06-20 13:02:00,9.5670,9.5770,9.5420,9.5600,541380
2011-06-20 13:01:00,9.5620,9.5770,9.5410,9.5630,793884
2011-06-20 13:00:00,9.5480,9.5730,9.5290,9.5600,987476
2011-06-20 12:59:00,9.5460,9.5600,9.5250,9.5460,1013488
2011-06-20 12:58:00,9.5550,9.5650,9.5270,9.5430,614068
2011-06-20 12:57:00,9.5520,9.5680,9.5320,9.5510,548324
2011-06-20 12:56:00,9.5560,9.5680,9.5310,9.5470,907480
2011-06-20 12:55:00,9.5570,9.5690,9.5310,9.5530,937300
2011-06-20 12:54:00,9.5650,9.5750,9.5370,9.5540,605668
2011-06-20 12:53:00,9.5660,9.5790,9.5440,9.5630,460152
2011-06-20 12:52:00,9.5740,9.5870,9.5460,9.5630,1485288
2011-06-20 12:51:00,9.5870,9.5960,9.5550,9.5710,819028
2011-06-20 12:50:00,9.5720,9.5960,9.5530,9.5830,1258936
2011-06-20 12:49:00,9.5760,9.5870,9.5530,9.5690,790048
2011-06-20 12:48:00,9.5760,9.5880,9.5570,9.5740,837116
2011-06-20 12:47:00,9.5700,9.5870,9.5510,9.5730,1505308
2011-06-20 12:46:00,9.5670,9.5810,9.5460,9.5670,995512
2011-06-20 12:45:00,9.5590,9.5790,9.5400,9.5650,1370768
2011-06-20 12:44:00,9.5570,9.5710,9.5370,9.5570,511896
2011-06-20 12:43:00,9.5570,9.5710,9.5360,9.5540,991816
2011-06-20 12:42:00,9.5510,9.5670,9.5320,9.5540,1435476
2011-06-20 12:41:00,9.5530,9.5660,9.5310,9.5470,1130696
2011-06-20 12:40:00,9.5560,9.5710,9.5330,9.5500,1955268
2011-06-20 12:39:00,9.5670,9.5770,9.5370,9.5520,766472
2011-06-20 12:38:00,9.5650,9.5780,9.5410,9.5640,1504216
2011-06-20 12:37:00,9.5720,9.5830,9.5440,9.5610,3006220
2011-06-20 12:36:00,9.5830,9.5920,9.5530,9.5690,2247868
2011-06-20 12:35:00,9.5860,9.5960,9.5630,9.5790,737240
2011-06-20 12:34:00,9.5870,9.6010,9.5630,9.5830,1917496
2011-06-20 12:33:00,9.5880,9.6020,9.5680,9.5840,619192
2011-06-20 12:32:00,9.5970,9.6070,9.5680,9.5840,1410976
2011-06-20 12:31:00,9.5950,9.6100,9.5730,9.5930,1224972
2011-06-20 12:30:00,9.5980,9.6170,9.5760,9.5930,1828960
2011-06-20 12:29:00,9.5800,9.6090,9.5610,9.5950,2466968
2011-06-20 12:28:00,9.5790,9.5910,9.5580,9.5770,1087520
2011-06-20 12:27:00,9.5860,9.5960,9.5600,9.5760,2040248
2011-06-20 12:26:00,9.5760,9.6000,9.5570,9.5810,3324048
2011-06-20 12:25:00,9.5690,9.5860,9.5470,9.5730,2106216
2011-06-20 12:24:00,9.5530,9.5780,9.5300,9.5640,1916348
2011-06-20 12:23:00,9.5500,9.5630,9.5280,9.5500,766276
2011-06-20 12:22:00,9.5430,9.5600,9.5210,9.5460,575344
2011-06-20 12:21:00,9.5450,9.5550,9.5210,9.5390,1125208
2011-06-20 12:20:00,9.5520,9.5620,9.5240,9.5420,1366484
2011-06-20 12:19:00,9.5530,9.5700,9.5330,9.5480,1436064
2011-06-20 12:18:00,9.5500,9.5640,9.5280,9.5510,1089340
2011-06-20 12:17:00,9.5510,9.5630,9.5260,9.5460,900592
2011-06-20 12:16:00,9.5480,9.5640,9.5290,9.5470,1789228
2011-06-20 12:15:00,9.5420,9.5590,9.5220,9.5450,1057000
2011-06-20 12:14:00,9.5480,9.5600,9.5210,9.5390,627508
2011-06-20 12:13:00,9.5440,9.5590,9.5230,9.5460,1298080
2011-06-20 12:12:00,9.5490,9.5670,9.5260,9.5400,2311624
2011-06-20 12:11:00,9.5380,9.5600,9.5170,9.5460,1864548
2011-06-20 12:10:00,9.5410,9.5540,9.5180,9.5330,1139824
2011-06-20 12:09:00,9.5410,9.5560,9.5220,9.5380,735476
2011-06-20 12:08:00,9.5480,9.5590,9.5230,9.5380,1357916
2011-06-20 12:07:00,9.5300,9.5580,9.5120,9.5450,1740928
2011-06-20 12:06:00,9.5320,9.5420,9.5080,9.5280,1029308
2011-06-20 12:05:00,9.5210,9.5420,9.5030,9.5290,974204
2011-06-20 12:04:00,9.5170,9.5320,9.4970,9.5150,997332
2011-06-20 12:03:00,9.5260,9.5370,9.4920,9.5130,1952440
2011-06-20 12:02:00,9.5230,9.5400,9.5050,9.5200,1074416
2011-06-20 12:01:00,9.5240,9.5390,9.5040,9.5200,1900892
2011-06-20 12:00:00,9.5120,9.5380,9.4940,9.5190,1369424
2011-06-20 11:59:00,9.5130,9.5320,9.4910,9.5060,1449308
2011-06-20 11:58:00,9.5070,9.5230,9.4820,9.5090,1268568
2011-06-20 11:57:00,9.5130,9.5260,9.4880,9.5040,948220
2011-06-20 11:56:00,9.5260,9.5350,9.4940,9.5100,1536948
2011-06-20 11:55:00,9.5110,9.5350,9.4920,9.5220,1496600
2011-06-20 11:54:00,9.5050,9.5220,9.4860,9.5070,993524
2011-06-20 11:53:00,9.5160,9.5260,9.4870,9.5020,874832
2011-06-20 11:52:00,9.5130,9.5260,9.4870,9.5100,1516312
2011-06-20 11:51:00,9.5090,9.5230,9.4880,9.5090,1319864
2011-06-20 11:50:00,9.5220,9.5370,9.4890,9.5050,2207744
2011-06-20 11:49:00,9.5000,9.5310,9.4810,9.5180,2639084
2011-06-20 11:48:00,9.4990,9.5120,9.4760,9.4960,848708
2011-06-20 11:47:00,9.4950,9.5120,9.4730,9.4980,1019368
2011-06-20 11:46:00,9.5030,9.5150,9.4750,9.4900,1503768
2011-06-20 11:45:00,9.5040,9.5200,9.4800,9.5000,2518516
2011-06-20 11:44:00,9.4830,9.5140,9.4630,9.5000,2733500
2011-06-20 11:43:00,9.4830,9.4950,9.4590,9.4780,518476
2011-06-20 11:42:00,9.4820,9.4970,9.4630,9.4800,1288980
2011-06-20 11:41:00,9.4840,9.4940,9.4580,9.4800,503860
2011-06-20 11:40:00,9.4820,9.4930,9.4590,9.4800,1098524
2011-06-20 11:39:00,9.4800,9.4970,9.4600,9.4790,1172696
2011-06-20 11:38:00,9.4730,9.4910,9.4520,9.4760,1264312
2011-06-20 11:37:00,9.4660,9.4840,9.4460,9.4690,1308048
2011-06-20 11:36:00,9.4570,9.4750,9.4380,9.4620,1553412
2011-06-20 11:35:00,9.4610,9.4720,9.4350,9.4540,2206652
2011-06-20 11:34:00,9.4760,9.4860,9.4420,9.4570,2724932
2011-06-20 11:33:00,9.4760,9.4860,9.4530,9.4700,1121652
2011-06-20 11:32:00,9.4750,9.4880,9.4530,9.4720,1609300
2011-06-20 11:31:00,9.4850,9.4970,9.4530,9.4720,1692740
2011-06-20 11:30:00,9.4760,9.4980,9.4580,9.4830,915320
2011-06-20 11:29:00,9.4770,9.4900,9.4520,9.4750,728336
2011-06-20 11:28:00,9.4740,9.4880,9.4540,9.4740,662424
2011-06-20 11:27:00,9.4830,9.4930,9.4550,9.4720,1378832
2011-06-20 11:26:00,9.4860,9.4980,9.4560,9.4800,1358616
2011-06-20 11:25:00,9.4830,9.4980,9.4540,9.4820,1543640
2011-06-20 11:24:00,9.4640,9.4930,9.4420,9.4770,2909116
2011-06-20 11:23:00,9.4720,9.4850,9.4450,9.4610,1298500
2011-06-20 11:22:00,9.4870,9.4990,9.4540,9.4690,1254428
2011-06-20 11:21:00,9.4860,9.5000,9.4680,9.4850,479864
2011-06-20 11:20:00,9.4830,9.5010,9.4650,9.4840,875308
2011-06-20 11:19:00,9.4790,9.4940,9.4600,9.4790,720132
2011-06-20 11:18:00,9.4760,9.4910,9.4560,9.4750,571508
2011-06-20 11:17:00,9.4800,9.4910,9.4560,9.4730,1003492
2011-06-20 11:16:00,9.4830,9.4970,9.4570,9.4760,1940848
2011-06-20 11:15:00,9.4890,9.5040,9.4620,9.4810,1224104
2011-06-20 11:14:00,9.4910,9.5000,9.4630,9.4860,1040620
2011-06-20 11:13:00,9.4930,9.5080,9.4700,9.4870,952672
2011-06-20 11:12:00,9.4840,9.5060,9.4650,9.4890,2034004
2011-06-20 11:11:00,9.4800,9.4970,9.4570,9.4800,1228500
2011-06-20 11:10:00,9.4800,9.4950,9.4580,9.4740,1402072
2011-06-20 11:09:00,9.4840,9.4950,9.4610,9.4770,1137556
2011-06-20 11:08:00,9.4820,9.4960,9.4610,9.4810,1234072
2011-06-20 11:07:00,9.4790,9.4960,9.4590,9.4780,1320508
2011-06-20 11:06:00,9.4750,9.4920,9.4520,9.4780,1198512
2011-06-20 11:05:00,9.4690,9.4860,9.4470,9.4700,1499960
2011-06-20 11:04:00,9.4720,9.4820,9.4440,9.4650,1456000
2011-06-20 11:03:00,9.4850,9.4960,9.4500,9.4670,1198092
2011-06-20 11:02:00,9.4730,9.4980,9.4520,9.4810,1360772
2011-06-20 11:01:00,9.4790,9.4940,9.4540,9.4700,2160452
2011-06-20 11:00:00,9.4800,9.4940,9.4600,9.4760,1375164
2011-06-20 10:59:00,9.4860,9.4990,9.4610,9.4780,1929788
2011-06-20 10:58:00,9.4960,9.5070,9.4660,9.4800,2722552
2011-06-20 10:57:00,9.5030,9.5160,9.4770,9.4930,1197560
2011-06-20 10:56:00,9.5030,9.5200,9.4770,9.5000,1673784
2011-06-20 10:55:00,9.4940,9.5170,9.4760,9.5000,1322020
2011-06-20 10:54:00,9.5010,9.5120,9.4730,9.4930,2088268
2011-06-20 10:53:00,9.5070,9.5200,9.4800,9.5000,1674456
2011-06-20 10:52:00,9.5120,9.5250,9.4880,9.5030,1194564
2011-06-20 10:51:00,9.5180,9.5290,9.4940,9.5090,2414160
2011-06-20 10:50:00,9.5330,9.5430,9.5000,9.5160,1686328
2011-06-20 10:49:00,9.5310,9.5420,9.5040,9.5280,2288468
2011-06-20 10:48:00,9.5430,9.5530,9.5110,9.5270,2153788
2011-06-20 10:47:00,9.5380,9.5570,9.5200,9.5400,1291220
2011-06-20 10:46:00,9.5470,9.5580,9.5190,9.5360,1893416
2011-06-20 10:45:00,9.5370,9.5580,9.5170,9.5430,3850336
2011-06-20 10:44:00,9.5240,9.5480,9.5060,9.5350,3174136
2011-06-20 10:43:00,9.5070,9.5380,9.4880,9.5210,3174248
2011-06-20 10:42:00,9.5050,9.5190,9.4800,9.5030,1847104
2011-06-20 10:41:00,9.5130,9.5240,9.4820,9.5020,1535324
2011-06-20 10:40:00,9.5060,9.5250,9.4810,9.5090,1966664
2011-06-20 10:39:00,9.5030,9.5150,9.4810,9.4960,1257984
2011-06-20 10:38:00,9.5030,9.5150,9.4790,9.4990,1859004
2011-06-20 10:37:00,9.5070,9.5200,9.4840,9.5000,1922732
2011-06-20 10:36:00,9.5120,9.5230,9.4850,9.5020,1621228
2011-06-20 10:35:00,9.5120,9.5280,9.4900,9.5080,2090284
2011-06-20 10:34:00,9.5140,9.5240,9.4860,9.5090,2856224
2011-06-20 10:33:00,9.5230,9.5320,9.4940,9.5090,2285444
2011-06-20 10:32:00,9.5260,9.5360,9.4990,9.5190,3448732
2011-06-20 10:31:00,9.5090,9.5360,9.4860,9.5210,4868388
2011-06-20 10:30:00,9.4940,9.5220,9.4750,9.5080,4020604
2011-06-20 10:29:00,9.4850,9.5060,9.4660,9.4890,4057620
2011-06-20 10:28:00,9.4620,9.4950,9.4430,9.4810,2899400
2011-06-20 10:27:00,9.4800,9.4900,9.4430,9.4580,3146584
2011-06-20 10:26:00,9.4600,9.4910,9.4400,9.4770,2661764
2011-06-20 10:25:00,9.4700,9.4810,9.4300,9.4570,2828728
2011-06-20 10:24:00,9.4630,9.4840,9.4330,9.4660,3376464
2011-06-20 10:23:00,9.4690,9.4840,9.4420,9.4590,2609460
2011-06-20 10:22:00,9.4760,9.4890,9.4480,9.4650,3426556
2011-06-20 10:21:00,9.4850,9.4940,9.4530,9.4720,3584924
2011-06-20 10:20:00,9.4690,9.4940,9.4470,9.4800,5891536
2011-06-20 10:19:00,9.4420,9.4790,9.4230,9.4640,6220844
2011-06-20 10:18:00,9.4430,9.4570,9.3970,9.4390,7344988
2011-06-20 10:17:00,9.4610,9.4760,9.4180,9.4400,6945148
2011-06-20 10:16:00,9.4690,9.4920,9.4420,9.4570,5407556
2011-06-20 10:15:00,9.4710,9.4850,9.4420,9.4660,6189848
2011-06-20 10:14:00,9.5070,9.5170,9.4510,9.4680,8275876
2011-06-20 10:13:00,9.5170,9.5320,9.4890,9.5050,3083836
2011-06-20 10:12:00,9.5180,9.5370,9.4990,9.5160,3401328
2011-06-20 10:11:00,9.5260,9.5370,9.4920,9.5130,4519620
2011-06-20 10:10:00,9.5310,9.5440,9.5050,9.5230,2963856
2011-06-20 10:09:00,9.5210,9.5430,9.5030,9.5250,3047856
2011-06-20 10:08:00,9.5500,9.5600,9.4980,9.5200,6282724
2011-06-20 10:07:00,9.5620,9.5720,9.5270,9.5470,3643388
2011-06-20 10:06:00,9.5740,9.5860,9.5420,9.5570,1697528
2011-06-20 10:05:00,9.5730,9.5870,9.5520,9.5710,1203832
2011-06-20 10:04:00,9.5660,9.5930,9.5460,9.5690,1666616
2011-06-20 10:03:00,9.5680,9.5800,9.5450,9.5620,1517880
2011-06-20 10:02:00,9.5720,9.5880,9.5490,9.5640,951132
2011-06-20 10:01:00,9.5730,9.5840,9.5450,9.5670,2202004
2011-06-20 10:00:00,9.5760,9.5960,9.5510,9.5700,2906120
2011-06-20 09:59:00,9.5840,9.5940,9.5550,9.5720,2013872
2011-06-20 09:58:00,9.5890,9.6070,9.5650,9.5800,964152
2011-06-20 09:57:00,9.5880,9.6040,9.5660,9.5870,1675408
2011-06-20 09:56:00,9.6070,9.6170,9.5700,9.5850,1449700
2011-06-20 09:55:00,9.5970,9.6210,9.5720,9.6030,1656984
2011-06-20 09:54:00,9.6110,9.6220,9.5760,9.5910,2096892
2011-06-20 09:53:00,9.6100,9.6260,9.5900,9.6080,1453900
2011-06-20 09:52:00,9.6210,9.6310,9.5840,9.6070,2082444
2011-06-20 09:51:00,9.6160,9.6310,9.5910,9.6160,2049880
2011-06-20 09:50:00,9.6100,9.6310,9.5920,9.6130,2853340
2011-06-20 09:49:00,9.5920,9.6220,9.5710,9.6080,2484188
2011-06-20 09:48:00,9.5930,9.6090,9.5660,9.5860,1487052
2011-06-20 09:47:00,9.5790,9.6060,9.5590,9.5880,2070348
2011-06-20 09:46:00,9.5970,9.6090,9.5610,9.5760,2507932
2011-06-20 09:45:00,9.5910,9.6100,9.5690,9.5930,2143232
2011-06-20 09:44:00,9.6040,9.6160,9.5690,9.5880,2570932
2011-06-20 09:43:00,9.5900,9.6160,9.5710,9.6010,3376324
2011-06-20 09:42:00,9.5890,9.6020,9.5630,9.5880,3037636
2011-06-20 09:41:00,9.5790,9.6020,9.5580,9.5880,5211752
2011-06-20 09:40:00,9.5600,9.5880,9.5400,9.5750,4314996
2011-06-20 09:39:00,9.5680,9.5810,9.5360,9.5570,2457168
2011-06-20 09:38:00,9.5530,9.5790,9.5340,9.5650,2566452
2011-06-20 09:37:00,9.5770,9.5880,9.5340,9.5510,3470992
2011-06-20 09:36:00,9.5660,9.5880,9.5430,9.5720,4120340
2011-06-20 09:35:00,9.5530,9.5760,9.5270,9.5620,4749276
2011-06-20 09:34:00,9.5730,9.5850,9.5180,9.5480,9412536
2011-06-20 09:33:00,9.5820,9.5920,9.5480,9.5700,6228572
2011-06-20 09:32:00,9.5900,9.6050,9.5460,9.5780,7920192
2011-06-20 09:31:00,9.6080,9.6240,9.5710,9.5870,4324656
2011-06-20 09:30:00,9.6210,9.6340,9.5790,9.6040,11015424
2011-06-20 09:29:00,9.6210,9.6350,9.6030,9.6210,358708
2011-06-20 09:28:00,9.6300,9.6410,9.5980,9.6160,286160
2011-06-20 09:27:00,9.6370,9.6470,9.6120,9.6310,56140
2011-06-20 09:26:00,9.6400,9.6500,9.6060,9.6340,47600
2011-06-20 09:25:00,9.6340,9.6500,9.6150,9.6350,27832
2011-06-20 09:24:00,9.6340,9.6510,9.6150,9.6370,42000
2011-06-20 09:23:00,9.6340,9.6440,9.6150,9.6310,14000
2011-06-20 09:22:00,9.6340,9.6510,9.6150,9.6340,103600
2011-06-20 09:21:00,9.6340,9.6430,9.6150,9.6300,6944
2011-06-20 09:20:00,9.6200,9.6430,9.6020,9.6300,202468
2011-06-20 09:19:00,9.6260,9.6350,9.6070,9.6220,2800
2011-06-20 09:18:00,9.6230,9.6350,9.6050,9.6220,8400
2011-06-20 09:17:00,9.6210,9.6310,9.6030,9.6180,2800
2011-06-20 09:16:00,9.6300,9.6400,9.6090,9.6240,8400
2011-06-20 09:15:00,9.6330,9.6430,9.6130,9.6280,5600
2011-06-20 09:14:00,9.6330,9.6440,9.6130,9.6310,39760
2011-06-20 09:13:00,9.6340,9.6460,9.6110,9.6300,70420
2011-06-20 09:12:00,9.6330,9.6460,9.6120,9.6330,47460
2011-06-20 09:11:00,9.6390,9.6490,9.6160,9.6310,29176
2011-06-20 09:10:00,9.6410,9.6520,9.6220,9.6380,189112
2011-06-20 09:09:00,9.6340,9.6490,9.6090,9.6360,107268
2011-06-20 09:08:00,9.6310,9.6430,9.6130,9.6290,22400
2011-06-20 09:07:00,9.6240,9.6410,9.6060,9.6280,19600
2011-06-20 09:06:00,9.6270,9.6370,9.6080,9.6230,2800
2011-06-20 09:05:00,9.6270,9.6370,9.6060,9.6210,24360
2011-06-20 09:04:00,9.6270,9.6370,9.6080,9.6230,28000
2011-06-20 09:03:00,9.6210,9.6370,9.6010,9.6240,57596
2011-06-20 09:01:00,9.6210,9.6330,9.6010,9.6170,17332
2011-06-20 09:00:00,9.6230,9.6330,9.6030,9.6170,38332
2011-06-20 08:59:00,9.6230,9.6340,9.6000,9.6190,58800
2011-06-20 08:58:00,9.6190,9.6290,9.6000,9.6150,8400
2011-06-20 08:57:00,9.6190,9.6310,9.6000,9.6170,17640
2011-06-20 08:56:00,9.6180,9.6300,9.5990,9.6140,27160
2011-06-20 08:55:00,9.6180,9.6310,9.5990,9.6160,40040
2011-06-20 08:54:00,9.6190,9.6280,9.5990,9.6140,24808
2011-06-20 08:53:00,9.6230,9.6340,9.5990,9.6150,135548
2011-06-20 08:52:00,9.6220,9.6320,9.6030,9.6170,16744
2011-06-20 08:51:00,9.6240,9.6340,9.6030,9.6170,74424
2011-06-20 08:50:00,9.6240,9.6340,9.6060,9.6210,28000
2011-06-20 08:49:00,9.6330,9.6430,9.6060,9.6210,57176
2011-06-20 08:47:00,9.6350,9.6440,9.6160,9.6310,5600
2011-06-20 08:46:00,9.6350,9.6460,9.6170,9.6330,8400
2011-06-20 08:45:00,9.6310,9.6440,9.6120,9.6310,62440
2011-06-20 08:44:00,9.6320,9.6420,9.6090,9.6280,35924
2011-06-20 08:43:00,9.6290,9.6430,9.6090,9.6240,65856
2011-06-20 08:42:00,9.6280,9.6420,9.6100,9.6280,9352
2011-06-20 08:41:00,9.6300,9.6400,9.6120,9.6270,28000
2011-06-20 08:40:00,9.6300,9.6430,9.6120,9.6270,36400
2011-06-20 08:39:00,9.6280,9.6380,9.6100,9.6250,15540
2011-06-20 08:37:00,9.6320,9.6410,9.6120,9.6270,48552
2011-06-20 08:36:00,9.6330,9.6440,9.6030,9.6270,218988
2011-06-20 08:35:00,9.6330,9.6430,9.6100,9.6300,34720
2011-06-20 08:34:00,9.6340,9.6460,9.6150,9.6310,107268
2011-06-20 08:33:00,9.6270,9.6430,9.6060,9.6300,61040
2011-06-20 08:32:00,9.6200,9.6370,9.5970,9.6240,128800
2011-06-20 08:31:00,9.6120,9.6300,9.5940,9.6160,5600
2011-06-20 08:30:00,9.6070,9.6220,9.5810,9.6080,185920
2011-06-20 08:29:00,9.6020,9.6190,9.5840,9.6060,62524
2011-06-20 08:28:00,9.6040,9.6150,9.5810,9.5990,117768
2011-06-20 08:27:00,9.6080,9.6180,9.5810,9.6000,50400
2011-06-20 08:26:00,9.5980,9.6160,9.5790,9.6020,47600
2011-06-20 08:25:00,9.5960,9.6130,9.5770,9.5930,61600
2011-06-20 08:24:00,9.5990,9.6100,9.5760,9.5920,51240
2011-06-20 08:23:00,9.6070,9.6170,9.5810,9.5960,14000
2011-06-20 08:22:00,9.5970,9.6070,9.5750,9.5930,24640
2011-06-20 08:21:00,9.5970,9.6070,9.5760,9.5910,34664
2011-06-20 08:20:00,9.5940,9.6030,9.5750,9.5900,2800
2011-06-20 08:19:00,9.5970,9.6070,9.5730,9.5870,25200
2011-06-20 08:18:00,9.5940,9.6070,9.5710,9.5930,61600
2011-06-20 08:17:00,9.5910,9.6030,9.5710,9.5860,122920
2011-06-20 08:16:00,9.5970,9.6070,9.5720,9.5870,119000
2011-06-20 08:15:00,9.5910,9.6070,9.5680,9.5930,141652
2011-06-20 08:14:00,9.6020,9.6120,9.5690,9.5870,191520
2011-06-20 08:13:00,9.6090,9.6230,9.5870,9.6020,95200
2011-06-20 08:12:00,9.6140,9.6240,9.5930,9.6100,66500
2011-06-20 08:11:00,9.6270,9.6370,9.5930,9.6140,121800
2011-06-20 08:10:00,9.6320,9.6410,9.6090,9.6240,32340
2011-06-20 08:09:00,9.6330,9.6460,9.6150,9.6320,15960
2011-06-20 08:08:00,9.6390,9.6490,9.6190,9.6340,29120
2011-06-20 08:07:00,9.6420,9.6520,9.6190,9.6360,27160
2011-06-20 08:06:00,9.6380,9.6490,9.6170,9.6360,125440
2011-06-20 08:05:00,9.6330,9.6470,9.6140,9.6340,15400
2011-06-20 08:03:00,9.6280,9.6470,9.6090,9.6340,23800
2011-06-20 08:02:00,9.6330,9.6460,9.6150,9.6330,20720
2011-06-20 08:01:00,9.6390,9.6490,9.6210,9.6360,14000
2011-06-20 08:00:00,9.6370,9.6520,9.6150,9.6390,201460
2011-06-20 07:59:00,9.6330,9.6430,9.6150,9.6300,17612
2011-06-20 07:58:00,9.6300,9.6430,9.6120,9.6300,30800
2011-06-20 07:57:00,9.6360,9.6470,9.6180,9.6340,17276
2011-06-20 07:55:00,9.6280,9.6370,9.6090,9.6240,36400
2011-06-20 07:54:00,9.6280,9.6370,9.6090,9.6240,3080
2011-06-20 07:53:00,9.6350,9.6440,9.6130,9.6280,25200
2011-06-20 07:52:00,9.6350,9.6440,9.6160,9.6310,8596
2011-06-20 07:50:00,9.6390,9.6490,9.6160,9.6340,33460
2011-06-20 07:49:00,9.6420,9.6510,9.6230,9.6380,8400
2011-06-20 07:48:00,9.6390,9.6490,9.6210,9.6360,2996
2011-06-20 07:47:00,9.6390,9.6490,9.6200,9.6350,2800
2011-06-20 07:46:00,9.6390,9.6520,9.6120,9.6270,58660
2011-06-20 07:45:00,9.6490,9.6600,9.6240,9.6390,72800
2011-06-20 07:44:00,9.6580,9.6680,9.6310,9.6460,79436
2011-06-20 07:43:00,9.6580,9.6680,9.6390,9.6540,8400
2011-06-20 07:42:00,9.6580,9.6690,9.6390,9.6550,47600
2011-06-20 07:41:00,9.6580,9.6680,9.6390,9.6540,11200
2011-06-20 07:37:00,9.6600,9.6690,9.6410,9.6560,4200
2011-06-20 07:36:00,9.6580,9.6690,9.6390,9.6560,8400
2011-06-20 07:35:00,9.6580,9.6680,9.6400,9.6550,2800
2011-06-20 07:34:00,9.6590,9.6690,9.6390,9.6560,38696
2011-06-20 07:31:00,9.6600,9.6700,9.6410,9.6560,28000
2011-06-20 07:29:00,9.6660,9.6760,9.6470,9.6620,2800
2011-06-20 07:27:00,9.6590,9.6690,9.6410,9.6560,8400
2011-06-20 07:21:00,9.6590,9.6690,9.6400,9.6550,5600
2011-06-20 07:18:00,9.6590,9.6690,9.6410,9.6560,2800
2011-06-20 07:14:00,9.6600,9.6700,9.6420,9.6570,2800
2011-06-20 07:13:00,9.6620,9.6720,9.6420,9.6570,14000
2011-06-20 07:12:00,9.6690,9.6790,9.6410,9.6560,33600
2011-06-20 07:11:00,9.6720,9.6810,9.6420,9.6680,11200
2011-06-20 07:09:00,9.6630,9.6730,9.6440,9.6590,6020
2011-06-20 07:08:00,9.6630,9.6730,9.6440,9.6590,2800
2011-06-20 07:06:00,9.6580,9.6750,9.6390,9.6620,16800
2011-06-20 07:05:00,9.6620,9.6710,9.6390,9.6540,8400
2011-06-20 07:04:00,9.6590,9.6690,9.6390,9.6550,31920
2011-06-20 07:03:00,9.6580,9.6680,9.6390,9.6540,2800
2011-06-20 07:02:00,9.6590,9.6690,9.6390,9.6540,12600
2011-06-20 07:01:00,9.6730,9.6820,9.6540,9.6690,2800
2011-06-20 07:00:00,9.6730,9.6830,9.6540,9.6690,2800
2011-06-20 06:52:00,9.6870,9.6970,9.6690,9.6840,5600
2011-06-20 06:15:00,9.6680,9.6780,9.6490,9.6640,2800
2011-06-20 05:07:00,9.6790,9.6880,9.6600,9.6750,2800
2011-06-20 04:37:00,9.6390,9.6480,9.6200,9.6350,2996
2011-06-20 04:32:00,9.6750,9.6850,9.6560,9.6710,2800
2011-06-20 04:25:00,9.6360,9.6460,9.6180,9.6330,5600
2011-06-20 04:02:00,9.7640,9.7730,9.7450,9.7600,8400
2011-06-20 04:00:00,9.7640,9.7730,9.7450,9.7600,2800
2011-06-17 19:59:00,9.7060,9.7160,9.6870,9.7020,9100
2011-06-17 19:58:00,9.7060,9.7160,9.6870,9.7020,10332
2011-06-17 19:56:00,9.7030,9.7130,9.6850,9.7000,16520
2011-06-17 19:53:00,9.7060,9.7150,9.6870,9.7020,5600
2011-06-17 19:52:00,9.7050,9.7150,9.6860,9.7010,2800
2011-06-17 19:51:00,9.7040,9.7150,9.6860,9.7010,19600
2011-06-17 19:49:00,9.7050,9.7150,9.6860,9.7010,5600
2011-06-17 19:48:00,9.7050,9.7150,9.6860,9.7010,5600
2011-06-17 19:47:00,9.7040,9.7150,9.6860,9.7010,8400
2011-06-17 19:46:00,9.7050,9.7150,9.6860,9.7010,5600
2011-06-17 19:45:00,9.7050,9.7150,9.6870,9.7020,2800
2011-06-17 19:43:00,9.7050,9.7150,9.6870,9.7020,2800
2011-06-17 19:36:00,9.7050,9.7150,9.6870,9.7020,5292
2011-06-17 19:35:00,9.7030,9.7130,9.6840,9.6990,2800
2011-06-17 19:31:00,9.6970,9.7070,9.6790,9.6940,4676
2011-06-17 19:23:00,9.6970,9.7070,9.6790,9.6940,4480
2011-06-17 19:16:00,9.7030,9.7120,9.6780,9.6940,33600
2011-06-17 19:15:00,9.7030,9.7120,9.6840,9.6990,7000
2011-06-17 19:13:00,9.7030,9.7130,9.6840,9.6990,7000
2011-06-17 19:12:00,9.6970,9.7070,9.6790,9.6940,2800
2011-06-17 19:06:00,9.7040,9.7130,9.6850,9.7000,8400
2011-06-17 19:05:00,9.7070,9.7170,9.6870,9.7020,13160
2011-06-17 19:04:00,9.7060,9.7160,9.6870,9.7020,5460
2011-06-17 19:03:00,9.7060,9.7160,9.6870,9.7020,8400
2011-06-17 19:00:00,9.7060,9.7160,9.6880,9.7030,2940
2011-06-17 18:59:00,9.7120,9.7220,9.6930,9.7080,2800
2011-06-17 18:57:00,9.7090,9.7190,9.6900,9.7050,8400
2011-06-17 18:56:00,9.7040,9.7140,9.6850,9.7000,4116
2011-06-17 18:53:00,9.7040,9.7140,9.6860,9.7010,14000
2011-06-17 18:51:00,9.7110,9.7200,9.6920,9.7070,2800
2011-06-17 18:44:00,9.7120,9.7220,9.6930,9.7080,2800
2011-06-17 18:43:00,9.7120,9.7220,9.6930,9.7080,7000
2011-06-17 18:38:00,9.7110,9.7210,9.6920,9.7070,7000
2011-06-17 18:36:00,9.7130,9.7230,9.6940,9.7090,2800
2011-06-17 18:32:00,9.7150,9.7250,9.6960,9.7110,2800
2011-06-17 18:31:00,9.7120,9.7220,9.6930,9.7080,2800
2011-06-17 18:28:00,9.7100,9.7250,9.6910,9.7110,8232
2011-06-17 18:25:00,9.7150,9.7250,9.6960,9.7110,2800
2011-06-17 18:24:00,9.7120,9.7220,9.6930,9.7080,5600
2011-06-17 18:19:00,9.7110,9.7210,9.6920,9.7070,112252
2011-06-17 18:13:00,9.7140,9.7240,9.6960,9.7110,39200
2011-06-17 18:12:00,9.7080,9.7230,9.6890,9.7100,46088
2011-06-17 18:11:00,9.7070,9.7180,9.6890,9.7040,7560
2011-06-17 18:10:00,9.7040,9.7140,9.6850,9.7000,3976
2011-06-17 18:07:00,9.7060,9.7160,9.6870,9.7020,8400
2011-06-17 18:05:00,9.7070,9.7170,9.6880,9.7040,2800
2011-06-17 18:00:00,9.7070,9.7170,9.6880,9.7040,2800
2011-06-17 17:58:00,9.7060,9.7160,9.6870,9.7020,21504
2011-06-17 17:57:00,9.7060,9.7160,9.6870,9.7020,5600
2011-06-17 17:56:00,9.7040,9.7140,9.6850,9.7010,5600
2011-06-17 17:54:00,9.7040,9.7140,9.6850,9.7010,2800
2011-06-17 17:53:00,9.7030,9.7130,9.6840,9.6990,2800
2011-06-17 17:49:00,9.7030,9.7130,9.6840,9.6990,13188
2011-06-17 17:47:00,9.7030,9.7130,9.6840,9.6990,19600
2011-06-17 17:46:00,9.7020,9.7120,9.6830,9.6980,2800
2011-06-17 17:43:00,9.6990,9.7080,9.6800,9.6950,11200
2011-06-17 17:42:00,9.6990,9.7090,9.6810,9.6960,2800
2011-06-17 17:40:00,9.7000,9.7100,9.6810,9.6960,30688
2011-06-17 17:39:00,9.7020,9.7120,9.6830,9.6980,14000
2011-06-17 17:24:00,9.7030,9.7130,9.6840,9.6990,2912
2011-06-17 17:22:00,9.7010,9.7100,9.6820,9.6970,2800
2011-06-17 17:18:00,9.7030,9.7130,9.6840,9.6990,2800
2011-06-17 17:17:00,9.7010,9.7110,9.6810,9.6960,23240
2011-06-17 17:16:00,9.7030,9.7130,9.6840,9.6990,21840
2011-06-17 17:14:00,9.7030,9.7120,9.6830,9.6980,30800
2011-06-17 17:11:00,9.7020,9.7120,9.6840,9.6990,8400
2011-06-17 17:08:00,9.7010,9.7110,9.6830,9.6980,5040
2011-06-17 17:07:00,9.7030,9.7130,9.6840,9.6990,12740
2011-06-17 17:04:00,9.7030,9.7130,9.6840,9.6990,2800
2011-06-17 17:03:00,9.7030,9.7130,9.6840,9.6990,16940
2011-06-17 17:01:00,9.7030,9.7150,9.6850,9.7020,9800
2011-06-17 17:00:00,9.7030,9.7130,9.6840,9.6990,26096
2011-06-17 16:59:00,9.7030,9.7130,9.6840,9.6990,5600
2011-06-17 16:58:00,9.7030,9.7130,9.6840,9.6990,5600
2011-06-17 16:57:00,9.7040,9.7150,9.6850,9.7010,18256
2011-06-17 16:55:00,9.7030,9.7120,9.6840,9.6990,19600
2011-06-17 16:53:00,9.7020,9.7140,9.6840,9.7000,14924
2011-06-17 16:51:00,9.7000,9.7210,9.6810,9.6980,193368
2011-06-17 16:50:00,9.7010,9.7110,9.6820,9.6970,8400
2011-06-17 16:49:00,9.7010,9.7110,9.6830,9.6980,2800
2011-06-17 16:48:00,9.7030,9.7130,9.6830,9.6980,25200
2011-06-17 16:47:00,9.7030,9.7130,9.6840,9.6990,9520
2011-06-17 16:46:00,9.7030,9.7130,9.6850,9.7000,2800
2011-06-17 16:45:00,9.7120,9.7210,9.6930,9.7080,3416
2011-06-17 16:43:00,9.7070,9.7170,9.6850,9.7000,7420
2011-06-17 16:42:00,9.7260,9.7350,9.6840,9.7040,84000
2011-06-17 16:41:00,9.7040,9.7160,9.6850,9.7030,14000
2011-06-17 16:40:00,9.7040,9.7240,9.6850,9.7010,145600
2011-06-17 16:39:00,9.7140,9.7240,9.6880,9.7040,78960
2011-06-17 16:38:00,9.7070,9.7240,9.6840,9.6990,310660
2011-06-17 16:37:00,9.7060,9.7150,9.6870,9.7020,2800
2011-06-17 16:36:00,9.7140,9.7240,9.6960,9.7110,900312
2011-06-17 16:35:00,9.7040,9.7130,9.6840,9.7000,30240
2011-06-17 16:34:00,9.7140,9.7240,9.6960,9.7110,3749004
2011-06-17 16:33:00,9.7140,9.7240,9.6890,9.7040,421288
2011-06-17 16:32:00,9.7070,9.7170,9.6890,9.7040,5600
2011-06-17 16:31:00,9.7040,9.7240,9.6840,9.7010,140504
2011-06-17 16:29:00,9.7060,9.7160,9.6870,9.7020,25200
2011-06-17 16:28:00,9.7060,9.7240,9.6860,9.7110,46004
2011-06-17 16:27:00,9.7060,9.7160,9.6880,9.7030,19600
2011-06-17 16:26:00,9.7140,9.7240,9.6870,9.7110,1272292
2011-06-17 16:25:00,9.7040,9.7140,9.6850,9.7010,75404
2011-06-17 16:24:00,9.7040,9.7240,9.6840,9.6990,168168
2011-06-17 16:23:00,9.7040,9.7140,9.6860,9.7010,61600
2011-06-17 16:22:00,9.7140,9.7240,9.6850,9.7010,919604
2011-06-17 16:21:00,9.7040,9.7140,9.6850,9.7010,11200
2011-06-17 16:20:00,9.7130,9.7240,9.6850,9.7110,404488
2011-06-17 16:19:00,9.7140,9.7520,9.6850,9.7110,73164
2011-06-17 16:18:00,9.7040,9.7240,9.6850,9.7110,3375848
2011-06-17 16:17:00,9.7040,9.7140,9.6860,9.7010,30800
2011-06-17 16:16:00,9.7040,9.7240,9.6850,9.7000,156352
2011-06-17 16:15:00,9.7150,9.7400,9.6840,9.7010,265160
2011-06-17 16:14:00,9.7140,9.7240,9.6850,9.7000,1218280
2011-06-17 16:13:00,9.7030,9.7240,9.6850,9.7110,60424
2011-06-17 16:12:00,9.7030,9.7240,9.6840,9.7000,69552
2011-06-17 16:11:00,9.7140,9.7240,9.6820,9.7110,39396
2011-06-17 16:10:00,9.7140,9.7240,9.6840,9.6990,722680
2011-06-17 16:09:00,9.7060,9.7150,9.6860,9.7010,28000
2011-06-17 16:07:00,9.7040,9.7140,9.6860,9.7010,70000
2011-06-17 16:06:00,9.7040,9.7140,9.6840,9.7010,224000
2011-06-17 16:05:00,9.7040,9.7240,9.6850,9.7010,45220
2011-06-17 16:04:00,9.7050,9.7160,9.6850,9.7020,76188
2011-06-17 16:03:00,9.7060,9.7690,9.6840,9.7020,146944
2011-06-17 16:02:00,9.7080,9.7180,9.6860,9.7020,165200
2011-06-17 16:01:00,9.7130,9.7690,9.6920,9.7070,80724
2011-06-17 16:00:00,9.7100,9.7290,9.6870,9.7120,30727284
2011-06-17 15:59:00,9.7120,9.7230,9.6840,9.7090,7346108
2011-06-17 15:58:00,9.7150,9.7270,9.6920,9.7080,5304460
2011-06-17 15:57:00,9.7140,9.7250,9.6940,9.7110,2942324
2011-06-17 15:56:00,9.7140,9.7250,9.6950,9.7110,1842372
2011-06-17 15:55:00,9.7160,9.7270,9.6940,9.7110,2339344
2011-06-17 15:54:00,9.7140,9.7260,9.6920,9.7130,1879080
2011-06-17 15:53:00,9.7170,9.7260,9.6940,9.7110,980840
2011-06-17 15:52:00,9.7160,9.7280,9.6960,9.7130,1244012
2011-06-17 15:51:00,9.7160,9.7310,9.6960,9.7120,1753332
2011-06-17 15:50:00,9.7110,9.7300,9.6910,9.7130,2491048
2011-06-17 15:49:00,9.7140,9.7260,9.6910,9.7080,2153312
2011-06-17 15:48:00,9.7210,9.7310,9.6950,9.7100,2708888
2011-06-17 15:47:00,9.7140,9.7300,9.6910,9.7170,2721348
2011-06-17 15:46:00,9.7260,9.7360,9.6940,9.7100,1498532
2011-06-17 15:45:00,9.7150,9.7370,9.6960,9.7220,3029012
2011-06-17 15:44:00,9.7130,9.7260,9.6900,9.7110,1493772
2011-06-17 15:43:00,9.7140,9.7260,9.6910,9.7090,1173340
2011-06-17 15:42:00,9.7120,9.7260,9.6910,9.7100,1314908
2011-06-17 15:41:00,9.7050,9.7290,9.6850,9.7090,2324616
2011-06-17 15:40:00,9.7090,9.7210,9.6850,9.7010,1496292
2011-06-17 15:39:00,9.7110,9.7280,9.6890,9.7060,2060968
2011-06-17 15:38:00,9.7120,9.7280,9.6920,9.7090,1423520
2011-06-17 15:37:00,9.7130,9.7300,9.6880,9.7080,1608600
2011-06-17 15:36:00,9.7030,9.7230,9.6810,9.7100,1211616
2011-06-17 15:35:00,9.7050,9.7150,9.6780,9.7000,2045400
2011-06-17 15:34:00,9.7060,9.7190,9.6840,9.7010,1559516
2011-06-17 15:33:00,9.7130,9.7250,9.6880,9.7030,978572
2011-06-17 15:32:00,9.7160,9.7290,9.6900,9.7080,807604
2011-06-17 15:31:00,9.7220,9.7330,9.6960,9.7150,840252
2011-06-17 15:30:00,9.7230,9.7350,9.6970,9.7180,1036364
2011-06-17 15:29:00,9.7270,9.7420,9.7000,9.7190,1332240
2011-06-17 15:28:00,9.7280,9.7410,9.7010,9.7240,1932616
2011-06-17 15:27:00,9.7190,9.7390,9.6980,9.7250,2187304
2011-06-17 15:26:00,9.7130,9.7310,9.6890,9.7160,1622180
2011-06-17 15:25:00,9.7100,9.7230,9.6890,9.7090,1437436
2011-06-17 15:24:00,9.7180,9.7280,9.6870,9.7080,1450176
2011-06-17 15:23:00,9.7120,9.7280,9.6890,9.7140,784252
2011-06-17 15:22:00,9.7070,9.7230,9.6870,9.7080,645204
2011-06-17 15:21:00,9.7140,9.7270,9.6850,9.7020,1215900
2011-06-17 15:20:00,9.6990,9.7270,9.6800,9.7110,2489116
2011-06-17 15:19:00,9.6980,9.7130,9.6780,9.6960,1526084
2011-06-17 15:18:00,9.6930,9.7120,9.6650,9.6960,2347100
2011-06-17 15:17:00,9.6940,9.7050,9.6650,9.6890,3579492
2011-06-17 15:16:00,9.6960,9.7100,9.6740,9.6900,1446928
2011-06-17 15:15:00,9.7090,9.7200,9.6750,9.6940,5110420
2011-06-17 15:14:00,9.7050,9.7200,9.6850,9.7030,956564
2011-06-17 15:13:00,9.7070,9.7180,9.6840,9.7010,2310140
2011-06-17 15:12:00,9.7080,9.7200,9.6860,9.7040,1538292
2011-06-17 15:11:00,9.7110,9.7250,9.6870,9.7050,1260644
2011-06-17 15:10:00,9.7110,9.7240,9.6890,9.7080,1605968
2011-06-17 15:09:00,9.7200,9.7300,9.6900,9.7080,1707048
2011-06-17 15:08:00,9.7190,9.7320,9.6990,9.7140,808500
2011-06-17 15:07:00,9.7270,9.7380,9.7000,9.7150,1313228
2011-06-17 15:06:00,9.7300,9.7420,9.7060,9.7240,603120
2011-06-17 15:05:00,9.7310,9.7410,9.7060,9.7260,301224
2011-06-17 15:04:00,9.7270,9.7430,9.7080,9.7290,966392
2011-06-17 15:03:00,9.7260,9.7390,9.7040,9.7250,649964
2011-06-17 15:02:00,9.7310,9.7410,9.7020,9.7220,1217412
2011-06-17 15:01:00,9.7370,9.7460,9.7120,9.7280,745640
2011-06-17 15:00:00,9.7390,9.7540,9.7140,9.7330,1142876
2011-06-17 14:59:00,9.7380,9.7490,9.7140,9.7330,539532
2011-06-17 14:58:00,9.7390,9.7530,9.7160,9.7360,696920
2011-06-17 14:57:00,9.7360,9.7500,9.7180,9.7350,588672
2011-06-17 14:56:00,9.7310,9.7490,9.7110,9.7330,591640
2011-06-17 14:55:00,9.7340,9.7450,9.7090,9.7280,621040
2011-06-17 14:54:00,9.7360,9.7460,9.7120,9.7280,539896
2011-06-17 14:53:00,9.7380,9.7490,9.7150,9.7320,599956
2011-06-17 14:52:00,9.7340,9.7520,9.7140,9.7350,1352148
2011-06-17 14:51:00,9.7270,9.7450,9.7070,9.7310,1648472
2011-06-17 14:50:00,9.7300,9.7410,9.7060,9.7220,680148
2011-06-17 14:49:00,9.7240,9.7430,9.7050,9.7250,791308
2011-06-17 14:48:00,9.7210,9.7360,9.7010,9.7210,527828
2011-06-17 14:47:00,9.7270,9.7370,9.7000,9.7170,454076
2011-06-17 14:46:00,9.7180,9.7390,9.6990,9.7230,1417948
2011-06-17 14:45:00,9.7270,9.7360,9.7000,9.7150,1509452
2011-06-17 14:44:00,9.7280,9.7420,9.7050,9.7230,912912
2011-06-17 14:43:00,9.7320,9.7450,9.7100,9.7250,368928
2011-06-17 14:42:00,9.7340,9.7440,9.7100,9.7260,661640
2011-06-17 14:41:00,9.7360,9.7470,9.7140,9.7300,490588
2011-06-17 14:40:00,9.7380,9.7490,9.7150,9.7310,489356
2011-06-17 14:39:00,9.7360,9.7490,9.7150,9.7350,544040
2011-06-17 14:38:00,9.7340,9.7480,9.7140,9.7320,622692
2011-06-17 14:37:00,9.7320,9.7460,9.7120,9.7310,676760
2011-06-17 14:36:00,9.7330,9.7430,9.7100,9.7280,854700
2011-06-17 14:35:00,9.7350,9.7470,9.7130,9.7300,828072
2011-06-17 14:34:00,9.7390,9.7490,9.7160,9.7320,748944
2011-06-17 14:33:00,9.7460,9.7570,9.7200,9.7360,311500
2011-06-17 14:32:00,9.7430,9.7560,9.7210,9.7430,332136
2011-06-17 14:31:00,9.7440,9.7560,9.7210,9.7400,653884
2011-06-17 14:30:00,9.7480,9.7610,9.7220,9.7410,577500
2011-06-17 14:29:00,9.7450,9.7610,9.7260,9.7450,825020
2011-06-17 14:28:00,9.7440,9.7550,9.7220,9.7400,751016
2011-06-17 14:27:00,9.7410,9.7580,9.7210,9.7410,598668
2011-06-17 14:26:00,9.7400,9.7520,9.7200,9.7360,312956
2011-06-17 14:25:00,9.7420,9.7520,9.7150,9.7360,1099028
2011-06-17 14:24:00,9.7460,9.7560,9.7220,9.7390,424760
2011-06-17 14:23:00,9.7460,9.7580,9.7250,9.7420,328440
2011-06-17 14:22:00,9.7450,9.7580,9.7240,9.7410,765436
2011-06-17 14:21:00,9.7480,9.7640,9.7250,9.7410,1404984
2011-06-17 14:20:00,9.7430,9.7580,9.7240,9.7440,380128
2011-06-17 14:19:00,9.7480,9.7660,9.7240,9.7400,1140468
2011-06-17 14:18:00,9.7360,9.7580,9.7150,9.7450,1129240
2011-06-17 14:17:00,9.7370,9.7470,9.7150,9.7300,312200
2011-06-17 14:16:00,9.7290,9.7470,9.7090,9.7310,684516
2011-06-17 14:15:00,9.7270,9.7420,9.7080,9.7250,347816
2011-06-17 14:14:00,9.7240,9.7390,9.7050,9.7250,299852
2011-06-17 14:13:00,9.7290,9.7390,9.7050,9.7220,881580
2011-06-17 14:12:00,9.7350,9.7450,9.7100,9.7280,314300
2011-06-17 14:11:00,9.7340,9.7460,9.7120,9.7300,337120
2011-06-17 14:10:00,9.7310,9.7450,9.7110,9.7300,331716
2011-06-17 14:09:00,9.7310,9.7420,9.7090,9.7280,338436
2011-06-17 14:08:00,9.7350,9.7450,9.7090,9.7290,539420
2011-06-17 14:07:00,9.7380,9.7510,9.7150,9.7300,879200
2011-06-17 14:06:00,9.7410,9.7500,9.7190,9.7340,420196
2011-06-17 14:05:00,9.7340,9.7510,9.7140,9.7340,621292
2011-06-17 14:04:00,9.7360,9.7460,9.7110,9.7300,1183532
2011-06-17 14:03:00,9.7350,9.7460,9.7150,9.7310,268380
2011-06-17 14:02:00,9.7400,9.7510,9.7150,9.7320,502124
2011-06-17 14:01:00,9.7450,9.7560,9.7180,9.7360,977452
2011-06-17 14:00:00,9.7370,9.7550,9.7180,9.7420,872116
2011-06-17 13:59:00,9.7380,9.7520,9.7180,9.7330,603848
2011-06-17 13:58:00,9.7330,9.7510,9.7140,9.7340,1410584
2011-06-17 13:57:00,9.7310,9.7420,9.7040,9.7280,547120
2011-06-17 13:56:00,9.7290,9.7430,9.7080,9.7260,610680
2011-06-17 13:55:00,9.7300,9.7430,9.7100,9.7260,305620
2011-06-17 13:54:00,9.7290,9.7440,9.7100,9.7260,416220
2011-06-17 13:53:00,9.7290,9.7440,9.7090,9.7250,411768
2011-06-17 13:52:00,9.7250,9.7420,9.7050,9.7260,402108
2011-06-17 13:51:00,9.7300,9.7400,9.7050,9.7220,774200
2011-06-17 13:50:00,9.7360,9.7460,9.7100,9.7250,525420
2011-06-17 13:49:00,9.7280,9.7460,9.7090,9.7310,328552
2011-06-17 13:48:00,9.7340,9.7460,9.7080,9.7250,417060
2011-06-17 13:47:00,9.7340,9.7450,9.7100,9.7300,394576
2011-06-17 13:46:00,9.7320,9.7460,9.7110,9.7300,228060
2011-06-17 13:45:00,9.7330,9.7510,9.7070,9.7300,855120
2011-06-17 13:44:00,9.7320,9.7470,9.7120,9.7290,894264
2011-06-17 13:43:00,9.7380,9.7480,9.7070,9.7290,1054256
2011-06-17 13:42:00,9.7490,9.7590,9.7170,9.7340,1012620
2011-06-17 13:41:00,9.7500,9.7640,9.7270,9.7430,694316
2011-06-17 13:40:00,9.7560,9.7670,9.7300,9.7470,607684
2011-06-17 13:39:00,9.7570,9.7710,9.7350,9.7530,1062320
2011-06-17 13:38:00,9.7570,9.7680,9.7350,9.7540,666680
2011-06-17 13:37:00,9.7500,9.7680,9.7310,9.7520,353052
2011-06-17 13:36:00,9.7500,9.7660,9.7290,9.7470,554400
2011-06-17 13:35:00,9.7500,9.7610,9.7250,9.7460,674800
2011-06-17 13:34:00,9.7530,9.7660,9.7310,9.7470,526120
2011-06-17 13:33:00,9.7490,9.7650,9.7230,9.7490,1212540
2011-06-17 13:32:00,9.7480,9.7640,9.7280,9.7460,1711164
2011-06-17 13:31:00,9.7460,9.7580,9.7230,9.7440,1023652
2011-06-17 13:30:00,9.7410,9.7560,9.7200,9.7410,963396
2011-06-17 13:29:00,9.7390,9.7540,9.7180,9.7360,1249080
2011-06-17 13:28:00,9.7310,9.7520,9.7120,9.7350,1738884
2011-06-17 13:27:00,9.7240,9.7440,9.7050,9.7300,1239644
2011-06-17 13:26:00,9.7190,9.7340,9.6990,9.7210,1075592
2011-06-17 13:25:00,9.7240,9.7340,9.6960,9.7150,539056
2011-06-17 13:24:00,9.7250,9.7350,9.7000,9.7190,447888
2011-06-17 13:23:00,9.7210,9.7360,9.7000,9.7210,447188
2011-06-17 13:22:00,9.7220,9.7360,9.7010,9.7160,898408
2011-06-17 13:21:00,9.7140,9.7330,9.6940,9.7190,939176
2011-06-17 13:20:00,9.7230,9.7330,9.6950,9.7110,542864
2011-06-17 13:19:00,9.7170,9.7330,9.6980,9.7190,407652
2011-06-17 13:18:00,9.7200,9.7320,9.6960,9.7150,606760
2011-06-17 13:17:00,9.7230,9.7360,9.7020,9.7170,605780
2011-06-17 13:16:00,9.7290,9.7420,9.7040,9.7190,724080
2011-06-17 13:15:00,9.7230,9.7400,9.7010,9.7250,880908
2011-06-17 13:14:00,9.7250,9.7370,9.7050,9.7200,667828
2011-06-17 13:13:00,9.7240,9.7400,9.7040,9.7210,601328
2011-06-17 13:12:00,9.7240,9.7350,9.7010,9.7210,851676
2011-06-17 13:11:00,9.7180,9.7340,9.6970,9.7200,1128120
2011-06-17 13:10:00,9.7190,9.7300,9.6980,9.7140,496580
2011-06-17 13:09:00,9.7150,9.7320,9.6960,9.7140,935480
2011-06-17 13:08:00,9.7150,9.7310,9.6930,9.7110,1283240
2011-06-17 13:07:00,9.7050,9.7260,9.6840,9.7120,3387020
2011-06-17 13:06:00,9.7100,9.7210,9.6860,9.7020,1777272
2011-06-17 13:05:00,9.7100,9.7260,9.6880,9.7060,2080008
2011-06-17 13:04:00,9.7200,9.7300,9.6880,9.7060,3067848
2011-06-17 13:03:00,9.7220,9.7360,9.7000,9.7160,1168328
2011-06-17 13:02:00,9.7230,9.7340,9.7010,9.7190,931308
2011-06-17 13:01:00,9.7240,9.7360,9.7000,9.7190,772716
2011-06-17 13:00:00,9.7280,9.7380,9.7010,9.7190,1273188
2011-06-17 12:59:00,9.7300,9.7410,9.7050,9.7240,992404
2011-06-17 12:58:00,9.7360,9.7460,9.7090,9.7270,568960
2011-06-17 12:57:00,9.7270,9.7470,9.7070,9.7330,1632568
2011-06-17 12:56:00,9.7280,9.7390,9.7040,9.7240,724640
2011-06-17 12:55:00,9.7230,9.7380,9.7020,9.7240,1552656
2011-06-17 12:54:00,9.7280,9.7390,9.7020,9.7200,1403864
2011-06-17 12:53:00,9.7380,9.7490,9.7090,9.7260,1772960
2011-06-17 12:52:00,9.7420,9.7530,9.7140,9.7320,1931020
2011-06-17 12:51:00,9.7480,9.7610,9.7230,9.7400,1281980
2011-06-17 12:50:00,9.7510,9.7610,9.7250,9.7440,534800
2011-06-17 12:49:00,9.7590,9.7690,9.7300,9.7460,646072
2011-06-17 12:48:00,9.7650,9.7760,9.7370,9.7530,603876
2011-06-17 12:47:00,9.7620,9.7810,9.7430,9.7620,894740
2011-06-17 12:46:00,9.7570,9.7720,9.7380,9.7580,783692
2011-06-17 12:45:00,9.7520,9.7690,9.7320,9.7540,714924
2011-06-17 12:44:00,9.7540,9.7660,9.7320,9.7480,305228
2011-06-17 12:43:00,9.7490,9.7670,9.7280,9.7500,489944
2011-06-17 12:42:00,9.7510,9.7640,9.7240,9.7470,1227828
2011-06-17 12:41:00,9.7460,9.7620,9.7260,9.7480,420112
2011-06-17 12:40:00,9.7470,9.7660,9.7270,9.7440,660212
2011-06-17 12:39:00,9.7470,9.7630,9.7250,9.7440,810096
2011-06-17 12:38:00,9.7510,9.7620,9.7250,9.7460,740880
2011-06-17 12:37:00,9.7460,9.7670,9.7270,9.7450,604296
2011-06-17 12:36:00,9.7480,9.7600,9.7250,9.7410,630560
2011-06-17 12:35:00,9.7520,9.7640,9.7140,9.7450,2687944
2011-06-17 12:34:00,9.7520,9.7640,9.7310,9.7500,481096
2011-06-17 12:33:00,9.7590,9.7720,9.7330,9.7490,332640
2011-06-17 12:32:00,9.7540,9.7680,9.7340,9.7530,701148
2011-06-17 12:31:00,9.7620,9.7720,9.7340,9.7500,549892
2011-06-17 12:30:00,9.7620,9.7790,9.7400,9.7590,973756
2011-06-17 12:29:00,9.7600,9.7720,9.7390,9.7580,503048
2011-06-17 12:28:00,9.7630,9.7730,9.7370,9.7570,881580
2011-06-17 12:27:00,9.7460,9.7720,9.7260,9.7580,1286404
2011-06-17 12:26:00,9.7450,9.7580,9.7240,9.7430,809144
2011-06-17 12:25:00,9.7460,9.7590,9.7210,9.7410,1954568
2011-06-17 12:24:00,9.7640,9.7740,9.7250,9.7420,2728404
2011-06-17 12:23:00,9.7730,9.7820,9.7440,9.7600,899696
2011-06-17 12:22:00,9.7700,9.7840,9.7490,9.7680,538104
2011-06-17 12:21:00,9.7710,9.7820,9.7450,9.7650,1564500
2011-06-17 12:20:00,9.7820,9.7930,9.7500,9.7690,857360
2011-06-17 12:19:00,9.7880,9.7980,9.7630,9.7780,577948
2011-06-17 12:18:00,9.7880,9.8000,9.7680,9.7840,127400
2011-06-17 12:17:00,9.7870,9.7980,9.7650,9.7840,309820
2011-06-17 12:16:00,9.7890,9.8010,9.7670,9.7830,537040
2011-06-17 12:15:00,9.7920,9.8020,9.7700,9.7880,211960
2011-06-17 12:14:00,9.7910,9.8040,9.7720,9.7880,218344
2011-06-17 12:13:00,9.7910,9.8040,9.7710,9.7890,928872
2011-06-17 12:12:00,9.7920,9.8030,9.7700,9.7860,386036
2011-06-17 12:11:00,9.7940,9.8050,9.7710,9.7880,695660
2011-06-17 12:10:00,9.7930,9.8050,9.7710,9.7900,643888
2011-06-17 12:09:00,9.7980,9.8080,9.7710,9.7890,625632
2011-06-17 12:08:00,9.7960,9.8140,9.7730,9.7930,1302196
2011-06-17 12:07:00,9.7810,9.8070,9.7610,9.7930,1130052
2011-06-17 12:06:00,9.7850,9.7950,9.7590,9.7760,208180
2011-06-17 12:05:00,9.7780,9.7980,9.7570,9.7820,628488
2011-06-17 12:04:00,9.7890,9.7990,9.7580,9.7760,372764
2011-06-17 12:03:00,9.7870,9.8000,9.7680,9.7850,423052
2011-06-17 12:02:00,9.7780,9.8000,9.7580,9.7830,474740
2011-06-17 12:01:00,9.7810,9.7910,9.7530,9.7750,2045988
2011-06-17 12:00:00,9.7840,9.8020,9.7620,9.7790,1118264
2011-06-17 11:59:00,9.7850,9.7970,9.7620,9.7800,347900
2011-06-17 11:58:00,9.7810,9.7970,9.7620,9.7820,266588
2011-06-17 11:57:00,9.7880,9.8000,9.7630,9.7790,654948
2011-06-17 11:56:00,9.7810,9.7980,9.7620,9.7840,207116
2011-06-17 11:55:00,9.7860,9.7990,9.7620,9.7770,633304
2011-06-17 11:54:00,9.7790,9.8000,9.7600,9.7830,480452
2011-06-17 11:53:00,9.7840,9.8000,9.7600,9.7750,1207920
2011-06-17 11:52:00,9.7780,9.7950,9.7590,9.7800,253512
2011-06-17 11:51:00,9.7910,9.8020,9.7540,9.7750,923076
2011-06-17 11:50:00,9.7880,9.8010,9.7650,9.7870,659512
2011-06-17 11:49:00,9.7820,9.7990,9.7630,9.7860,912632
2011-06-17 11:48:00,9.7780,9.7930,9.7590,9.7800,569548
2011-06-17 11:47:00,9.7810,9.7940,9.7570,9.7740,801584
2011-06-17 11:46:00,9.7850,9.7950,9.7610,9.7770,853608
2011-06-17 11:45:00,9.7840,9.7960,9.7620,9.7800,760200
2011-06-17 11:44:00,9.7880,9.8010,9.7570,9.7810,955136
2011-06-17 11:43:00,9.7860,9.7980,9.7640,9.7840,1259244
2011-06-17 11:42:00,9.7890,9.7990,9.7630,9.7820,364644
2011-06-17 11:41:00,9.7790,9.8000,9.7600,9.7850,582316
2011-06-17 11:40:00,9.7790,9.7890,9.7530,9.7760,789180
2011-06-17 11:39:00,9.7870,9.7970,9.7600,9.7760,264376
2011-06-17 11:38:00,9.7880,9.8020,9.7660,9.7840,251104
2011-06-17 11:37:00,9.7820,9.7990,9.7610,9.7850,486584
2011-06-17 11:36:00,9.7950,9.8080,9.7620,9.7790,647976
2011-06-17 11:35:00,9.7910,9.8060,9.7700,9.7910,700840
2011-06-17 11:34:00,9.7880,9.8000,9.7670,9.7870,338324
2011-06-17 11:33:00,9.7850,9.8020,9.7650,9.7860,739060
2011-06-17 11:32:00,9.7850,9.7970,9.7600,9.7800,2041648
2011-06-17 11:31:00,9.7980,9.8080,9.7650,9.7800,939876
2011-06-17 11:30:00,9.7990,9.8110,9.7750,9.7940,1521912
2011-06-17 11:29:00,9.8020,9.8180,9.7770,9.7940,1460984
2011-06-17 11:28:00,9.7950,9.8100,9.7760,9.7970,850584
2011-06-17 11:27:00,9.7910,9.8080,9.7710,9.7950,520856
2011-06-17 11:26:00,9.8020,9.8120,9.7710,9.7870,608916
2011-06-17 11:25:00,9.8010,9.8160,9.7800,9.7980,746200
2011-06-17 11:24:00,9.8010,9.8190,9.7790,9.7980,889280
2011-06-17 11:23:00,9.7940,9.8130,9.7730,9.7990,685748
2011-06-17 11:22:00,9.8010,9.8110,9.7720,9.7900,713384
2011-06-17 11:21:00,9.8040,9.8140,9.7770,9.7970,626808
2011-06-17 11:20:00,9.8020,9.8200,9.7810,9.8000,733124
2011-06-17 11:19:00,9.8010,9.8180,9.7800,9.7970,1097600
2011-06-17 11:18:00,9.7940,9.8170,9.7750,9.7980,1312556
2011-06-17 11:17:00,9.7940,9.8190,9.7730,9.7890,1857632
2011-06-17 11:16:00,9.7900,9.8090,9.7700,9.7910,1304744
2011-06-17 11:15:00,9.7900,9.8020,9.7620,9.7880,721476
2011-06-17 11:14:00,9.7880,9.8020,9.7670,9.7860,772660
2011-06-17 11:13:00,9.7760,9.7980,9.7570,9.7830,1175440
2011-06-17 11:12:00,9.7760,9.7960,9.7570,9.7730,1460368
2011-06-17 11:11:00,9.7650,9.7860,9.7420,9.7720,1523760
2011-06-17 11:10:00,9.7590,9.7750,9.7370,9.7620,1364440
2011-06-17 11:09:00,9.7730,9.7830,9.7410,9.7560,1070944
2011-06-17 11:08:00,9.7780,9.7900,9.7500,9.7700,731752
2011-06-17 11:07:00,9.7760,9.7880,9.7490,9.7740,819672
2011-06-17 11:06:00,9.7720,9.7920,9.7520,9.7720,1135568
2011-06-17 11:05:00,9.7690,9.7870,9.7440,9.7690,1332184
2011-06-17 11:04:00,9.7780,9.7890,9.7450,9.7630,1493884
2011-06-17 11:03:00,9.7700,9.7920,9.7510,9.7760,1354304
2011-06-17 11:02:00,9.7640,9.7820,9.7410,9.7680,2285864
2011-06-17 11:01:00,9.7840,9.7940,9.7450,9.7610,1583708
2011-06-17 11:00:00,9.7820,9.7970,9.7590,9.7800,1122632
2011-06-17 10:59:00,9.8010,9.8150,9.7630,9.7790,1315832
2011-06-17 10:58:00,9.8030,9.8190,9.7830,9.7990,672560
2011-06-17 10:57:00,9.8050,9.8200,9.7800,9.8000,929572
2011-06-17 10:56:00,9.7980,9.8150,9.7750,9.8010,1179696
2011-06-17 10:55:00,9.7950,9.8110,9.7760,9.7950,384160
2011-06-17 10:54:00,9.7970,9.8090,9.7730,9.7910,1293936
2011-06-17 10:53:00,9.7980,9.8090,9.7710,9.7940,1136660
2011-06-17 10:52:00,9.8090,9.8190,9.7770,9.7940,723520
2011-06-17 10:51:00,9.8020,9.8230,9.7830,9.8060,950684
2011-06-17 10:50:00,9.8140,9.8280,9.7830,9.7980,1957816
2011-06-17 10:49:00,9.7990,9.8260,9.7780,9.8110,2603636
2011-06-17 10:48:00,9.7970,9.8150,9.7720,9.7960,1864772
2011-06-17 10:47:00,9.7790,9.8060,9.7570,9.7930,1497300
2011-06-17 10:46:00,9.7720,9.7930,9.7520,9.7750,1609188
2011-06-17 10:45:00,9.7770,9.7880,9.7520,9.7680,870548
2011-06-17 10:44:00,9.7750,9.7940,9.7540,9.7740,1213156
2011-06-17 10:43:00,9.7740,9.7950,9.7540,9.7720,1249528
2011-06-17 10:42:00,9.7870,9.8000,9.7530,9.7690,1470840
2011-06-17 10:41:00,9.7880,9.8050,9.7670,9.7850,953568
2011-06-17 10:40:00,9.7960,9.8100,9.7680,9.7880,2570512
2011-06-17 10:39:00,9.7770,9.8170,9.7530,9.7920,4231696
2011-06-17 10:38:00,9.7610,9.7890,9.7370,9.7730,2650900
2011-06-17 10:37:00,9.7470,9.7730,9.7280,9.7580,2597616
2011-06-17 10:36:00,9.7290,9.7560,9.7090,9.7430,2334360
2011-06-17 10:35:00,9.7330,9.7450,9.7000,9.7250,2611448
2011-06-17 10:34:00,9.7470,9.7570,9.7070,9.7280,2940504
2011-06-17 10:33:00,9.7550,9.7700,9.7280,9.7430,1475852
2011-06-17 10:32:00,9.7540,9.7650,9.7280,9.7480,1256584
2011-06-17 10:31:00,9.7560,9.7720,9.7280,9.7490,2153340
2011-06-17 10:30:00,9.7480,9.7660,9.7230,9.7510,1949192
2011-06-17 10:29:00,9.7400,9.7590,9.7160,9.7450,2486372
2011-06-17 10:28:00,9.7310,9.7510,9.7080,9.7370,3115364
2011-06-17 10:27:00,9.7190,9.7470,9.7000,9.7280,4392584
2011-06-17 10:26:00,9.7430,9.7570,9.6980,9.7140,4181576
2011-06-17 10:25:00,9.7640,9.7740,9.7220,9.7390,2481808
2011-06-17 10:24:00,9.7560,9.7800,9.7350,9.7600,2332764
2011-06-17 10:23:00,9.7810,9.7930,9.7350,9.7520,2772728
2011-06-17 10:22:00,9.7830,9.8000,9.7600,9.7790,720440
2011-06-17 10:21:00,9.7820,9.8030,9.7630,9.7810,1032388
2011-06-17 10:20:00,9.7890,9.7990,9.7550,9.7810,1152424
2011-06-17 10:19:00,9.7760,9.8080,9.7560,9.7830,1853964
2011-06-17 10:18:00,9.7760,9.7950,9.7500,9.7720,2509472
2011-06-17 10:17:00,9.7840,9.7950,9.7410,9.7710,3752056
2011-06-17 10:16:00,9.8070,9.8180,9.7580,9.7810,2716140
2011-06-17 10:15:00,9.8170,9.8290,9.7780,9.8040,2334780
2011-06-17 10:14:00,9.8190,9.8330,9.7940,9.8150,1868160
2011-06-17 10:13:00,9.8130,9.8310,9.7930,9.8150,1264648
2011-06-17 10:12:00,9.8230,9.8380,9.7920,9.8110,1482012
2011-06-17 10:11:00,9.8220,9.8440,9.7970,9.8210,2769816
2011-06-17 10:10:00,9.7930,9.8320,9.7730,9.8180,2649528
2011-06-17 10:09:00,9.7880,9.8090,9.7670,9.7890,2038512
2011-06-17 10:08:00,9.8080,9.8170,9.7640,9.7830,3334940
2011-06-17 10:07:00,9.8030,9.8240,9.7730,9.7890,2607500
2011-06-17 10:06:00,9.8110,9.8340,9.7770,9.7990,3717756
2011-06-17 10:05:00,9.8330,9.8470,9.7900,9.8070,1820560
2011-06-17 10:04:00,9.8170,9.8430,9.7950,9.8290,1433712
2011-06-17 10:03:00,9.8180,9.8430,9.7920,9.8120,3223416
2011-06-17 10:02:00,9.8130,9.8280,9.7830,9.8140,3330180
2011-06-17 10:01:00,9.8470,9.8600,9.7920,9.8080,4564252
2011-06-17 10:00:00,9.8310,9.8670,9.8100,9.8440,3802708
2011-06-17 09:59:00,9.8360,9.8510,9.8110,9.8270,1545152
2011-06-17 09:58:00,9.8400,9.8590,9.8160,9.8330,1987496
2011-06-17 09:57:00,9.8570,9.8690,9.8100,9.8370,3788596
2011-06-17 09:56:00,9.8670,9.8870,9.8360,9.8530,2456860
2011-06-17 09:55:00,9.8670,9.8880,9.8370,9.8630,2676828
2011-06-17 09:54:00,9.8790,9.8890,9.8430,9.8610,852096
2011-06-17 09:53:00,9.8810,9.8970,9.8560,9.8750,863800
2011-06-17 09:52:00,9.8820,9.9010,9.8600,9.8770,1316084
2011-06-17 09:51:00,9.8680,9.9020,9.8490,9.8750,1858892
2011-06-17 09:50:00,9.8650,9.8880,9.8450,9.8640,1459444
2011-06-17 09:49:00,9.8570,9.8790,9.8310,9.8610,2514484
2011-06-17 09:48:00,9.8860,9.8970,9.8360,9.8520,3027752
2011-06-17 09:47:00,9.8910,9.9010,9.8630,9.8830,952728
2011-06-17 09:46:00,9.9000,9.9150,9.8720,9.8890,1118656
2011-06-17 09:45:00,9.8790,9.9150,9.8590,9.8940,2495556
2011-06-17 09:44:00,9.8760,9.9020,9.8550,9.8740,1864800
2011-06-17 09:43:00,9.8990,9.9120,9.8560,9.8720,2888732
2011-06-17 09:42:00,9.9050,9.9150,9.8790,9.8950,1385748
2011-06-17 09:41:00,9.8960,9.9170,9.8720,9.9020,1990940
2011-06-17 09:40:00,9.8970,9.9120,9.8730,9.8910,2401028
2011-06-17 09:39:00,9.9080,9.9250,9.8750,9.8940,2624832
2011-06-17 09:38:00,9.9120,9.9260,9.8860,9.9040,2627800
2011-06-17 09:37:00,9.9170,9.9320,9.8930,9.9090,2769844
2011-06-17 09:36:00,9.9170,9.9300,9.8910,9.9150,2501352
2011-06-17 09:35:00,9.9000,9.9300,9.8810,9.9120,2402120
2011-06-17 09:34:00,9.9070,9.9260,9.8810,9.8980,3052420
2011-06-17 09:33:00,9.9290,9.9400,9.8880,9.9050,3472448
2011-06-17 09:32:00,9.9410,9.9560,9.9070,9.9230,3412024
2011-06-17 09:31:00,9.9520,9.9720,9.9190,9.9380,3726100
2011-06-17 09:30:00,9.9760,9.9930,9.9330,9.9480,5101824
2011-06-17 09:29:00,9.9730,9.9930,9.9500,9.9760,845992
2011-06-17 09:28:00,9.9410,9.9850,9.9190,9.9690,1121568
2011-06-17 09:27:00,9.9380,9.9490,9.9190,9.9350,35224
2011-06-17 09:26:00,9.9380,9.9480,9.9170,9.9340,28000
2011-06-17 09:25:00,9.9380,9.9480,9.9190,9.9350,2800
2011-06-17 09:24:00,9.9380,9.9480,9.9190,9.9350,14280
2011-06-17 09:23:00,9.9380,9.9480,9.9190,9.9350,16800
2011-06-17 09:22:00,9.9380,9.9480,9.9180,9.9340,8400
2011-06-17 09:21:00,9.9370,9.9480,9.9180,9.9340,14000
2011-06-17 09:20:00,9.9360,9.9460,9.9160,9.9330,53200
2011-06-17 09:19:00,9.9330,9.9430,9.9130,9.9300,14000
2011-06-17 09:18:00,9.9320,9.9430,9.9130,9.9290,19600
2011-06-17 09:17:00,9.9360,9.9460,9.9120,9.9280,16772
2011-06-17 09:16:00,9.9330,9.9430,9.9140,9.9290,2800
2011-06-17 09:15:00,9.9340,9.9440,9.9140,9.9290,41300
2011-06-17 09:14:00,9.9350,9.9460,9.9150,9.9300,61320
2011-06-17 09:13:00,9.9370,9.9490,9.9180,9.9350,22400
2011-06-17 09:12:00,9.9350,9.9450,9.9120,9.9290,60228
2011-06-17 09:11:00,9.9330,9.9450,9.9110,9.9290,97692
2011-06-17 09:10:00,9.9350,9.9450,9.9140,9.9290,55160
2011-06-17 09:09:00,9.9330,9.9440,9.9140,9.9300,28000
2011-06-17 09:08:00,9.9340,9.9440,9.9120,9.9270,25200
2011-06-17 09:07:00,9.9360,9.9460,9.9170,9.9330,2800
2011-06-17 09:06:00,9.9350,9.9460,9.9160,9.9320,5600
2011-06-17 09:04:00,9.9350,9.9450,9.9160,9.9310,5600
2011-06-17 09:03:00,9.9360,9.9460,9.9170,9.9320,8400
2011-06-17 09:02:00,9.9360,9.9460,9.9170,9.9330,2800
2011-06-17 09:01:00,9.9390,9.9490,9.9170,9.9330,22400
2011-06-17 09:00:00,9.9420,9.9530,9.9230,9.9390,5600
2011-06-17 08:58:00,9.9380,9.9520,9.9190,9.9380,11200
2011-06-17 08:56:00,9.9380,9.9480,9.9180,9.9330,8400
2011-06-17 08:55:00,9.9410,9.9530,9.9200,9.9390,8400
2011-06-17 08:54:00,9.9390,9.9490,9.9200,9.9360,5600
2011-06-17 08:53:00,9.9370,9.9490,9.9180,9.9330,20300
2011-06-17 08:52:00,9.9360,9.9460,9.9170,9.9330,11900
2011-06-17 08:50:00,9.9320,9.9480,9.9130,9.9330,14616
2011-06-17 08:49:00,9.9330,9.9430,9.9130,9.9280,44800
2011-06-17 08:48:00,9.9330,9.9430,9.9130,9.9300,30800
2011-06-17 08:47:00,9.9300,9.9450,9.9110,9.9320,9800
2011-06-17 08:46:00,9.9300,9.9400,9.9110,9.9260,14000
2011-06-17 08:45:00,9.9250,9.9400,9.9060,9.9240,31948
2011-06-17 08:44:00,9.9330,9.9430,9.9080,9.9240,12040
2011-06-17 08:43:00,9.9300,9.9400,9.9110,9.9270,5600
2011-06-17 08:42:00,9.9330,9.9430,9.9140,9.9300,2800
2011-06-17 08:41:00,9.9300,9.9430,9.9110,9.9290,21476
2011-06-17 08:40:00,9.9270,9.9370,9.9080,9.9240,2800
2011-06-17 08:39:00,9.9270,9.9380,9.9080,9.9240,16800
2011-06-17 08:38:00,9.9280,9.9380,9.9090,9.9240,2800
2011-06-17 08:37:00,9.9330,9.9430,9.9050,9.9210,12488
2011-06-17 08:36:00,9.9360,9.9460,9.9080,9.9240,11200
2011-06-17 08:35:00,9.9360,9.9480,9.9170,9.9340,27608
2011-06-17 08:34:00,9.9340,9.9480,9.9150,9.9340,57960
2011-06-17 08:33:00,9.9300,9.9450,9.9040,9.9240,71400
2011-06-17 08:32:00,9.9350,9.9450,9.9070,9.9220,15008
2011-06-17 08:31:00,9.9360,9.9460,9.9110,9.9270,46760
2011-06-17 08:30:00,9.9390,9.9490,9.9170,9.9330,5600
2011-06-17 08:29:00,9.9350,9.9480,9.9160,9.9340,75628
2011-06-17 08:28:00,9.9360,9.9490,9.9170,9.9340,35000
2011-06-17 08:27:00,9.9360,9.9460,9.9150,9.9300,15596
2011-06-17 08:26:00,9.9410,9.9510,9.9190,9.9360,65240
2011-06-17 08:25:00,9.9410,9.9510,9.9220,9.9370,19600
2011-06-17 08:24:00,9.9440,9.9560,9.9230,9.9390,34468
2011-06-17 08:23:00,9.9460,9.9560,9.9260,9.9420,67900
2011-06-17 08:22:00,9.9460,9.9560,9.9260,9.9420,19600
2011-06-17 08:21:00,9.9490,9.9610,9.9260,9.9420,30240
2011-06-17 08:20:00,9.9490,9.9590,9.9300,9.9450,8400
2011-06-17 08:19:00,9.9480,9.9610,9.9260,9.9470,116200
2011-06-17 08:18:00,9.9480,9.9610,9.9280,9.9470,30800
2011-06-17 08:17:00,9.9480,9.9580,9.9290,9.9440,4648
2011-06-17 08:16:00,9.9480,9.9580,9.9280,9.9440,2800
2011-06-17 08:15:00,9.9490,9.9600,9.9300,9.9460,3248
2011-06-17 08:14:00,9.9500,9.9600,9.9280,9.9440,8400
2011-06-17 08:13:00,9.9520,9.9620,9.9330,9.9480,2800
2011-06-17 08:12:00,9.9520,9.9670,9.9330,9.9530,5600
2011-06-17 08:11:00,9.9540,9.9640,9.9330,9.9490,6440
2011-06-17 08:10:00,9.9530,9.9670,9.9340,9.9500,107800
2011-06-17 08:09:00,9.9530,9.9630,9.9340,9.9500,9800
2011-06-17 08:08:00,9.9550,9.9650,9.9310,9.9460,77000
2011-06-17 08:07:00,9.9580,9.9680,9.9350,9.9510,46200
2011-06-17 08:05:00,9.9380,9.9680,9.9190,9.9540,57036
2011-06-17 08:04:00,9.9560,9.9660,9.9360,9.9520,8400
2011-06-17 08:03:00,9.9580,9.9690,9.9370,9.9550,38304
2011-06-17 08:02:00,9.9530,9.9690,9.9340,9.9520,35112
2011-06-17 08:01:00,9.9500,9.9630,9.9310,9.9490,16800
2011-06-17 08:00:00,9.9590,9.9690,9.9290,9.9440,55160
2011-06-17 07:57:00,9.9610,9.9710,9.9410,9.9570,2800
2011-06-17 07:56:00,9.9610,9.9710,9.9410,9.9570,11200
2011-06-17 07:55:00,9.9630,9.9760,9.9440,9.9620,30800
2011-06-17 07:53:00,9.9550,9.9650,9.9350,9.9510,8456
2011-06-17 07:52:00,9.9550,9.9650,9.9350,9.9510,35196
2011-06-17 07:50:00,9.9420,9.9560,9.9230,9.9420,16940
2011-06-17 07:48:00,9.9460,9.9560,9.9260,9.9420,33600
2011-06-17 07:45:00,9.9460,9.9560,9.9270,9.9430,7420
2011-06-17 07:41:00,9.9460,9.9560,9.9260,9.9420,5600
2011-06-17 07:40:00,9.9420,9.9530,9.9230,9.9390,5600
2011-06-17 07:38:00,9.9460,9.9560,9.9250,9.9410,9380
2011-06-17 07:37:00,9.9470,9.9570,9.9270,9.9430,14980
2011-06-17 07:36:00,9.9490,9.9630,9.9260,9.9470,22400
2011-06-17 07:34:00,9.9460,9.9560,9.9270,9.9420,5600
2011-06-17 07:33:00,9.9460,9.9560,9.9260,9.9420,4200
2011-06-17 07:32:00,9.9550,9.9650,9.9360,9.9510,2800
2011-06-17 07:31:00,9.9450,9.9590,9.9260,9.9450,16800
2011-06-17 07:30:00,9.9440,9.9560,9.9250,9.9410,30800
2011-06-17 07:28:00,9.9410,9.9510,9.9220,9.9370,2800
2011-06-17 07:26:00,9.9420,9.9540,9.9160,9.9400,36400
2011-06-17 07:23:00,9.9360,9.9460,9.9170,9.9320,5600
2011-06-17 07:22:00,9.9360,9.9460,9.9170,9.9320,5600
2011-06-17 07:21:00,9.9360,9.9460,9.9170,9.9320,5600
2011-06-17 07:19:00,9.9350,9.9450,9.9160,9.9310,4200
2011-06-17 07:17:00,9.9390,9.9490,9.9140,9.9300,11088
2011-06-17 07:15:00,9.9450,9.9550,9.9260,9.9410,8400
2011-06-17 07:11:00,9.9410,9.9510,9.9220,9.9370,5600
2011-06-17 07:09:00,9.9410,9.9510,9.9200,9.9360,5600
2011-06-17 07:08:00,9.9460,9.9560,9.9260,9.9420,5600
2011-06-17 07:07:00,9.9450,9.9550,9.9260,9.9420,2800
2011-06-17 07:05:00,9.9450,9.9550,9.9260,9.9420,2800
2011-06-17 07:04:00,9.9440,9.9560,9.9250,9.9400,103600
2011-06-17 07:03:00,9.9380,9.9490,9.9190,9.9350,36400
2011-06-17 07:00:00,9.9290,9.9390,9.9100,9.9250,2800
2011-06-17 06:59:00,9.9350,9.9480,9.9100,9.9250,19600
2011-06-17 06:58:00,9.9270,9.9370,9.9080,9.9240,44800
2011-06-17 06:56:00,9.9210,9.9310,9.9020,9.9170,14000
2011-06-17 06:55:00,9.9300,9.9400,9.9110,9.9270,2800
2011-06-17 06:44:00,9.9260,9.9400,9.9070,9.9270,5600
2011-06-17 06:35:00,9.9300,9.9400,9.9110,9.9270,5600
2011-06-17 06:30:00,9.9320,9.9470,9.9130,9.9330,8400
2011-06-17 06:03:00,9.8910,9.9010,9.8720,9.8870,2800
2011-06-16 19:59:00,9.9000,9.9100,9.8810,9.8960,19600
2011-06-16 19:58:00,9.8970,9.9070,9.8780,9.8930,2800
2011-06-16 19:52:00,9.9000,9.9100,9.8810,9.8960,3220
2011-06-16 19:48:00,9.9000,9.9100,9.8810,9.8960,60900
2011-06-16 19:47:00,9.9000,9.9100,9.8810,9.8960,11200
2011-06-16 19:46:00,9.8990,9.9090,9.8800,9.8960,11200
2011-06-16 19:44:00,9.8990,9.9090,9.8800,9.8950,2800
2011-06-16 19:43:00,9.8940,9.9040,9.8750,9.8900,2800
2011-06-16 19:40:00,9.8950,9.9050,9.8760,9.8910,11200
2011-06-16 19:38:00,9.8950,9.9050,9.8760,9.8910,2800
2011-06-16 19:37:00,9.8950,9.9050,9.8750,9.8910,2800
2011-06-16 19:35:00,9.8940,9.9040,9.8750,9.8900,2800
2011-06-16 19:30:00,9.8940,9.9070,9.8750,9.8930,5600
2011-06-16 19:29:00,9.8970,9.9070,9.8780,9.8930,2800
2011-06-16 19:28:00,9.8930,9.9090,9.8740,9.8950,43372
2011-06-16 19:27:00,9.8910,9.9020,9.8720,9.8890,50008
2011-06-16 19:26:00,9.8880,9.9010,9.8690,9.8870,8400
2011-06-16 19:25:00,9.8870,9.8980,9.8680,9.8840,8372
2011-06-16 19:24:00,9.8850,9.8950,9.8660,9.8810,3808
2011-06-16 19:23:00,9.8850,9.8950,9.8660,9.8810,26320
2011-06-16 19:21:00,9.8840,9.8940,9.8650,9.8800,11200
2011-06-16 19:19:00,9.8810,9.8910,9.8620,9.8770,18340
2011-06-16 19:16:00,9.8810,9.8910,9.8620,9.8770,2800
2011-06-16 19:15:00,9.8790,9.8910,9.8600,9.8770,15400
2011-06-16 19:13:00,9.8790,9.8890,9.8600,9.8750,2800
2011-06-16 19:10:00,9.8810,9.8910,9.8620,9.8770,2800
2011-06-16 19:09:00,9.8800,9.8900,9.8610,9.8760,2800
2011-06-16 19:08:00,9.8760,9.8890,9.8570,9.8750,21840
2011-06-16 19:07:00,9.8760,9.8860,9.8570,9.8720,2800
2011-06-16 19:06:00,9.8760,9.8860,9.8570,9.8720,2800
2011-06-16 19:04:00,9.8760,9.8860,9.8570,9.8720,2800
2011-06-16 19:02:00,9.8740,9.8840,9.8550,9.8710,2800
2011-06-16 18:58:00,9.8820,9.8920,9.8620,9.8780,2800
2011-06-16 18:54:00,9.8800,9.8900,9.8610,9.8760,8400
2011-06-16 18:49:00,9.8800,9.8910,9.8610,9.8770,8400
2011-06-16 18:41:00,9.8770,9.8870,9.8580,9.8740,14000
2011-06-16 18:40:00,9.8740,9.8840,9.8550,9.8700,2800
2011-06-16 18:36:00,9.8770,9.8870,9.8580,9.8740,5488
2011-06-16 18:35:00,9.8770,9.8870,9.8580,9.8740,2800
2011-06-16 18:30:00,9.8730,9.8830,9.8540,9.8700,2800
2011-06-16 18:23:00,9.8730,9.8830,9.8540,9.8690,5600
2011-06-16 18:10:00,9.8590,9.8690,9.8400,9.8560,2664732
2011-06-16 18:09:00,9.8810,9.8930,9.8620,9.8790,11452
2011-06-16 18:06:00,9.8800,9.8900,9.8610,9.8770,16800
2011-06-16 18:05:00,9.8800,9.8900,9.8610,9.8770,5600
2011-06-16 17:59:00,9.8770,9.8870,9.8550,9.8710,23548
2011-06-16 17:54:00,9.8750,9.8850,9.8560,9.8720,2800
2011-06-16 17:53:00,9.8750,9.8850,9.8540,9.8690,46648
2011-06-16 17:51:00,9.8770,9.8870,9.8580,9.8740,8400
2011-06-16 17:49:00,9.8740,9.8840,9.8550,9.8710,5600
2011-06-16 17:48:00,9.8740,9.8840,9.8550,9.8700,2800
2011-06-16 17:44:00,9.8740,9.8840,9.8550,9.8710,2800
2011-06-16 17:39:00,9.8740,9.8840,9.8550,9.8710,4760
2011-06-16 17:38:00,9.8760,9.8860,9.8570,9.8720,11200
2011-06-16 17:37:00,9.8800,9.8900,9.8610,9.8770,11200
2011-06-16 17:35:00,9.8760,9.8860,9.8550,9.8710,17388
2011-06-16 17:26:00,9.8850,9.8950,9.8660,9.8810,26124
2011-06-16 17:25:00,9.8850,9.8950,9.8650,9.8810,43624
2011-06-16 17:24:00,9.8850,9.8950,9.8650,9.8810,22400
2011-06-16 17:23:00,9.8790,9.8920,9.8600,9.8780,33180
2011-06-16 17:22:00,9.8730,9.8830,9.8540,9.8690,2800
2011-06-16 17:19:00,9.8790,9.8890,9.8600,9.8750,2800
2011-06-16 17:18:00,9.8770,9.8880,9.8580,9.8750,21980
2011-06-16 17:17:00,9.8730,9.8830,9.8540,9.8690,2800
2011-06-16 17:13:00,9.8730,9.8830,9.8540,9.8690,8400
2011-06-16 17:12:00,9.8730,9.8830,9.8540,9.8690,5600
2011-06-16 17:11:00,9.8780,9.8880,9.8590,9.8750,4200
2011-06-16 17:10:00,9.8730,9.8830,9.8540,9.8690,4732
2011-06-16 17:09:00,9.8580,9.8830,9.8390,9.8690,167188
2011-06-16 17:08:00,9.8730,9.8830,9.8540,9.8690,13412
2011-06-16 17:07:00,9.8710,9.8810,9.8520,9.8680,2800
2011-06-16 17:00:00,9.8790,9.8890,9.8560,9.8750,28000
2011-06-16 16:59:00,9.8720,9.8890,9.8500,9.8750,72800
2011-06-16 16:58:00,9.8690,9.8820,9.8500,9.8660,8400
2011-06-16 16:57:00,9.8680,9.8780,9.8450,9.8600,16800
2011-06-16 16:56:00,9.8680,9.8780,9.8490,9.8650,5600
2011-06-16 16:54:00,9.8570,9.8680,9.8380,9.8540,69552
2011-06-16 16:53:00,9.8540,9.8680,9.8350,9.8540,45500
2011-06-16 16:52:00,9.8530,9.8640,9.8340,9.8510,25228
2011-06-16 16:51:00,9.8560,9.8660,9.8320,9.8480,20580
2011-06-16 16:50:00,9.8590,9.8700,9.8320,9.8480,29344
2011-06-16 16:49:00,9.8680,9.8780,9.8490,9.8650,2800
2011-06-16 16:47:00,9.8660,9.8760,9.8470,9.8620,2800
2011-06-16 16:45:00,9.8720,9.8820,9.8480,9.8630,72100
2011-06-16 16:44:00,9.8750,9.8850,9.8520,9.8680,47600
2011-06-16 16:42:00,9.8830,9.8950,9.8080,9.8780,35280
2011-06-16 16:41:00,9.8840,9.8940,9.8650,9.8800,22400
2011-06-16 16:40:00,9.8800,9.8950,9.8610,9.8810,47600
2011-06-16 16:39:00,9.8820,9.8920,9.8630,9.8790,5516
2011-06-16 16:38:00,9.8820,9.8950,9.8630,9.8810,95900
2011-06-16 16:37:00,9.8880,9.8980,9.8630,9.8810,36400
2011-06-16 16:36:00,9.8920,9.9020,9.8690,9.8850,58800
2011-06-16 16:35:00,9.8910,9.9020,9.8720,9.8890,28000
2011-06-16 16:34:00,9.8890,9.8990,9.8700,9.8860,2800
2011-06-16 16:33:00,9.8810,9.9020,9.8620,9.8820,103600
2011-06-16 16:32:00,9.8720,9.8950,9.8530,9.8760,84000
2011-06-16 16:31:00,9.8720,9.8820,9.8530,9.8690,8400
2011-06-16 16:30:00,9.8680,9.8840,9.8480,9.8680,65100
2011-06-16 16:29:00,9.8770,9.8870,9.8480,9.8640,28000
2011-06-16 16:28:00,9.8790,9.8890,9.8600,9.8750,5600
2011-06-16 16:27:00,9.8790,9.8890,9.8600,9.8750,11200
2011-06-16 16:26:00,9.8850,9.8950,9.8610,9.8770,9800
2011-06-16 16:25:00,9.8860,9.8960,9.8670,9.8820,2800
2011-06-16 16:24:00,9.8920,9.9070,9.8660,9.8850,76636
2011-06-16 16:23:00,9.8910,9.9010,9.8390,9.8880,44968
2011-06-16 16:22:00,9.8880,9.9030,9.8690,9.8890,20916
2011-06-16 16:21:00,9.8790,9.8950,9.8590,9.8810,134764
2011-06-16 16:20:00,9.8770,9.8870,9.8560,9.8710,67200
2011-06-16 16:19:00,9.8650,9.8810,9.8460,9.8670,54152
2011-06-16 16:18:00,9.8610,9.8720,9.8420,9.8580,54600
2011-06-16 16:17:00,9.8580,9.8750,9.8390,9.8590,211008
2011-06-16 16:16:00,9.8650,9.8750,9.8460,9.8610,5600
2011-06-16 16:15:00,9.8640,9.8740,9.8450,9.8610,11368
2011-06-16 16:14:00,9.8660,9.8760,9.8390,9.8550,14084
2011-06-16 16:13:00,9.8660,9.8760,9.8470,9.8620,2800
2011-06-16 16:12:00,9.8660,9.8760,9.8150,9.8620,34720
2011-06-16 16:11:00,9.8610,9.8760,9.8150,9.8620,56504
2011-06-16 16:10:00,9.8650,9.8750,9.8440,9.8590,10080
2011-06-16 16:09:00,9.8590,9.8750,9.8400,9.8610,78260
2011-06-16 16:08:00,9.8610,9.8710,9.8400,9.8560,36316
2011-06-16 16:06:00,9.8620,9.8720,9.8430,9.8580,2800
2011-06-16 16:05:00,9.8620,9.8720,9.8430,9.8580,7000
2011-06-16 16:04:00,9.8620,9.8760,9.8400,9.8620,39200
2011-06-16 16:03:00,9.8640,9.8740,9.8140,9.8590,29344
2011-06-16 16:02:00,9.8620,9.8760,9.8140,9.8630,65296
2011-06-16 16:01:00,9.8630,9.8750,9.8420,9.8620,125692
2011-06-16 16:00:00,9.8580,9.8730,9.8360,9.8570,14156296
2011-06-16 15:59:00,9.8540,9.8690,9.8330,9.8560,4372872
2011-06-16 15:58:00,9.8540,9.8660,9.8300,9.8520,3099040
2011-06-16 15:57:00,9.8570,9.8680,9.8320,9.8510,2803780
2011-06-16 15:56:00,9.8490,9.8690,9.8260,9.8530,3255784
2011-06-16 15:55:00,9.8320,9.8610,9.8120,9.8450,3472728
2011-06-16 15:54:00,9.8290,9.8450,9.8090,9.8280,1719284
2011-06-16 15:53:00,9.8270,9.8410,9.8080,9.8260,1452612
2011-06-16 15:52:00,9.8330,9.8430,9.8070,9.8230,1335936
2011-06-16 15:51:00,9.8280,9.8440,9.8080,9.8290,2229360
2011-06-16 15:50:00,9.8290,9.8440,9.8060,9.8250,1603056
2011-06-16 15:49:00,9.8270,9.8450,9.8080,9.8240,1814568
2011-06-16 15:48:00,9.8280,9.8390,9.8040,9.8230,798924
2011-06-16 15:47:00,9.8300,9.8410,9.8040,9.8240,1201676
2011-06-16 15:46:00,9.8280,9.8470,9.8070,9.8260,2314116
2011-06-16 15:45:00,9.8250,9.8380,9.8000,9.8210,1117760
2011-06-16 15:44:00,9.8240,9.8400,9.7980,9.8220,2197832
2011-06-16 15:43:00,9.8160,9.8410,9.7950,9.8200,1777188
2011-06-16 15:42:00,9.8200,9.8310,9.7930,9.8120,2386216
2011-06-16 15:41:00,9.8250,9.8360,9.7980,9.8160,2883636
2011-06-16 15:40:00,9.8360,9.8510,9.8050,9.8210,2320584
2011-06-16 15:39:00,9.8370,9.8480,9.8100,9.8330,1995364
2011-06-16 15:38:00,9.8460,9.8580,9.8180,9.8340,2000096
2011-06-16 15:37:00,9.8490,9.8600,9.8210,9.8410,1631672
2011-06-16 15:36:00,9.8350,9.8590,9.8120,9.8420,2568720
2011-06-16 15:35:00,9.8470,9.8600,9.8160,9.8320,5173644
2011-06-16 15:34:00,9.8320,9.8640,9.8080,9.8430,5222616
2011-06-16 15:33:00,9.8150,9.8460,9.7940,9.8290,5111680
2011-06-16 15:32:00,9.7970,9.8240,9.7770,9.8070,3554880
2011-06-16 15:31:00,9.7890,9.8090,9.7700,9.7930,3314276
2011-06-16 15:30:00,9.7810,9.8000,9.7590,9.7850,2673048
2011-06-16 15:29:00,9.7790,9.7930,9.7570,9.7770,2995384
2011-06-16 15:28:00,9.7680,9.7900,9.7420,9.7750,1725080
2011-06-16 15:27:00,9.7620,9.7800,9.7410,9.7640,3670492
2011-06-16 15:26:00,9.7480,9.7730,9.7260,9.7580,1934212
2011-06-16 15:25:00,9.7490,9.7610,9.7260,9.7440,1281476
2011-06-16 15:24:00,9.7470,9.7600,9.7270,9.7450,833812
2011-06-16 15:23:00,9.7530,9.7660,9.7240,9.7430,1243284
2011-06-16 15:22:00,9.7630,9.7750,9.7300,9.7510,2092160
2011-06-16 15:21:00,9.7480,9.7810,9.7290,9.7600,2545256
2011-06-16 15:20:00,9.7460,9.7590,9.7240,9.7440,1150856
2011-06-16 15:19:00,9.7450,9.7580,9.7210,9.7440,1229984
2011-06-16 15:18:00,9.7470,9.7580,9.7230,9.7410,771624
2011-06-16 15:17:00,9.7450,9.7680,9.7240,9.7410,1751232
2011-06-16 15:16:00,9.7510,9.7630,9.7240,9.7400,1538544
2011-06-16 15:15:00,9.7560,9.7680,9.7280,9.7480,1829940
2011-06-16 15:14:00,9.7470,9.7690,9.7270,9.7520,2588824
2011-06-16 15:13:00,9.7490,9.7620,9.7270,9.7440,1296820
2011-06-16 15:12:00,9.7410,9.7620,9.7220,9.7480,1241072
2011-06-16 15:11:00,9.7500,9.7690,9.7230,9.7380,2919756
2011-06-16 15:10:00,9.7390,9.7700,9.7180,9.7460,2655380
2011-06-16 15:09:00,9.7380,9.7560,9.7140,9.7380,1881152
2011-06-16 15:08:00,9.7310,9.7480,9.7080,9.7340,1981252
2011-06-16 15:07:00,9.7260,9.7420,9.7050,9.7280,1522164
2011-06-16 15:06:00,9.7250,9.7400,9.7010,9.7250,2139368
2011-06-16 15:05:00,9.7250,9.7400,9.7040,9.7200,2150512
2011-06-16 15:04:00,9.7240,9.7380,9.7030,9.7240,2434376
2011-06-16 15:03:00,9.7130,9.7350,9.6940,9.7200,2415616
2011-06-16 15:02:00,9.7020,9.7280,9.6830,9.7090,2351440
2011-06-16 15:01:00,9.7060,9.7190,9.6790,9.6970,2203628
2011-06-16 15:00:00,9.7070,9.7250,9.6840,9.7030,2257080
2011-06-16 14:59:00,9.6970,9.7180,9.6780,9.7030,1407616
2011-06-16 14:58:00,9.6920,9.7080,9.6720,9.6930,1276996
2011-06-16 14:57:00,9.7030,9.7160,9.6720,9.6870,1967168
2011-06-16 14:56:00,9.7010,9.7250,9.6770,9.7000,3021256
2011-06-16 14:55:00,9.6990,9.7160,9.6730,9.6980,2939888
2011-06-16 14:54:00,9.6880,9.7130,9.6650,9.6930,5248208
2011-06-16 14:53:00,9.6670,9.7000,9.6440,9.6860,4685604
2011-06-16 14:52:00,9.6560,9.6820,9.6350,9.6640,4989796
2011-06-16 14:51:00,9.6820,9.7000,9.6350,9.6540,4876060
2011-06-16 14:50:00,9.7070,9.7210,9.6340,9.6780,14132020
2011-06-16 14:49:00,9.7140,9.7310,9.6890,9.7050,2647484
2011-06-16 14:48:00,9.7260,9.7460,9.6940,9.7100,2068864
2011-06-16 14:47:00,9.7390,9.7510,9.6920,9.7200,3265528
2011-06-16 14:46:00,9.7330,9.7510,9.7100,9.7370,2362220
2011-06-16 14:45:00,9.7400,9.7520,9.7090,9.7310,1945916
2011-06-16 14:44:00,9.7390,9.7560,9.7180,9.7370,1500856
2011-06-16 14:43:00,9.7350,9.7510,9.7170,9.7350,997164
2011-06-16 14:42:00,9.7340,9.7500,9.7140,9.7320,1490076
2011-06-16 14:41:00,9.7400,9.7520,9.7140,9.7300,1651020
2011-06-16 14:40:00,9.7320,9.7550,9.7080,9.7360,3220392
2011-06-16 14:39:00,9.7410,9.7520,9.7080,9.7290,4021724
2011-06-16 14:38:00,9.7420,9.7590,9.7210,9.7370,1086120
2011-06-16 14:37:00,9.7530,9.7650,9.7210,9.7380,1969856
2011-06-16 14:36:00,9.7610,9.7710,9.7340,9.7490,2051672
2011-06-16 14:35:00,9.7610,9.7760,9.7400,9.7580,1369676
2011-06-16 14:34:00,9.7710,9.7810,9.7410,9.7570,2519188
2011-06-16 14:33:00,9.7720,9.7890,9.7520,9.7680,1375024
2011-06-16 14:32:00,9.7670,9.7820,9.7470,9.7680,1164604
2011-06-16 14:31:00,9.7740,9.7850,9.7470,9.7640,805140
2011-06-16 14:30:00,9.7740,9.7860,9.7500,9.7720,1315888
2011-06-16 14:29:00,9.7760,9.7880,9.7530,9.7700,1469580
2011-06-16 14:28:00,9.7720,9.7860,9.7500,9.7710,669592
2011-06-16 14:27:00,9.7770,9.7890,9.7480,9.7670,1805216
2011-06-16 14:26:00,9.7640,9.7870,9.7430,9.7740,2515744
2011-06-16 14:25:00,9.7610,9.7790,9.7400,9.7600,1513484
2011-06-16 14:24:00,9.7680,9.7790,9.7400,9.7590,1599416
2011-06-16 14:23:00,9.7640,9.7770,9.7430,9.7640,1647884
2011-06-16 14:22:00,9.7590,9.7750,9.7390,9.7590,1491672
2011-06-16 14:21:00,9.7580,9.7800,9.7370,9.7560,2707040
2011-06-16 14:20:00,9.7470,9.7710,9.7240,9.7580,3488492
2011-06-16 14:19:00,9.7650,9.7750,9.7250,9.7430,3084032
2011-06-16 14:18:00,9.7840,9.7970,9.7410,9.7580,4576460
2011-06-16 14:17:00,9.7740,9.8010,9.7550,9.7810,2250976
2011-06-16 14:16:00,9.7900,9.8010,9.7550,9.7740,2701720
2011-06-16 14:15:00,9.7990,9.8110,9.7690,9.7860,3525424
2011-06-16 14:14:00,9.8200,9.8300,9.7790,9.7940,3964940
2011-06-16 14:13:00,9.8220,9.8340,9.7980,9.8180,1809080
2011-06-16 14:12:00,9.8400,9.8500,9.8000,9.8160,3655092
2011-06-16 14:11:00,9.8360,9.8520,9.8170,9.8370,833616
2011-06-16 14:10:00,9.8390,9.8500,9.8140,9.8320,1307572
2011-06-16 14:09:00,9.8440,9.8560,9.8200,9.8380,695940
2011-06-16 14:08:00,9.8470,9.8580,9.8220,9.8400,521276
2011-06-16 14:07:00,9.8450,9.8580,9.8210,9.8440,511140
2011-06-16 14:06:00,9.8510,9.8610,9.8240,9.8390,786296
2011-06-16 14:05:00,9.8500,9.8640,9.8300,9.8480,1039500
2011-06-16 14:04:00,9.8470,9.8630,9.8270,9.8480,732424
2011-06-16 14:03:00,9.8440,9.8590,9.8240,9.8430,498148
2011-06-16 14:02:00,9.8460,9.8580,9.8190,9.8410,1521912
2011-06-16 14:01:00,9.8540,9.8680,9.8270,9.8430,1284164
2011-06-16 14:00:00,9.8440,9.8680,9.8230,9.8530,1689240
2011-06-16 13:59:00,9.8610,9.8710,9.8220,9.8400,3145632
2011-06-16 13:58:00,9.8610,9.8770,9.8410,9.8580,1308300
2011-06-16 13:57:00,9.8680,9.8810,9.8420,9.8580,1097068
2011-06-16 13:56:00,9.8690,9.8820,9.8460,9.8660,930384
2011-06-16 13:55:00,9.8760,9.8860,9.8440,9.8650,1826860
2011-06-16 13:54:00,9.8820,9.8930,9.8560,9.8720,815640
2011-06-16 13:53:00,9.8880,9.8990,9.8610,9.8780,535948
2011-06-16 13:52:00,9.8860,9.8980,9.8650,9.8850,696136
2011-06-16 13:51:00,9.8900,9.9000,9.8660,9.8820,542164
2011-06-16 13:50:00,9.8950,9.9120,9.8700,9.8860,698880
2011-06-16 13:49:00,9.8920,9.9080,9.8720,9.8930,601020
2011-06-16 13:48:00,9.8870,9.9020,9.8660,9.8870,550396
2011-06-16 13:47:00,9.8820,9.9000,9.8600,9.8840,754852
2011-06-16 13:46:00,9.8850,9.8970,9.8610,9.8790,1153012
2011-06-16 13:45:00,9.8850,9.8970,9.8650,9.8810,794388
2011-06-16 13:44:00,9.8880,9.8980,9.8640,9.8810,217896
2011-06-16 13:43:00,9.8850,9.9020,9.8650,9.8850,715764
2011-06-16 13:42:00,9.8870,9.9000,9.8620,9.8810,1232112
2011-06-16 13:41:00,9.8910,9.9020,9.8660,9.8830,650608
2011-06-16 13:40:00,9.8860,9.9030,9.8670,9.8880,301952
2011-06-16 13:39:00,9.8920,9.9020,9.8670,9.8840,760256
2011-06-16 13:38:00,9.8950,9.9050,9.8720,9.8880,310156
2011-06-16 13:37:00,9.8890,9.9060,9.8680,9.8900,1173704
2011-06-16 13:36:00,9.8890,9.9000,9.8680,9.8850,362180
2011-06-16 13:35:00,9.8910,9.9020,9.8690,9.8860,628012
2011-06-16 13:34:00,9.8950,9.9060,9.8690,9.8850,648620
2011-06-16 13:33:00,9.9000,9.9100,9.8750,9.8910,199444
2011-06-16 13:32:00,9.9020,9.9120,9.8810,9.8970,22400
2011-06-16 13:31:00,9.8980,9.9130,9.8790,9.8960,315504
2011-06-16 13:30:00,9.8980,9.9100,9.8780,9.8930,195468
2011-06-16 13:29:00,9.8990,9.9100,9.8760,9.8950,451808
2011-06-16 13:28:00,9.8990,9.9120,9.8800,9.8980,123228
2011-06-16 13:27:00,9.9030,9.9150,9.8800,9.8950,337652
2011-06-16 13:26:00,9.9030,9.9160,9.8810,9.9000,200928
2011-06-16 13:25:00,9.9080,9.9200,9.8810,9.8970,306740
2011-06-16 13:24:00,9.9060,9.9190,9.8830,9.9050,412328
2011-06-16 13:23:00,9.9070,9.9180,9.8860,9.9030,61320
2011-06-16 13:22:00,9.9040,9.9190,9.8830,9.9040,575708
2011-06-16 13:21:00,9.9080,9.9190,9.8770,9.8990,1203272
2011-06-16 13:20:00,9.9080,9.9210,9.8880,9.9040,286580
2011-06-16 13:19:00,9.9070,9.9210,9.8880,9.9030,134904
2011-06-16 13:18:00,9.9020,9.9220,9.8830,9.9040,672728
2011-06-16 13:17:00,9.9030,9.9150,9.8830,9.8990,763924
2011-06-16 13:16:00,9.9020,9.9140,9.8810,9.9000,546112
2011-06-16 13:15:00,9.9020,9.9160,9.8830,9.8980,246092
2011-06-16 13:14:00,9.9060,9.9170,9.8820,9.8970,516152
2011-06-16 13:13:00,9.9070,9.9190,9.8840,9.9010,795396
2011-06-16 13:12:00,9.9030,9.9170,9.8830,9.9030,285264
2011-06-16 13:11:00,9.9040,9.9160,9.8830,9.8990,232400
2011-06-16 13:10:00,9.9040,9.9180,9.8830,9.8990,760312
2011-06-16 13:09:00,9.9070,9.9180,9.8840,9.9000,221900
2011-06-16 13:08:00,9.9050,9.9190,9.8820,9.9030,768012
2011-06-16 13:07:00,9.9090,9.9200,9.8850,9.9000,645344
2011-06-16 13:06:00,9.9120,9.9240,9.8860,9.9050,1001756
2011-06-16 13:05:00,9.9120,9.9230,9.8910,9.9080,500416
2011-06-16 13:04:00,9.9170,9.9280,9.8970,9.9120,288456
2011-06-16 13:03:00,9.9140,9.9270,9.8940,9.9130,186984
2011-06-16 13:02:00,9.9110,9.9260,9.8910,9.9090,237160
2011-06-16 13:01:00,9.9160,9.9260,9.8920,9.9070,710416
2011-06-16 13:00:00,9.9160,9.9270,9.8930,9.9120,482384
2011-06-16 12:59:00,9.9190,9.9290,9.8960,9.9110,564116
2011-06-16 12:58:00,9.9190,9.9310,9.8980,9.9160,154000
2011-06-16 12:57:00,9.9210,9.9310,9.8990,9.9150,85680
2011-06-16 12:56:00,9.9220,9.9340,9.9020,9.9180,162120
2011-06-16 12:55:00,9.9230,9.9360,9.9020,9.9200,522592
2011-06-16 12:54:00,9.9230,9.9330,9.9030,9.9190,70644
2011-06-16 12:53:00,9.9240,9.9350,9.9000,9.9190,414652
2011-06-16 12:52:00,9.9190,9.9330,9.8990,9.9190,230720
2011-06-16 12:51:00,9.9160,9.9290,9.8970,9.9140,125132
2011-06-16 12:50:00,9.9210,9.9320,9.8970,9.9130,228564
2011-06-16 12:49:00,9.9220,9.9330,9.9010,9.9170,116620
2011-06-16 12:48:00,9.9220,9.9340,9.8990,9.9180,371756
2011-06-16 12:47:00,9.9200,9.9340,9.9000,9.9180,201180
2011-06-16 12:46:00,9.9190,9.9320,9.8980,9.9160,218988
2011-06-16 12:45:00,9.9220,9.9320,9.8980,9.9140,110460
2011-06-16 12:44:00,9.9200,9.9320,9.9000,9.9160,158564
2011-06-16 12:43:00,9.9180,9.9310,9.8980,9.9150,768796
2011-06-16 12:42:00,9.9150,9.9290,9.8940,9.9140,308728
2011-06-16 12:41:00,9.9160,9.9290,9.8950,9.9110,253148
2011-06-16 12:40:00,9.9140,9.9290,9.8930,9.9130,633332
2011-06-16 12:39:00,9.9110,9.9250,9.8920,9.9110,79800
2011-06-16 12:38:00,9.9120,9.9240,9.8920,9.9080,184800
2011-06-16 12:37:00,9.9160,9.9260,9.8930,9.9090,156072
2011-06-16 12:36:00,9.9150,9.9290,9.8960,9.9120,126560
2011-06-16 12:35:00,9.9160,9.9290,9.8970,9.9120,157920
2011-06-16 12:34:00,9.9190,9.9300,9.8970,9.9130,266252
2011-06-16 12:33:00,9.9150,9.9310,9.8960,9.9150,316064
2011-06-16 12:32:00,9.9120,9.9240,9.8910,9.9100,113680
2011-06-16 12:31:00,9.9170,9.9280,9.8930,9.9100,244580
2011-06-16 12:30:00,9.9140,9.9280,9.8940,9.9140,135212
2011-06-16 12:29:00,9.9150,9.9280,9.8930,9.9100,557396
2011-06-16 12:28:00,9.9070,9.9250,9.8860,9.9110,375116
2011-06-16 12:27:00,9.9080,9.9210,9.8880,9.9050,194292
2011-06-16 12:26:00,9.9060,9.9190,9.8870,9.9020,281736
2011-06-16 12:25:00,9.9080,9.9180,9.8860,9.9010,49056
2011-06-16 12:24:00,9.9080,9.9240,9.8870,9.9040,734888
2011-06-16 12:23:00,9.9090,9.9190,9.8860,9.9020,274176
2011-06-16 12:22:00,9.9080,9.9190,9.8860,9.9050,310268
2011-06-16 12:21:00,9.9050,9.9180,9.8850,9.9050,87948
2011-06-16 12:20:00,9.9030,9.9160,9.8830,9.9010,148400
2011-06-16 12:19:00,9.9020,9.9150,9.8830,9.9000,68040
2011-06-16 12:18:00,9.9040,9.9160,9.8810,9.9020,236124
2011-06-16 12:17:00,9.9020,9.9160,9.8810,9.9010,435596
2011-06-16 12:16:00,9.9040,9.9140,9.8810,9.8980,444724
2011-06-16 12:15:00,9.9090,9.9190,9.8850,9.9010,154000
2011-06-16 12:14:00,9.9080,9.9190,9.8870,9.9050,181160
2011-06-16 12:13:00,9.9110,9.9220,9.8880,9.9030,111412
2011-06-16 12:12:00,9.9070,9.9190,9.8870,9.9060,54012
2011-06-16 12:11:00,9.9050,9.9180,9.8850,9.9040,157052
2011-06-16 12:10:00,9.9080,9.9190,9.8850,9.9010,333228
2011-06-16 12:09:00,9.9140,9.9240,9.8890,9.9060,189000
2011-06-16 12:08:00,9.9130,9.9280,9.8900,9.9080,387856
2011-06-16 12:07:00,9.9100,9.9230,9.8880,9.9090,324968
2011-06-16 12:06:00,9.9130,9.9230,9.8900,9.9060,229936
2011-06-16 12:05:00,9.9150,9.9280,9.8940,9.9100,646156
2011-06-16 12:04:00,9.9130,9.9270,9.8930,9.9100,803796
2011-06-16 12:03:00,9.9100,9.9250,9.8910,9.9080,419664
2011-06-16 12:02:00,9.9040,9.9250,9.8840,9.9040,833140
2011-06-16 12:01:00,9.9070,9.9200,9.8840,9.9010,779128
2011-06-16 12:00:00,9.9040,9.9200,9.8830,9.9050,844172
2011-06-16 11:59:00,9.9060,9.9160,9.8810,9.9000,518224
2011-06-16 11:58:00,9.9060,9.9170,9.8820,9.9020,516348
2011-06-16 11:57:00,9.9150,9.9260,9.8830,9.9020,1266860
2011-06-16 11:56:00,9.9120,9.9290,9.8900,9.9120,791616
2011-06-16 11:55:00,9.9150,9.9250,9.8900,9.9060,466900
2011-06-16 11:54:00,9.9140,9.9260,9.8900,9.9110,620004
2011-06-16 11:53:00,9.9150,9.9270,9.8930,9.9110,409836
2011-06-16 11:52:00,9.9150,9.9260,9.8950,9.9110,313320
2011-06-16 11:51:00,9.9200,9.9310,9.8960,9.9120,256900
2011-06-16 11:50:00,9.9150,9.9330,9.8950,9.9170,384524
2011-06-16 11:49:00,9.9190,9.9290,9.8940,9.9100,433524
2011-06-16 11:48:00,9.9200,9.9310,9.8980,9.9160,323400
2011-06-16 11:47:00,9.9210,9.9380,9.9010,9.9170,399532
2011-06-16 11:46:00,9.9200,9.9350,9.9000,9.9210,415044
2011-06-16 11:45:00,9.9180,9.9330,9.8960,9.9190,345436
2011-06-16 11:44:00,9.9220,9.9340,9.8980,9.9170,362376
2011-06-16 11:43:00,9.9250,9.9370,9.9000,9.9180,356468
2011-06-16 11:42:00,9.9180,9.9370,9.8960,9.9210,502432
2011-06-16 11:41:00,9.9220,9.9350,9.8980,9.9140,625632
2011-06-16 11:40:00,9.9240,9.9340,9.9010,9.9160,272132
2011-06-16 11:39:00,9.9250,9.9360,9.9020,9.9220,350644
2011-06-16 11:38:00,9.9240,9.9380,9.9040,9.9210,374360
2011-06-16 11:37:00,9.9210,9.9340,9.9010,9.9200,260904
2011-06-16 11:36:00,9.9260,9.9380,9.9010,9.9180,656292
2011-06-16 11:35:00,9.9250,9.9400,9.9060,9.9230,282464
2011-06-16 11:34:00,9.9260,9.9390,9.9040,9.9210,236964
2011-06-16 11:33:00,9.9350,9.9450,9.9060,9.9240,432628
2011-06-16 11:32:00,9.9300,9.9460,9.9090,9.9300,529732
2011-06-16 11:31:00,9.9260,9.9400,9.9010,9.9230,446320
2011-06-16 11:30:00,9.9250,9.9420,9.9050,9.9220,514500
2011-06-16 11:29:00,9.9270,9.9410,9.9040,9.9190,499940
2011-06-16 11:28:00,9.9300,9.9400,9.9050,9.9240,120680
2011-06-16 11:27:00,9.9210,9.9400,9.9020,9.9250,640108
2011-06-16 11:26:00,9.9220,9.9370,9.9010,9.9170,291200
2011-06-16 11:25:00,9.9200,9.9340,9.8970,9.9180,894516
2011-06-16 11:24:00,9.9210,9.9360,9.8970,9.9140,336168
2011-06-16 11:23:00,9.9150,9.9330,9.8950,9.9200,457016
2011-06-16 11:22:00,9.9270,9.9380,9.8960,9.9120,697172
2011-06-16 11:21:00,9.9350,9.9450,9.9050,9.9210,640892
2011-06-16 11:20:00,9.9310,9.9490,9.9100,9.9280,1540168
2011-06-16 11:19:00,9.9160,9.9460,9.8970,9.9280,2035656
2011-06-16 11:18:00,9.9130,9.9290,9.8940,9.9120,555632
2011-06-16 11:17:00,9.9150,9.9260,9.8890,9.9100,1064840
2011-06-16 11:16:00,9.9250,9.9380,9.8960,9.9120,945952
2011-06-16 11:15:00,9.9240,9.9380,9.9030,9.9210,432404
2011-06-16 11:14:00,9.9230,9.9390,9.9030,9.9190,1078588
2011-06-16 11:13:00,9.9210,9.9360,9.9010,9.9210,429184
2011-06-16 11:12:00,9.9230,9.9330,9.8990,9.9170,512260
2011-06-16 11:11:00,9.9210,9.9340,9.9000,9.9190,613116
2011-06-16 11:10:00,9.9200,9.9330,9.8970,9.9160,415100
2011-06-16 11:09:00,9.9230,9.9360,9.8990,9.9180,276500
2011-06-16 11:08:00,9.9250,9.9370,9.9000,9.9190,440132
2011-06-16 11:07:00,9.9180,9.9350,9.8980,9.9210,691040
2011-06-16 11:06:00,9.9210,9.9370,9.8960,9.9140,671160
2011-06-16 11:05:00,9.9180,9.9320,9.8960,9.9170,607908
2011-06-16 11:04:00,9.9190,9.9320,9.8960,9.9170,621068
2011-06-16 11:03:00,9.9230,9.9380,9.9000,9.9160,999600
2011-06-16 11:02:00,9.9330,9.9430,9.9020,9.9210,1572564
2011-06-16 11:01:00,9.9330,9.9460,9.9130,9.9290,280728
2011-06-16 11:00:00,9.9390,9.9500,9.9130,9.9280,507444
2011-06-16 10:59:00,9.9420,9.9530,9.9190,9.9360,451164
2011-06-16 10:58:00,9.9410,9.9580,9.9180,9.9380,1051456
2011-06-16 10:57:00,9.9430,9.9590,9.9210,9.9370,478492
2011-06-16 10:56:00,9.9470,9.9580,9.9240,9.9400,318640
2011-06-16 10:55:00,9.9460,9.9600,9.9260,9.9420,656852
2011-06-16 10:54:00,9.9460,9.9610,9.9260,9.9420,500108
2011-06-16 10:53:00,9.9510,9.9640,9.9270,9.9430,924280
2011-06-16 10:52:00,9.9580,9.9700,9.9270,9.9460,692328
2011-06-16 10:51:00,9.9460,9.9740,9.9250,9.9550,2006480
2011-06-16 10:50:00,9.9480,9.9600,9.9230,9.9420,1292620
2011-06-16 10:49:00,9.9470,9.9610,9.9240,9.9420,865060
2011-06-16 10:48:00,9.9410,9.9570,9.9210,9.9430,432628
2011-06-16 10:47:00,9.9470,9.9600,9.9210,9.9380,392672
2011-06-16 10:46:00,9.9490,9.9600,9.9270,9.9430,211316
2011-06-16 10:45:00,9.9500,9.9620,9.9280,9.9450,307020
2011-06-16 10:44:00,9.9490,9.9600,9.9260,9.9460,393008
2011-06-16 10:43:00,9.9510,9.9620,9.9260,9.9450,476784
2011-06-16 10:42:00,9.9510,9.9630,9.9280,9.9470,573552
2011-06-16 10:41:00,9.9540,9.9670,9.9310,9.9470,317408
2011-06-16 10:40:00,9.9540,9.9730,9.9330,9.9520,1074920
2011-06-16 10:39:00,9.9500,9.9660,9.9280,9.9520,841316
2011-06-16 10:38:00,9.9470,9.9610,9.9260,9.9470,525504
2011-06-16 10:37:00,9.9420,9.9600,9.9200,9.9410,897596
2011-06-16 10:36:00,9.9420,9.9540,9.9210,9.9390,418880
2011-06-16 10:35:00,9.9420,9.9540,9.9200,9.9370,542136
2011-06-16 10:34:00,9.9370,9.9520,9.9160,9.9360,429772
2011-06-16 10:33:00,9.9360,9.9490,9.9110,9.9330,949872
2011-06-16 10:32:00,9.9340,9.9470,9.9140,9.9320,624736
2011-06-16 10:31:00,9.9410,9.9540,9.9110,9.9300,2672600
2011-06-16 10:30:00,9.9410,9.9530,9.9200,9.9370,454888
2011-06-16 10:29:00,9.9450,9.9600,9.9210,9.9370,1412180
2011-06-16 10:28:00,9.9530,9.9660,9.9260,9.9420,1334620
2011-06-16 10:27:00,9.9560,9.9690,9.9330,9.9490,518448
2011-06-16 10:26:00,9.9550,9.9700,9.9340,9.9530,494536
2011-06-16 10:25:00,9.9610,9.9750,9.9350,9.9520,809676
2011-06-16 10:24:00,9.9500,9.9710,9.9310,9.9570,754964
2011-06-16 10:23:00,9.9580,9.9690,9.9300,9.9450,504980
2011-06-16 10:22:00,9.9520,9.9700,9.9300,9.9560,998116
2011-06-16 10:21:00,9.9510,9.9640,9.9250,9.9470,1237404
2011-06-16 10:20:00,9.9530,9.9660,9.9300,9.9490,717724
2011-06-16 10:19:00,9.9510,9.9630,9.9300,9.9480,474796
2011-06-16 10:18:00,9.9530,9.9680,9.9290,9.9450,580384
2011-06-16 10:17:00,9.9460,9.9650,9.9260,9.9480,696948
2011-06-16 10:16:00,9.9570,9.9690,9.9260,9.9420,1947876
2011-06-16 10:15:00,9.9580,9.9760,9.9350,9.9510,1202768
2011-06-16 10:14:00,9.9520,9.9760,9.9320,9.9560,1143576
2011-06-16 10:13:00,9.9610,9.9730,9.9280,9.9490,1764784
2011-06-16 10:12:00,9.9590,9.9740,9.9370,9.9580,1231888
2011-06-16 10:11:00,9.9580,9.9750,9.9330,9.9540,1757784
2011-06-16 10:10:00,9.9450,9.9700,9.9250,9.9540,3190208
2011-06-16 10:09:00,9.9450,9.9600,9.9200,9.9410,2386860
2011-06-16 10:08:00,9.9320,9.9560,9.9110,9.9410,1910916
2011-06-16 10:07:00,9.9280,9.9460,9.9050,9.9280,1492288
2011-06-16 10:06:00,9.9210,9.9400,9.8990,9.9250,2094204
2011-06-16 10:05:00,9.9180,9.9310,9.8940,9.9160,1564472
2011-06-16 10:04:00,9.9110,9.9300,9.8860,9.9140,2075864
2011-06-16 10:03:00,9.9000,9.9220,9.8770,9.9070,1776572
2011-06-16 10:02:00,9.9000,9.9170,9.8730,9.8930,2327024
2011-06-16 10:01:00,9.8980,9.9270,9.8750,9.8960,3133956
2011-06-16 10:00:00,9.9250,9.9350,9.8720,9.8930,5505388
2011-06-16 09:59:00,9.9220,9.9390,9.8990,9.9220,1197700
2011-06-16 09:58:00,9.9170,9.9340,9.8980,9.9180,1179752
2011-06-16 09:57:00,9.9190,9.9310,9.8960,9.9130,517104
2011-06-16 09:56:00,9.9180,9.9310,9.8990,9.9160,521080
2011-06-16 09:55:00,9.9210,9.9340,9.8980,9.9140,468076
2011-06-16 09:54:00,9.9240,9.9380,9.9020,9.9170,993160
2011-06-16 09:53:00,9.9200,9.9390,9.8960,9.9210,2218524
2011-06-16 09:52:00,9.9140,9.9300,9.8930,9.9160,1123808
2011-06-16 09:51:00,9.9180,9.9300,9.8950,9.9100,1092560
2011-06-16 09:50:00,9.9010,9.9280,9.8810,9.9130,1895880
2011-06-16 09:49:00,9.9050,9.9180,9.8800,9.8990,1124312
2011-06-16 09:48:00,9.9070,9.9210,9.8790,9.9030,1413412
2011-06-16 09:47:00,9.9100,9.9200,9.8820,9.9010,749448
2011-06-16 09:46:00,9.9050,9.9220,9.8790,9.9050,1314768
2011-06-16 09:45:00,9.9020,9.9190,9.8830,9.9010,1022336
2011-06-16 09:44:00,9.9050,9.9190,9.8810,9.8990,1023036
2011-06-16 09:43:00,9.9180,9.9310,9.8820,9.9010,1479212
2011-06-16 09:42:00,9.9190,9.9360,9.8980,9.9160,2002700
2011-06-16 09:41:00,9.9060,9.9310,9.8870,9.9180,1833524
2011-06-16 09:40:00,9.9040,9.9190,9.8810,9.9030,1666840
2011-06-16 09:39:00,9.9110,9.9220,9.8790,9.9020,1476664
2011-06-16 09:38:00,9.9160,9.9280,9.8790,9.9080,1799000
2011-06-16 09:37:00,9.9100,9.9310,9.8860,9.9130,2841244
2011-06-16 09:36:00,9.8970,9.9210,9.8760,9.9050,2143652
2011-06-16 09:35:00,9.8900,9.9120,9.8670,9.8950,1961316
2011-06-16 09:34:00,9.8810,9.9010,9.8600,9.8850,1897364
2011-06-16 09:33:00,9.8970,9.9090,9.8580,9.8780,3002720
2011-06-16 09:32:00,9.9020,9.9190,9.8780,9.8930,2321200
2011-06-16 09:31:00,9.9210,9.9330,9.8740,9.8990,2563708
2011-06-16 09:30:00,9.9150,9.9400,9.8870,9.9170,5376868
2011-06-16 09:29:00,9.9060,9.9300,9.8870,9.9130,285152
2011-06-16 09:28:00,9.9160,9.9330,9.8730,9.9040,396760
2011-06-16 09:26:00,9.9240,9.9390,9.9050,9.9250,16800
2011-06-16 09:25:00,9.9220,9.9320,9.9020,9.9180,2800
2011-06-16 09:24:00,9.9160,9.9280,9.8930,9.9150,106540
2011-06-16 09:23:00,9.9180,9.9280,9.8960,9.9150,39200
2011-06-16 09:22:00,9.9230,9.9330,9.9040,9.9200,2800
2011-06-16 09:21:00,9.9300,9.9400,9.9040,9.9190,69160
2011-06-16 09:20:00,9.9310,9.9410,9.9090,9.9270,114800
2011-06-16 09:19:00,9.9320,9.9430,9.9100,9.9260,33600
2011-06-16 09:18:00,9.9320,9.9450,9.9130,9.9320,43400
2011-06-16 09:17:00,9.9330,9.9450,9.9140,9.9320,46256
2011-06-16 09:16:00,9.9350,9.9450,9.9120,9.9290,69356
2011-06-16 09:15:00,9.9330,9.9430,9.9140,9.9300,28000
2011-06-16 09:14:00,9.9310,9.9410,9.9120,9.9280,5600
2011-06-16 09:13:00,9.9310,9.9410,9.9120,9.9280,14000
2011-06-16 09:12:00,9.9380,9.9480,9.9160,9.9310,30016
2011-06-16 09:11:00,9.9380,9.9480,9.9180,9.9340,11480
2011-06-16 09:10:00,9.9350,9.9460,9.9160,9.9320,44800
2011-06-16 09:08:00,9.9390,9.9490,9.9190,9.9340,22988
2011-06-16 09:07:00,9.9390,9.9490,9.9200,9.9350,5796
2011-06-16 09:06:00,9.9330,9.9490,9.9130,9.9340,71680
2011-06-16 09:05:00,9.9320,9.9420,9.9130,9.9280,17416
2011-06-16 09:04:00,9.9360,9.9470,9.9160,9.9330,28000
2011-06-16 09:03:00,9.9380,9.9480,9.9140,9.9300,53480
2011-06-16 09:02:00,9.9320,9.9460,9.9130,9.9330,50400
2011-06-16 09:01:00,9.9280,9.9420,9.9090,9.9250,55356
2011-06-16 09:00:00,9.9340,9.9440,9.9070,9.9220,24696
2011-06-16 08:59:00,9.9260,9.9400,9.9040,9.9270,99820
2011-06-16 08:58:00,9.9230,9.9370,9.9040,9.9230,33600
2011-06-16 08:57:00,9.9150,9.9250,9.8870,9.9110,180040
2011-06-16 08:56:00,9.9170,9.9280,9.8930,9.9080,142240
2011-06-16 08:55:00,9.9140,9.9270,9.8950,9.9120,62972
2011-06-16 08:53:00,9.9080,9.9190,9.8880,9.9050,36652
2011-06-16 08:52:00,9.9120,9.9220,9.8810,9.9000,92428
2011-06-16 08:51:00,9.9120,9.9240,9.8930,9.9100,39760
2011-06-16 08:50:00,9.9110,9.9210,9.8920,9.9070,8400
2011-06-16 08:48:00,9.9150,9.9250,9.8950,9.9110,48860
2011-06-16 08:47:00,9.9150,9.9250,9.8950,9.9100,8400
2011-06-16 08:46:00,9.9090,9.9190,9.8900,9.9050,16800
2011-06-16 08:45:00,9.9060,9.9190,9.8870,9.9050,15820
2011-06-16 08:43:00,9.9050,9.9250,9.8860,9.9110,33600
2011-06-16 08:42:00,9.8980,9.9080,9.8790,9.8940,5600
2011-06-16 08:41:00,9.9010,9.9110,9.8810,9.8960,33600
2011-06-16 08:40:00,9.9120,9.9240,9.8840,9.8990,35532
2011-06-16 08:39:00,9.9150,9.9250,9.8920,9.9080,14000
2011-06-16 08:38:00,9.9090,9.9190,9.8890,9.9040,13860
2011-06-16 08:37:00,9.9150,9.9250,9.8920,9.9080,20160
2011-06-16 08:36:00,9.9150,9.9250,9.8950,9.9110,22400
2011-06-16 08:35:00,9.9060,9.9190,9.8870,9.9040,29400
2011-06-16 08:34:00,9.9150,9.9250,9.8870,9.9020,66388
2011-06-16 08:33:00,9.9080,9.9260,9.8880,9.9110,93800
2011-06-16 08:32:00,9.9080,9.9250,9.8870,9.9040,118384
2011-06-16 08:31:00,9.9000,9.9180,9.8750,9.9040,88760
2011-06-16 08:30:00,9.8740,9.9180,9.8550,9.9040,227640
2011-06-16 08:29:00,9.8710,9.8810,9.8510,9.8660,22400
2011-06-16 08:27:00,9.8710,9.8810,9.8510,9.8660,26600
2011-06-16 08:26:00,9.8700,9.8840,9.8510,9.8710,5600
2011-06-16 08:25:00,9.8700,9.8800,9.8510,9.8670,6720
2011-06-16 08:24:00,9.8700,9.8830,9.8510,9.8690,21700
2011-06-16 08:22:00,9.8650,9.8800,9.8450,9.8660,22400
2011-06-16 08:21:00,9.8700,9.8800,9.8510,9.8660,46620
2011-06-16 08:20:00,9.8760,9.8860,9.8570,9.8720,8400
2011-06-16 08:14:00,9.8790,9.8890,9.8600,9.8750,2800
2011-06-16 08:13:00,9.8850,9.8950,9.8660,9.8810,4760
2011-06-16 08:12:00,9.8820,9.8930,9.8630,9.8800,22680
2011-06-16 08:11:00,9.8790,9.8890,9.8600,9.8750,8176
2011-06-16 08:10:00,9.8730,9.8920,9.8540,9.8750,38360
2011-06-16 08:09:00,9.8700,9.8800,9.8510,9.8670,2800
2011-06-16 08:08:00,9.8700,9.8830,9.8510,9.8690,5992
2011-06-16 08:07:00,9.8730,9.8830,9.8540,9.8690,6048
2011-06-16 08:06:00,9.8790,9.8890,9.8540,9.8690,35364
2011-06-16 08:04:00,9.8800,9.8920,9.8600,9.8780,23800
2011-06-16 08:02:00,9.8700,9.8890,9.8510,9.8660,46844
2011-06-16 08:01:00,9.8780,9.8880,9.8520,9.8680,5600
2011-06-16 08:00:00,9.8820,9.8920,9.8560,9.8720,30800
2011-06-16 07:57:00,9.8790,9.8890,9.8580,9.8740,30800
2011-06-16 07:56:00,9.8850,9.8950,9.8660,9.8810,2800
2011-06-16 07:43:00,9.8850,9.8950,9.8660,9.8810,2800
2011-06-16 07:42:00,9.8960,9.9060,9.8600,9.8750,8400
2011-06-16 07:37:00,9.8910,9.9010,9.8720,9.8870,2800
2011-06-16 07:33:00,9.8800,9.8900,9.8610,9.8760,2800
2011-06-16 07:32:00,9.8790,9.8890,9.8600,9.8760,2800
2011-06-16 07:23:00,9.8850,9.8950,9.8660,9.8810,2800
2011-06-16 07:19:00,9.8920,9.9020,9.8710,9.8870,5600
2011-06-16 07:16:00,9.9000,9.9100,9.8810,9.8960,5600
2011-06-16 07:14:00,9.8920,9.9020,9.8720,9.8880,5600
2011-06-16 07:13:00,9.8950,9.9050,9.8760,9.8920,2800
2011-06-16 07:11:00,9.8960,9.9060,9.8770,9.8920,39200
2011-06-16 07:10:00,9.8780,9.8880,9.8580,9.8740,8400
2011-06-16 07:00:00,9.8720,9.9070,9.8520,9.8930,8400
2011-06-16 06:59:00,9.8720,9.8810,9.8520,9.8680,2800
2011-06-16 06:30:00,9.8640,9.8740,9.8420,9.8570,5600
2011-06-16 06:09:00,9.8840,9.8940,9.8650,9.8810,2800
2011-06-16 05:49:00,9.8920,9.9020,9.8730,9.8890,8400
2011-06-16 04:25:00,9.9240,9.9340,9.9050,9.9200,2800
2011-06-15 19:59:00,9.9170,9.9270,9.8960,9.9130,13356
2011-06-15 19:58:00,9.9150,9.9270,9.8960,9.9130,19600
2011-06-15 19:42:00,9.9090,9.9190,9.8900,9.9050,9856
2011-06-15 19:41:00,9.9120,9.9220,9.8930,9.9080,12992
2011-06-15 19:40:00,9.9150,9.9250,9.8960,9.9110,2800
2011-06-15 19:36:00,9.9150,9.9250,9.8960,9.9110,5600
2011-06-15 19:35:00,9.9140,9.9240,9.8950,9.9100,2800
2011-06-15 19:32:00,9.9150,9.9250,9.8960,9.9110,3332
2011-06-15 19:31:00,9.9130,9.9230,9.8940,9.9090,3752
2011-06-15 19:16:00,9.9150,9.9260,9.8960,9.9120,2800
2011-06-15 19:15:00,9.9150,9.9250,9.8960,9.9110,5600
2011-06-15 19:14:00,9.9150,9.9260,9.8960,9.9110,31696
2011-06-15 19:12:00,9.9150,9.9260,9.8960,9.9120,2800
2011-06-15 19:08:00,9.9160,9.9260,9.8970,9.9120,5600
2011-06-15 19:03:00,9.9180,9.9280,9.8990,9.9150,3304
2011-06-15 18:58:00,9.9150,9.9250,9.8960,9.9110,2800
2011-06-15 18:56:00,9.9170,9.9270,9.8980,9.9130,12600
2011-06-15 18:54:00,9.9190,9.9290,9.9000,9.9160,2800
2011-06-15 18:52:00,9.9170,9.9270,9.8980,9.9130,10948
2011-06-15 18:51:00,9.9170,9.9270,9.8980,9.9130,2800
2011-06-15 18:50:00,9.9170,9.9270,9.8980,9.9130,14252
2011-06-15 18:34:00,9.9190,9.9300,9.9000,9.9160,5600
2011-06-15 18:32:00,9.9180,9.9280,9.8990,9.9150,7000
2011-06-15 18:28:00,9.9180,9.9280,9.8990,9.9150,14000
2011-06-15 18:24:00,9.9170,9.9280,9.8980,9.9140,17360
2011-06-15 18:15:00,9.9150,9.9250,9.8960,9.9110,2800
2011-06-15 18:14:00,9.9140,9.9250,9.8950,9.9110,15204
2011-06-15 18:13:00,9.9140,9.9240,9.8950,9.9100,4480
2011-06-15 18:11:00,9.9080,9.9180,9.8880,9.9040,3212132
2011-06-15 18:02:00,9.9120,9.9250,9.8930,9.9110,65996
2011-06-15 17:58:00,9.9120,9.9220,9.8930,9.9080,3920
2011-06-15 17:50:00,9.9110,9.9210,9.8920,9.9070,5936
2011-06-15 17:39:00,9.9080,9.9210,9.8890,9.9070,30800
2011-06-15 17:33:00,9.9060,9.9160,9.8870,9.9020,8400
2011-06-15 17:26:00,9.9080,9.9180,9.8880,9.9040,4200
2011-06-15 17:21:00,9.9060,9.9160,9.8870,9.9030,2800
2011-06-15 17:19:00,9.9070,9.9170,9.8880,9.9030,2800
2011-06-15 17:17:00,9.9110,9.9210,9.8920,9.9070,2800
2011-06-15 17:16:00,9.9100,9.9200,9.8870,9.9030,8400
2011-06-15 17:11:00,9.8970,10.0050,9.8780,9.9910,316848
2011-06-15 17:08:00,9.9090,9.9190,9.8900,9.9050,8400
2011-06-15 17:00:00,9.9140,9.9250,9.8920,9.9070,35224
2011-06-15 16:54:00,9.9150,9.9250,9.8950,9.9110,3136
2011-06-15 16:53:00,9.9150,9.9250,9.8950,9.9110,5600
2011-06-15 16:52:00,9.9120,9.9220,9.8930,9.9090,2800
2011-06-15 16:51:00,9.9140,9.9240,9.8950,9.9100,5600
2011-06-15 16:47:00,9.9130,9.9230,9.8930,9.9080,28000
2011-06-15 16:45:00,9.9130,9.9230,9.8940,9.9100,8400
2011-06-15 16:44:00,9.9090,9.9230,9.8900,9.9090,322924
2011-06-15 16:42:00,9.8790,9.9250,9.8600,9.9110,187600
2011-06-15 16:39:00,9.9180,9.9280,9.8990,9.9140,5040
2011-06-15 16:35:00,9.9190,9.9290,9.8990,9.9150,2800
2011-06-15 16:34:00,9.9180,9.9280,9.8990,9.9140,2800
2011-06-15 16:32:00,9.9180,9.9280,9.8990,9.9140,11228
2011-06-15 16:31:00,9.9180,9.9280,9.8970,9.9120,28000
2011-06-15 16:29:00,9.9150,9.9250,9.8940,9.9090,16800
2011-06-15 16:26:00,9.9130,9.9230,9.8940,9.9090,2800
2011-06-15 16:25:00,9.9150,9.9260,9.8940,9.9090,28336
2011-06-15 16:24:00,9.9150,9.9260,9.8960,9.9120,18340
2011-06-15 16:23:00,9.9090,9.9190,9.8900,9.9050,657636
2011-06-15 16:22:00,9.9190,9.9290,9.9000,9.9150,2800
2011-06-15 16:20:00,9.9170,9.9270,9.8950,9.9100,50680
2011-06-15 16:17:00,9.9080,9.9310,9.8890,9.9170,58632
2011-06-15 16:15:00,9.9200,9.9300,9.8990,9.9150,61600
2011-06-15 16:14:00,9.9230,9.9360,9.9020,9.9180,11200
2011-06-15 16:13:00,9.9230,9.9340,9.9040,9.9200,26992
2011-06-15 16:12:00,9.9230,9.9340,9.9040,9.9200,8400
2011-06-15 16:11:00,9.9190,9.9340,9.8990,9.9200,78708
2011-06-15 16:10:00,9.9210,9.9340,9.9020,9.9200,75600
2011-06-15 16:09:00,9.9190,9.9310,9.8990,9.9170,36400
2011-06-15 16:07:00,9.9160,9.9320,9.8900,9.9180,562744
2011-06-15 16:05:00,9.9120,9.9820,9.8930,9.9110,133840
2011-06-15 16:04:00,9.9120,9.9220,9.8910,9.9080,18704
2011-06-15 16:03:00,9.9090,9.9200,9.8900,9.9060,11200
2011-06-15 16:02:00,9.9110,9.9230,9.8900,9.9050,113120
2011-06-15 16:01:00,9.9120,9.9220,9.8920,9.9080,19600
2011-06-15 16:00:00,9.9000,9.9240,9.8810,9.9100,7172088
2011-06-15 15:59:00,9.9070,9.9190,9.8780,9.9050,4940012
2011-06-15 15:58:00,9.9080,9.9190,9.8870,9.9040,2108204
2011-06-15 15:57:00,9.9120,9.9220,9.8870,9.9050,1613836
2011-06-15 15:56:00,9.9130,9.9250,9.8900,9.9080,1565676
2011-06-15 15:55:00,9.9070,9.9250,9.8860,9.9110,2461284
2011-06-15 15:54:00,9.9000,9.9190,9.8800,9.9040,1275344
2011-06-15 15:53:00,9.8990,9.9140,9.8760,9.8960,1130108
2011-06-15 15:52:00,9.8980,9.9090,9.8760,9.8950,780108
2011-06-15 15:51:00,9.8980,9.9130,9.8780,9.8950,1584856
2011-06-15 15:50:00,9.9030,9.9150,9.8780,9.8940,1116836
2011-06-15 15:49:00,9.9020,9.9150,9.8810,9.9000,1133496
2011-06-15 15:48:00,9.9090,9.9200,9.8830,9.8990,1924412
2011-06-15 15:47:00,9.9030,9.9220,9.8800,9.9040,2101428
2011-06-15 15:46:00,9.8960,9.9160,9.8740,9.8980,2084544
2011-06-15 15:45:00,9.8890,9.9100,9.8660,9.8920,2237144
2011-06-15 15:44:00,9.8850,9.9000,9.8630,9.8850,1159732
2011-06-15 15:43:00,9.8800,9.8970,9.8610,9.8830,1778560
2011-06-15 15:42:00,9.8850,9.8980,9.8600,9.8770,2043132
2011-06-15 15:41:00,9.8750,9.8950,9.8560,9.8770,3376492
2011-06-15 15:40:00,9.8700,9.8900,9.8500,9.8720,2275420
2011-06-15 15:39:00,9.8680,9.8800,9.8480,9.8650,1012788
2011-06-15 15:38:00,9.8700,9.8830,9.8480,9.8650,1737876
2011-06-15 15:37:00,9.8640,9.8830,9.8450,9.8670,1140412
2011-06-15 15:36:00,9.8640,9.8770,9.8400,9.8600,1783404
2011-06-15 15:35:00,9.8660,9.8770,9.8440,9.8610,1053948
2011-06-15 15:34:00,9.8650,9.8800,9.8440,9.8630,834568
2011-06-15 15:33:00,9.8740,9.8840,9.8430,9.8610,1378832
2011-06-15 15:32:00,9.8760,9.8870,9.8540,9.8690,595812
2011-06-15 15:31:00,9.8720,9.8870,9.8530,9.8740,1307516
2011-06-15 15:30:00,9.8790,9.8900,9.8510,9.8680,1232672
2011-06-15 15:29:00,9.8770,9.8890,9.8440,9.8750,2843176
2011-06-15 15:28:00,9.8790,9.8930,9.8560,9.8710,1539524
2011-06-15 15:27:00,9.8840,9.9010,9.8580,9.8760,3670128
2011-06-15 15:26:00,9.8700,9.8950,9.8470,9.8800,2498020
2011-06-15 15:25:00,9.8730,9.8840,9.8460,9.8660,1833664
2011-06-15 15:24:00,9.8700,9.8870,9.8490,9.8680,1071812
2011-06-15 15:23:00,9.8670,9.8830,9.8460,9.8660,2130576
2011-06-15 15:22:00,9.8650,9.8790,9.8410,9.8620,1503152
2011-06-15 15:21:00,9.8590,9.8770,9.8330,9.8610,1760388
2011-06-15 15:20:00,9.8670,9.8790,9.8350,9.8570,1599668
2011-06-15 15:19:00,9.8610,9.8790,9.8410,9.8640,806512
2011-06-15 15:18:00,9.8680,9.8780,9.8400,9.8560,1043056
2011-06-15 15:17:00,9.8680,9.8850,9.8460,9.8630,1101296
2011-06-15 15:16:00,9.8670,9.8810,9.8460,9.8630,1215480
2011-06-15 15:15:00,9.8710,9.8810,9.8450,9.8620,1029364
2011-06-15 15:14:00,9.8660,9.8800,9.8450,9.8650,624064
2011-06-15 15:13:00,9.8650,9.8830,9.8430,9.8610,1337364
2011-06-15 15:12:00,9.8630,9.8760,9.8390,9.8590,1077020
2011-06-15 15:11:00,9.8630,9.8770,9.8320,9.8570,7683536
2011-06-15 15:10:00,9.8710,9.8810,9.8430,9.8600,2086196
2011-06-15 15:09:00,9.8720,9.8880,9.8490,9.8680,1485120
2011-06-15 15:08:00,9.8790,9.8940,9.8510,9.8670,1039948
2011-06-15 15:07:00,9.8880,9.8980,9.8600,9.8750,636804
2011-06-15 15:06:00,9.8830,9.8980,9.8590,9.8840,1292256
2011-06-15 15:05:00,9.8850,9.8980,9.8610,9.8790,1283492
2011-06-15 15:04:00,9.8900,9.9050,9.8660,9.8830,738948
2011-06-15 15:03:00,9.8940,9.9060,9.8710,9.8890,337036
2011-06-15 15:02:00,9.9000,9.9100,9.8710,9.8880,560252
2011-06-15 15:01:00,9.8850,9.9120,9.8660,9.8960,882280
2011-06-15 15:00:00,9.8860,9.9010,9.8630,9.8810,746396
2011-06-15 14:59:00,9.8930,9.9060,9.8660,9.8840,562772
2011-06-15 14:58:00,9.8900,9.9050,9.8660,9.8910,543760
2011-06-15 14:57:00,9.8830,9.9010,9.8630,9.8840,856604
2011-06-15 14:56:00,9.8890,9.8980,9.8620,9.8780,607264
2011-06-15 14:55:00,9.8840,9.9000,9.8630,9.8860,577332
2011-06-15 14:54:00,9.8860,9.8980,9.8630,9.8780,1026004
2011-06-15 14:53:00,9.8980,9.9080,9.8630,9.8850,1857632
2011-06-15 14:52:00,9.9000,9.9130,9.8760,9.8930,438620
2011-06-15 14:51:00,9.8930,9.9150,9.8740,9.8970,313684
2011-06-15 14:50:00,9.9040,9.9140,9.8690,9.8900,1638616
2011-06-15 14:49:00,9.9130,9.9300,9.8840,9.8990,1497916
2011-06-15 14:48:00,9.8890,9.9220,9.8680,9.9090,1655360
2011-06-15 14:47:00,9.8880,9.9040,9.8670,9.8850,990388
2011-06-15 14:46:00,9.9010,9.9120,9.8670,9.8850,1788724
2011-06-15 14:45:00,9.9040,9.9190,9.8810,9.8980,446628
2011-06-15 14:44:00,9.9020,9.9170,9.8830,9.8990,199864
2011-06-15 14:43:00,9.9010,9.9150,9.8790,9.9000,417424
2011-06-15 14:42:00,9.9070,9.9180,9.8790,9.8960,433748
2011-06-15 14:41:00,9.9040,9.9190,9.8820,9.9010,578424
2011-06-15 14:40:00,9.9150,9.9250,9.8850,9.9010,506660
2011-06-15 14:39:00,9.9150,9.9260,9.8920,9.9120,297332
2011-06-15 14:38:00,9.9130,9.9290,9.8920,9.9080,638512
2011-06-15 14:37:00,9.9070,9.9270,9.8880,9.9100,516628
2011-06-15 14:36:00,9.9090,9.9190,9.8870,9.9040,183400
2011-06-15 14:35:00,9.9090,9.9190,9.8870,9.9020,280056
2011-06-15 14:34:00,9.9140,9.9240,9.8870,9.9050,565432
2011-06-15 14:33:00,9.9050,9.9250,9.8850,9.9100,957656
2011-06-15 14:32:00,9.9030,9.9170,9.8830,9.9010,383768
2011-06-15 14:31:00,9.9020,9.9160,9.8800,9.9010,496860
2011-06-15 14:30:00,9.8920,9.9160,9.8700,9.8990,950376
2011-06-15 14:29:00,9.8880,9.9050,9.8690,9.8890,525224
2011-06-15 14:28:00,9.8930,9.9050,9.8660,9.8840,1664824
2011-06-15 14:27:00,9.8900,9.9050,9.8700,9.8900,378504
2011-06-15 14:26:00,9.8950,9.9080,9.8700,9.8860,445872
2011-06-15 14:25:00,9.8910,9.9060,9.8700,9.8910,606900
2011-06-15 14:24:00,9.8920,9.9060,9.8690,9.8870,608216
2011-06-15 14:23:00,9.8910,9.9080,9.8700,9.8870,591864
2011-06-15 14:22:00,9.8950,9.9090,9.8710,9.8880,414064
2011-06-15 14:21:00,9.8940,9.9080,9.8700,9.8900,475916
2011-06-15 14:20:00,9.8930,9.9060,9.8700,9.8900,671328
2011-06-15 14:19:00,9.8980,9.9110,9.8720,9.8900,848288
2011-06-15 14:18:00,9.9000,9.9110,9.8770,9.8940,608048
2011-06-15 14:17:00,9.9030,9.9140,9.8790,9.8940,504364
2011-06-15 14:16:00,9.9080,9.9180,9.8800,9.8970,851760
2011-06-15 14:15:00,9.9030,9.9180,9.8830,9.9040,537600
2011-06-15 14:14:00,9.9030,9.9150,9.8820,9.8980,216944
2011-06-15 14:13:00,9.9040,9.9170,9.8830,9.9000,522676
2011-06-15 14:12:00,9.9120,9.9230,9.8840,9.9000,569660
2011-06-15 14:11:00,9.9120,9.9270,9.8920,9.9100,413056
2011-06-15 14:10:00,9.9100,9.9250,9.8890,9.9090,614376
2011-06-15 14:09:00,9.9170,9.9280,9.8900,9.9080,649712
2011-06-15 14:08:00,9.9180,9.9290,9.8940,9.9140,626668
2011-06-15 14:07:00,9.9100,9.9280,9.8890,9.9130,734328
2011-06-15 14:06:00,9.9120,9.9240,9.8870,9.9060,954912
2011-06-15 14:05:00,9.9070,9.9210,9.8870,9.9080,502180
2011-06-15 14:04:00,9.9090,9.9200,9.8830,9.9010,472276
2011-06-15 14:03:00,9.9090,9.9200,9.8870,9.9060,374528
2011-06-15 14:02:00,9.9080,9.9220,9.8890,9.9050,647136
2011-06-15 14:01:00,9.9060,9.9190,9.8860,9.9050,669788
2011-06-15 14:00:00,9.8990,9.9170,9.8790,9.9020,680148
2011-06-15 13:59:00,9.9000,9.9130,9.8790,9.8960,1354528
2011-06-15 13:58:00,9.9050,9.9150,9.8800,9.8970,1360800
2011-06-15 13:57:00,9.8970,9.9150,9.8780,9.9010,597044
2011-06-15 13:56:00,9.9010,9.9120,9.8780,9.8940,489860
2011-06-15 13:55:00,9.9000,9.9120,9.8770,9.8970,997584
2011-06-15 13:54:00,9.9050,9.9160,9.8810,9.8980,1069964
2011-06-15 13:53:00,9.9030,9.9160,9.8790,9.9000,800520
2011-06-15 13:52:00,9.9140,9.9240,9.8830,9.8990,570192
2011-06-15 13:51:00,9.9150,9.9260,9.8890,9.9090,508900
2011-06-15 13:50:00,9.9170,9.9310,9.8950,9.9110,410004
2011-06-15 13:49:00,9.9140,9.9280,9.8940,9.9130,361116
2011-06-15 13:48:00,9.9110,9.9250,9.8920,9.9110,340620
2011-06-15 13:47:00,9.9130,9.9250,9.8900,9.9060,436800
2011-06-15 13:46:00,9.9130,9.9230,9.8870,9.9070,985768
2011-06-15 13:45:00,9.9190,9.9310,9.8930,9.9100,411320
2011-06-15 13:44:00,9.9170,9.9310,9.8950,9.9150,673064
2011-06-15 13:43:00,9.9160,9.9270,9.8940,9.9120,759388
2011-06-15 13:42:00,9.9150,9.9270,9.8940,9.9120,720776
2011-06-15 13:41:00,9.9160,9.9270,9.8940,9.9120,249452
2011-06-15 13:40:00,9.9020,9.9260,9.8820,9.9110,679616
2011-06-15 13:39:00,9.8990,9.9140,9.8790,9.9000,296212
2011-06-15 13:38:00,9.8950,9.9110,9.8750,9.8970,707448
2011-06-15 13:37:00,9.8990,9.9120,9.8760,9.8920,534296
2011-06-15 13:36:00,9.9070,9.9200,9.8790,9.8970,644364
2011-06-15 13:35:00,9.9110,9.9230,9.8860,9.9030,317604
2011-06-15 13:34:00,9.9150,9.9290,9.8920,9.9080,412328
2011-06-15 13:33:00,9.9140,9.9310,9.8940,9.9120,367192
2011-06-15 13:32:00,9.9180,9.9310,9.8960,9.9110,421232
2011-06-15 13:31:00,9.9210,9.9320,9.8970,9.9150,736456
2011-06-15 13:30:00,9.9180,9.9310,9.8930,9.9170,645708
2011-06-15 13:29:00,9.9160,9.9300,9.8920,9.9150,781088
2011-06-15 13:28:00,9.9110,9.9310,9.8910,9.9120,1173088
2011-06-15 13:27:00,9.9070,9.9220,9.8870,9.9070,453348
2011-06-15 13:26:00,9.9030,9.9190,9.8830,9.9040,372736
2011-06-15 13:25:00,9.9020,9.9130,9.8800,9.8990,549976
2011-06-15 13:24:00,9.8890,9.9120,9.8690,9.8980,870128
2011-06-15 13:23:00,9.8850,9.9040,9.8660,9.8850,831404
2011-06-15 13:22:00,9.8880,9.8990,9.8660,9.8820,978264
2011-06-15 13:21:00,9.8940,9.9050,9.8670,9.8830,772072
2011-06-15 13:20:00,9.8910,9.9040,9.8700,9.8880,364280
2011-06-15 13:19:00,9.9010,9.9130,9.8720,9.8870,543144
2011-06-15 13:18:00,9.8920,9.9130,9.8690,9.8970,607572
2011-06-15 13:17:00,9.8940,9.9060,9.8710,9.8880,286132
2011-06-15 13:16:00,9.8930,9.9050,9.8690,9.8890,611268
2011-06-15 13:15:00,9.8960,9.9080,9.8710,9.8890,386400
2011-06-15 13:14:00,9.8920,9.9070,9.8710,9.8920,455392
2011-06-15 13:13:00,9.8930,9.9060,9.8720,9.8900,284928
2011-06-15 13:12:00,9.8950,9.9070,9.8720,9.8880,354200
2011-06-15 13:11:00,9.8990,9.9100,9.8720,9.8910,572712
2011-06-15 13:10:00,9.9020,9.9120,9.8790,9.8970,348376
2011-06-15 13:09:00,9.9080,9.9180,9.8800,9.8970,314020
2011-06-15 13:08:00,9.9090,9.9210,9.8870,9.9040,295988
2011-06-15 13:07:00,9.9030,9.9190,9.8790,9.9050,437416
2011-06-15 13:06:00,9.9040,9.9210,9.8840,9.9000,694848
2011-06-15 13:05:00,9.9000,9.9150,9.8730,9.9010,887404
2011-06-15 13:04:00,9.8970,9.9120,9.8770,9.8980,243712
2011-06-15 13:03:00,9.9020,9.9120,9.8750,9.8920,277256
2011-06-15 13:02:00,9.9070,9.9190,9.8810,9.8990,502124
2011-06-15 13:01:00,9.8960,9.9190,9.8740,9.9030,577444
2011-06-15 13:00:00,9.8940,9.9110,9.8720,9.8940,759528
2011-06-15 12:59:00,9.8910,9.9050,9.8700,9.8890,376908
2011-06-15 12:58:00,9.8890,9.9010,9.8690,9.8860,460572
2011-06-15 12:57:00,9.8920,9.9040,9.8670,9.8870,790552
2011-06-15 12:56:00,9.8910,9.9090,9.8720,9.8890,968464
2011-06-15 12:55:00,9.9010,9.9140,9.8720,9.8880,697872
2011-06-15 12:54:00,9.9090,9.9190,9.8810,9.8990,401352
2011-06-15 12:53:00,9.9090,9.9210,9.8850,9.9060,412048
2011-06-15 12:52:00,9.9150,9.9250,9.8900,9.9060,320404
2011-06-15 12:51:00,9.9090,9.9270,9.8850,9.9120,411320
2011-06-15 12:50:00,9.9110,9.9220,9.8880,9.9030,167356
2011-06-15 12:49:00,9.9110,9.9220,9.8880,9.9060,384916
2011-06-15 12:48:00,9.9050,9.9210,9.8850,9.9060,339780
2011-06-15 12:47:00,9.9150,9.9260,9.8860,9.9030,739900
2011-06-15 12:46:00,9.9140,9.9280,9.8940,9.9110,700700
2011-06-15 12:45:00,9.9120,9.9240,9.8890,9.9100,440804
2011-06-15 12:44:00,9.9120,9.9230,9.8860,9.9080,828884
2011-06-15 12:43:00,9.9140,9.9260,9.8930,9.9090,489972
2011-06-15 12:42:00,9.9120,9.9280,9.8920,9.9110,827652
2011-06-15 12:41:00,9.9120,9.9250,9.8910,9.9080,216272
2011-06-15 12:40:00,9.9090,9.9230,9.8900,9.9070,441896
2011-06-15 12:39:00,9.9130,9.9250,9.8900,9.9050,666064
2011-06-15 12:38:00,9.9090,9.9250,9.8890,9.9110,497336
2011-06-15 12:37:00,9.9090,9.9220,9.8870,9.9050,463708
2011-06-15 12:36:00,9.9040,9.9190,9.8840,9.9040,653492
2011-06-15 12:35:00,9.8990,9.9150,9.8800,9.9000,738388
2011-06-15 12:34:00,9.9000,9.9160,9.8780,9.8970,723212
2011-06-15 12:33:00,9.9020,9.9140,9.8790,9.8960,807296
2011-06-15 12:32:00,9.9010,9.9130,9.8800,9.8970,875084
2011-06-15 12:31:00,9.9040,9.9180,9.8810,9.8960,869960
2011-06-15 12:30:00,9.9000,9.9160,9.8810,9.9010,1035860
2011-06-15 12:29:00,9.8930,9.9140,9.8720,9.8950,1675688
2011-06-15 12:28:00,9.8920,9.9050,9.8700,9.8880,977984
2011-06-15 12:27:00,9.8940,9.9060,9.8690,9.8870,615300
2011-06-15 12:26:00,9.8860,9.9050,9.8650,9.8910,1439900
2011-06-15 12:25:00,9.8950,9.9060,9.8600,9.8810,3262112
2011-06-15 12:24:00,9.9000,9.9110,9.8750,9.8900,819336
2011-06-15 12:23:00,9.8950,9.9090,9.8750,9.8960,1053164
2011-06-15 12:22:00,9.9020,9.9120,9.8750,9.8930,1872584
2011-06-15 12:21:00,9.9070,9.9180,9.8810,9.9000,622944
2011-06-15 12:20:00,9.9000,9.9190,9.8810,9.9050,517160
2011-06-15 12:19:00,9.9020,9.9180,9.8790,9.8970,1050756
2011-06-15 12:18:00,9.9050,9.9160,9.8790,9.8980,2286256
2011-06-15 12:17:00,9.9120,9.9300,9.8850,9.9010,1368948
2011-06-15 12:16:00,9.9150,9.9310,9.8920,9.9080,1215396
2011-06-15 12:15:00,9.9220,9.9320,9.8950,9.9120,1149904
2011-06-15 12:14:00,9.9220,9.9330,9.9000,9.9180,467712
2011-06-15 12:13:00,9.9160,9.9360,9.8960,9.9170,1360324
2011-06-15 12:12:00,9.9160,9.9300,9.8970,9.9120,387744
2011-06-15 12:11:00,9.9160,9.9340,9.8960,9.9120,1473136
2011-06-15 12:10:00,9.9250,9.9370,9.8970,9.9120,576184
2011-06-15 12:09:00,9.9280,9.9400,9.9050,9.9210,234640
2011-06-15 12:08:00,9.9250,9.9400,9.9050,9.9240,336420
2011-06-15 12:07:00,9.9250,9.9400,9.9050,9.9210,285880
2011-06-15 12:06:00,9.9270,9.9420,9.9050,9.9230,450688
2011-06-15 12:05:00,9.9290,9.9400,9.9060,9.9230,293720
2011-06-15 12:04:00,9.9300,9.9420,9.9060,9.9260,672924
2011-06-15 12:03:00,9.9190,9.9400,9.8980,9.9270,1857464
2011-06-15 12:02:00,9.9230,9.9350,9.8970,9.9130,981232
2011-06-15 12:01:00,9.9270,9.9400,9.9040,9.9210,495012
2011-06-15 12:00:00,9.9290,9.9400,9.9060,9.9230,488460
2011-06-15 11:59:00,9.9320,9.9420,9.9050,9.9240,361424
2011-06-15 11:58:00,9.9280,9.9450,9.9060,9.9290,373660
2011-06-15 11:57:00,9.9310,9.9460,9.9080,9.9240,469336
2011-06-15 11:56:00,9.9280,9.9430,9.9030,9.9290,878164
2011-06-15 11:55:00,9.9350,9.9470,9.9060,9.9260,746004
2011-06-15 11:54:00,9.9390,9.9500,9.9140,9.9290,645232
2011-06-15 11:53:00,9.9280,9.9500,9.9080,9.9340,1850436
2011-06-15 11:52:00,9.9270,9.9480,9.9080,9.9260,1305136
2011-06-15 11:51:00,9.9220,9.9390,9.9010,9.9240,2172576
2011-06-15 11:50:00,9.9250,9.9350,9.8970,9.9180,2860396
2011-06-15 11:49:00,9.9310,9.9420,9.9040,9.9220,1373400
2011-06-15 11:48:00,9.9340,9.9480,9.9100,9.9270,2446556
2011-06-15 11:47:00,9.9350,9.9470,9.9130,9.9290,757204
2011-06-15 11:46:00,9.9380,9.9530,9.9160,9.9330,1035160
2011-06-15 11:45:00,9.9380,9.9510,9.9150,9.9350,1020376
2011-06-15 11:44:00,9.9440,9.9550,9.9190,9.9350,1093596
2011-06-15 11:43:00,9.9410,9.9560,9.9200,9.9410,1146740
2011-06-15 11:42:00,9.9470,9.9570,9.9200,9.9360,1511188
2011-06-15 11:41:00,9.9420,9.9610,9.9170,9.9460,2834888
2011-06-15 11:40:00,9.9460,9.9630,9.9230,9.9390,2332288
2011-06-15 11:39:00,9.9470,9.9590,9.9220,9.9440,1019760
2011-06-15 11:38:00,9.9530,9.9650,9.9280,9.9440,1175440
2011-06-15 11:37:00,9.9540,9.9640,9.9220,9.9500,2987572
2011-06-15 11:36:00,9.9570,9.9700,9.9340,9.9510,501004
2011-06-15 11:35:00,9.9610,9.9710,9.9380,9.9530,335580
2011-06-15 11:34:00,9.9590,9.9710,9.9370,9.9550,746312
2011-06-15 11:33:00,9.9540,9.9690,9.9340,9.9550,705824
2011-06-15 11:32:00,9.9590,9.9740,9.9350,9.9510,1433656
2011-06-15 11:31:00,9.9640,9.9770,9.9400,9.9550,2024120
2011-06-15 11:30:00,9.9660,9.9780,9.9460,9.9620,124600
2011-06-15 11:29:00,9.9710,9.9810,9.9430,9.9610,402024
2011-06-15 11:28:00,9.9690,9.9820,9.9450,9.9660,614824
2011-06-15 11:27:00,9.9700,9.9820,9.9500,9.9660,114352
2011-06-15 11:26:00,9.9710,9.9840,9.9510,9.9670,388080
2011-06-15 11:25:00,9.9740,9.9850,9.9510,9.9670,599396
2011-06-15 11:24:00,9.9810,9.9910,9.9540,9.9700,230160
2011-06-15 11:23:00,9.9790,9.9910,9.9570,9.9780,326844
2011-06-15 11:22:00,9.9730,9.9910,9.9530,9.9740,677264
2011-06-15 11:21:00,9.9750,9.9850,9.9510,9.9700,294420
2011-06-15 11:20:00,9.9770,9.9870,9.9540,9.9710,364364
2011-06-15 11:19:00,9.9670,9.9870,9.9470,9.9730,585564
2011-06-15 11:18:00,9.9680,9.9800,9.9460,9.9630,389088
2011-06-15 11:17:00,9.9720,9.9840,9.9480,9.9640,851648
2011-06-15 11:16:00,9.9690,9.9830,9.9480,9.9680,376348
2011-06-15 11:15:00,9.9640,9.9800,9.9450,9.9640,223720
2011-06-15 11:14:00,9.9660,9.9800,9.9460,9.9620,325164
2011-06-15 11:13:00,9.9660,9.9770,9.9430,9.9630,907592
2011-06-15 11:12:00,9.9640,9.9800,9.9440,9.9640,253092
2011-06-15 11:11:00,9.9670,9.9770,9.9430,9.9610,944860
2011-06-15 11:10:00,9.9680,9.9790,9.9440,9.9620,754040
2011-06-15 11:09:00,9.9660,9.9800,9.9460,9.9650,238084
2011-06-15 11:08:00,9.9660,9.9790,9.9450,9.9620,330792
2011-06-15 11:07:00,9.9630,9.9800,9.9430,9.9620,307552
2011-06-15 11:06:00,9.9660,9.9770,9.9430,9.9590,537544
2011-06-15 11:05:00,9.9630,9.9790,9.9430,9.9620,1129436
2011-06-15 11:04:00,9.9710,9.9830,9.9440,9.9590,737016
2011-06-15 11:03:00,9.9730,9.9840,9.9490,9.9680,347060
2011-06-15 11:02:00,9.9730,9.9890,9.9510,9.9680,397460
2011-06-15 11:01:00,9.9690,9.9840,9.9480,9.9690,521780
2011-06-15 11:00:00,9.9720,9.9850,9.9480,9.9640,674856
2011-06-15 10:59:00,9.9820,9.9920,9.9540,9.9690,547568
2011-06-15 10:58:00,9.9840,9.9980,9.9630,9.9780,510440
2011-06-15 10:57:00,9.9760,9.9950,9.9570,9.9820,402304
2011-06-15 10:56:00,9.9770,9.9900,9.9570,9.9730,343980
2011-06-15 10:55:00,9.9730,9.9900,9.9540,9.9740,526988
2011-06-15 10:54:00,9.9690,9.9840,9.9500,9.9690,723716
2011-06-15 10:53:00,9.9750,9.9850,9.9490,9.9650,729792
2011-06-15 10:52:00,9.9810,9.9910,9.9520,9.9700,1167152
2011-06-15 10:51:00,9.9830,9.9950,9.9570,9.9760,720860
2011-06-15 10:50:00,9.9900,10.0020,9.9640,9.9800,741356
2011-06-15 10:49:00,9.9880,10.0030,9.9670,9.9850,251328
2011-06-15 10:48:00,9.9870,10.0010,9.9660,9.9840,667128
2011-06-15 10:47:00,9.9930,10.0040,9.9670,9.9830,561680
2011-06-15 10:46:00,9.9890,10.0030,9.9670,9.9890,826644
2011-06-15 10:45:00,9.9960,10.0070,9.9700,9.9850,739760
2011-06-15 10:44:00,9.9820,10.0050,9.9610,9.9910,936684
2011-06-15 10:43:00,9.9760,9.9970,9.9560,9.9790,435456
2011-06-15 10:42:00,9.9810,9.9940,9.9560,9.9720,570612
2011-06-15 10:41:00,9.9750,9.9920,9.9550,9.9770,535192
2011-06-15 10:40:00,9.9790,9.9890,9.9540,9.9710,758716
2011-06-15 10:39:00,9.9700,9.9880,9.9490,9.9740,450016
2011-06-15 10:38:00,9.9730,9.9840,9.9470,9.9650,565180
2011-06-15 10:37:00,9.9690,9.9870,9.9500,9.9690,887628
2011-06-15 10:36:00,9.9700,9.9820,9.9480,9.9650,856632
2011-06-15 10:35:00,9.9750,9.9850,9.9490,9.9650,1107624
2011-06-15 10:34:00,9.9730,9.9880,9.9540,9.9710,572068
2011-06-15 10:33:00,9.9780,9.9900,9.9530,9.9690,1032696
2011-06-15 10:32:00,9.9820,9.9930,9.9560,9.9740,1086064
2011-06-15 10:31:00,9.9880,9.9990,9.9620,9.9780,941052
2011-06-15 10:30:00,9.9840,9.9990,9.9610,9.9830,1058092
2011-06-15 10:29:00,9.9870,9.9990,9.9630,9.9790,675528
2011-06-15 10:28:00,9.9850,10.0000,9.9660,9.9820,788172
2011-06-15 10:27:00,9.9880,10.0000,9.9630,9.9820,799988
2011-06-15 10:26:00,9.9930,10.0030,9.9660,9.9830,653072
2011-06-15 10:25:00,9.9950,10.0060,9.9710,9.9890,130508
2011-06-15 10:24:00,9.9940,10.0060,9.9660,9.9910,593684
2011-06-15 10:23:00,9.9990,10.0120,9.9730,9.9910,545216
2011-06-15 10:22:00,9.9960,10.0090,9.9700,9.9950,416052
2011-06-15 10:21:00,9.9900,10.0070,9.9690,9.9930,639520
2011-06-15 10:20:00,9.9890,10.0010,9.9660,9.9840,815584
2011-06-15 10:19:00,9.9920,10.0040,9.9710,9.9870,261044
2011-06-15 10:18:00,9.9930,10.0030,9.9690,9.9880,812588
2011-06-15 10:17:00,9.9920,10.0100,9.9720,9.9910,401240
2011-06-15 10:16:00,9.9980,10.0090,9.9720,9.9880,764344
2011-06-15 10:15:00,10.0000,10.0150,9.9790,9.9940,336700
2011-06-15 10:14:00,10.0020,10.0140,9.9760,9.9960,538748
2011-06-15 10:13:00,9.9960,10.0120,9.9730,9.9970,515592
2011-06-15 10:12:00,9.9980,10.0100,9.9720,9.9930,1267420
2011-06-15 10:11:00,10.0130,10.0250,9.9750,9.9940,1862336
2011-06-15 10:10:00,10.0040,10.0230,9.9840,10.0090,1657516
2011-06-15 10:09:00,10.0000,10.0140,9.9730,9.9990,1109668
2011-06-15 10:08:00,10.0040,10.0160,9.9790,9.9970,1216572
2011-06-15 10:07:00,9.9900,10.0140,9.9670,10.0000,1374996
2011-06-15 10:06:00,9.9910,10.0040,9.9680,9.9860,726628
2011-06-15 10:05:00,9.9850,10.0050,9.9640,9.9880,1756356
2011-06-15 10:04:00,9.9860,9.9980,9.9570,9.9800,829024
2011-06-15 10:03:00,9.9780,9.9960,9.9570,9.9820,603624
2011-06-15 10:02:00,9.9810,9.9970,9.9580,9.9750,993300
2011-06-15 10:01:00,9.9770,9.9960,9.9570,9.9760,850556
2011-06-15 10:00:00,9.9790,9.9920,9.9550,9.9710,609056
2011-06-15 09:59:00,9.9770,9.9930,9.9570,9.9760,515872
2011-06-15 09:58:00,9.9740,9.9900,9.9540,9.9740,694932
2011-06-15 09:57:00,9.9780,9.9930,9.9540,9.9720,822556
2011-06-15 09:56:00,9.9790,9.9900,9.9580,9.9760,537684
2011-06-15 09:55:00,9.9830,9.9950,9.9570,9.9760,869820
2011-06-15 09:54:00,9.9730,9.9950,9.9510,9.9790,1412208
2011-06-15 09:53:00,9.9740,9.9910,9.9540,9.9710,1125012
2011-06-15 09:52:00,9.9750,9.9870,9.9530,9.9700,904120
2011-06-15 09:51:00,9.9830,9.9930,9.9540,9.9710,1715224
2011-06-15 09:50:00,9.9840,10.0010,9.9630,9.9800,927920
2011-06-15 09:49:00,9.9920,10.0020,9.9610,9.9800,1331960
2011-06-15 09:48:00,9.9840,10.0050,9.9650,9.9870,1631504
2011-06-15 09:47:00,9.9790,9.9960,9.9600,9.9800,1178548
2011-06-15 09:46:00,9.9820,9.9950,9.9550,9.9750,1652476
2011-06-15 09:45:00,9.9860,9.9960,9.9580,9.9790,755860
2011-06-15 09:44:00,9.9760,9.9980,9.9520,9.9800,2613968
2011-06-15 09:43:00,9.9810,9.9930,9.9570,9.9740,1123472
2011-06-15 09:42:00,9.9670,9.9950,9.9460,9.9780,2104704
2011-06-15 09:41:00,9.9710,9.9820,9.9450,9.9620,819336
2011-06-15 09:40:00,9.9650,9.9810,9.9390,9.9660,1453116
2011-06-15 09:39:00,9.9680,9.9790,9.9410,9.9600,1314208
2011-06-15 09:38:00,9.9750,9.9870,9.9480,9.9640,828268
2011-06-15 09:37:00,9.9770,9.9890,9.9480,9.9690,1647520
2011-06-15 09:36:00,9.9800,9.9930,9.9570,9.9740,1338428
2011-06-15 09:35:00,9.9740,9.9920,9.9530,9.9760,2058224
2011-06-15 09:34:00,9.9750,9.9870,9.9500,9.9710,1709820
2011-06-15 09:33:00,9.9710,9.9870,9.9430,9.9710,2236892
2011-06-15 09:32:00,9.9780,9.9950,9.9510,9.9670,2667532
2011-06-15 09:31:00,9.9910,10.0010,9.9460,9.9740,4984784
2011-06-15 09:30:00,9.9980,10.0120,9.9600,9.9840,4367692
2011-06-15 09:29:00,9.9960,10.0090,9.9760,9.9950,16240
2011-06-15 09:28:00,9.9920,10.0040,9.9720,9.9880,31332
2011-06-15 09:27:00,9.9940,10.0040,9.9750,9.9910,29652
2011-06-15 09:26:00,9.9940,10.0070,9.9750,9.9930,42560
2011-06-15 09:24:00,10.0020,10.0120,9.9750,9.9930,51324
2011-06-15 09:23:00,10.0060,10.0160,9.9840,9.9990,11200
2011-06-15 09:22:00,10.0060,10.0160,9.9870,10.0020,7000
2011-06-15 09:21:00,10.0030,10.0160,9.9840,10.0020,18200
2011-06-15 09:20:00,9.9970,10.0130,9.9780,9.9990,46200
2011-06-15 09:19:00,9.9960,10.0070,9.9760,9.9930,30436
2011-06-15 09:18:00,9.9990,10.0090,9.9750,9.9910,15400
2011-06-15 09:17:00,9.9960,10.0060,9.9760,9.9920,8400
2011-06-15 09:16:00,9.9960,10.0070,9.9720,9.9890,33544
2011-06-15 09:15:00,9.9960,10.0070,9.9730,9.9920,21896
2011-06-15 09:14:00,9.9980,10.0080,9.9760,9.9930,38612
2011-06-15 09:13:00,10.0010,10.0110,9.9810,9.9970,2800
2011-06-15 09:12:00,9.9960,10.0060,9.9770,9.9920,2800
2011-06-15 09:11:00,9.9960,10.0070,9.9760,9.9920,19600
2011-06-15 09:10:00,9.9960,10.0120,9.9760,9.9950,40516
2011-06-15 09:09:00,9.9950,10.0090,9.9750,9.9930,33656
2011-06-15 09:08:00,9.9910,10.0010,9.9720,9.9870,16800
2011-06-15 09:07:00,9.9910,10.0020,9.9720,9.9870,118804
2011-06-15 09:06:00,9.9930,10.0030,9.9720,9.9870,25200
2011-06-15 09:04:00,9.9950,10.0060,9.9760,9.9910,19600
2011-06-15 09:03:00,9.9870,10.0010,9.9680,9.9870,44800
2011-06-15 09:02:00,9.9870,10.0000,9.9650,9.9810,47600
2011-06-15 09:01:00,9.9890,10.0010,9.9670,9.9830,64372
2011-06-15 09:00:00,9.9930,10.0070,9.9710,9.9870,47824
2011-06-15 08:59:00,9.9970,10.0070,9.9730,9.9940,57204
2011-06-15 08:58:00,9.9960,10.0070,9.9750,9.9940,67676
2011-06-15 08:57:00,9.9990,10.0120,9.9780,9.9930,32060
2011-06-15 08:56:00,10.0020,10.0130,9.9820,9.9990,12544
2011-06-15 08:55:00,10.0020,10.0130,9.9830,9.9990,14000
2011-06-15 08:54:00,10.0000,10.0100,9.9810,9.9960,2800
2011-06-15 08:53:00,9.9970,10.0070,9.9780,9.9940,30744
2011-06-15 08:51:00,10.0040,10.0140,9.9850,10.0000,2800
2011-06-15 08:50:00,9.9990,10.0150,9.9790,10.0010,26152
2011-06-15 08:49:00,9.9990,10.0090,9.9780,9.9940,8400
2011-06-15 08:48:00,10.0020,10.0120,9.9800,9.9950,42000
2011-06-15 08:47:00,10.0040,10.0160,9.9840,10.0020,46256
2011-06-15 08:45:00,9.9990,10.0090,9.9790,9.9950,25200
2011-06-15 08:44:00,9.9970,10.0070,9.9770,9.9930,2800
2011-06-15 08:43:00,9.9940,10.0070,9.9750,9.9930,5600
2011-06-15 08:42:00,9.9960,10.0060,9.9750,9.9900,58800
2011-06-15 08:41:00,9.9970,10.0070,9.9780,9.9930,5600
2011-06-15 08:40:00,9.9920,10.0100,9.9730,9.9960,41300
2011-06-15 08:39:00,10.0000,10.0100,9.9690,9.9870,44548
2011-06-15 08:38:00,9.9990,10.0090,9.9720,9.9880,58940
2011-06-15 08:37:00,9.9950,10.0150,9.9730,9.9890,72800
2011-06-15 08:36:00,9.9930,10.0030,9.9740,9.9890,2800
2011-06-15 08:35:00,9.9930,10.0070,9.9730,9.9930,17500
2011-06-15 08:34:00,9.9910,10.0010,9.9720,9.9870,5600
2011-06-15 08:33:00,9.9890,10.0040,9.9680,9.9860,48328
2011-06-15 08:32:00,9.9960,10.0070,9.9690,9.9850,44520
2011-06-15 08:31:00,9.9890,10.0070,9.9700,9.9930,90076
2011-06-15 08:30:00,10.0260,10.0360,9.9700,9.9870,374304
2011-06-15 08:29:00,10.0340,10.0440,10.0150,10.0300,2800
2011-06-15 08:28:00,10.0360,10.0510,10.0170,10.0330,19600
2011-06-15 08:27:00,10.0230,10.0440,10.0020,10.0300,37604
2011-06-15 08:26:00,10.0240,10.0380,10.0020,10.0240,34076
2011-06-15 08:25:00,10.0420,10.0530,10.0140,10.0300,47544
2011-06-15 08:23:00,10.0430,10.0530,10.0230,10.0390,2800
2011-06-15 08:21:00,10.0440,10.0540,10.0230,10.0390,5600
2011-06-15 08:19:00,10.0490,10.0590,10.0300,10.0450,2800
2011-06-15 08:16:00,10.0430,10.0530,10.0230,10.0390,15960
2011-06-15 08:15:00,10.0370,10.0530,10.0170,10.0390,14700
2011-06-15 08:13:00,10.0360,10.0470,10.0170,10.0330,2800
2011-06-15 08:11:00,10.0360,10.0460,10.0170,10.0320,3920
2011-06-15 08:09:00,10.0300,10.0410,10.0110,10.0270,8400
2011-06-15 08:08:00,10.0280,10.0380,10.0090,10.0250,2800
2011-06-15 08:07:00,10.0260,10.0360,10.0070,10.0220,13048
2011-06-15 08:06:00,10.0320,10.0420,10.0120,10.0280,2800
2011-06-15 08:05:00,10.0300,10.0410,10.0020,10.0210,49560
2011-06-15 08:03:00,10.0300,10.0410,10.0090,10.0260,31864
2011-06-15 08:02:00,10.0410,10.0510,10.0110,10.0260,180236
2011-06-15 08:00:00,10.0400,10.0610,10.0200,10.0420,46872
2011-06-15 07:57:00,10.0400,10.0510,10.0200,10.0360,16800
2011-06-15 07:55:00,10.0400,10.0510,10.0200,10.0360,8848
2011-06-15 07:52:00,10.0400,10.0510,10.0210,10.0370,8400
2011-06-15 07:51:00,10.0410,10.0510,10.0210,10.0370,2800
2011-06-15 07:50:00,10.0430,10.0530,10.0220,10.0380,14000
2011-06-15 07:49:00,10.0430,10.0530,10.0230,10.0390,2800
2011-06-15 07:43:00,10.0440,10.0570,10.0250,10.0430,5600
2011-06-15 07:40:00,10.0430,10.0530,10.0230,10.0390,2800
2011-06-15 07:39:00,10.0480,10.0580,10.0290,10.0450,5600
2011-06-15 07:34:00,10.0440,10.0550,10.0250,10.0410,19600
2011-06-15 07:33:00,10.0440,10.0550,10.0250,10.0410,5600
2011-06-15 07:28:00,10.0400,10.0510,10.0210,10.0370,2800
2011-06-15 07:26:00,10.0410,10.0510,10.0220,10.0370,5600
2011-06-15 07:22:00,10.0430,10.0530,10.0230,10.0390,5600
2011-06-15 07:20:00,10.0430,10.0530,10.0230,10.0390,5600
2011-06-15 07:19:00,10.0440,10.0540,10.0250,10.0400,5600
2011-06-15 07:18:00,10.0400,10.0540,10.0200,10.0400,5600
2011-06-15 07:16:00,10.0400,10.0510,10.0200,10.0370,28000
2011-06-15 07:15:00,10.0410,10.0510,10.0200,10.0360,5600
2011-06-15 07:12:00,10.0450,10.0550,10.0250,10.0420,8400
2011-06-15 07:11:00,10.0430,10.0530,10.0230,10.0390,11200
2011-06-15 07:09:00,10.0430,10.0530,10.0230,10.0390,5600
2011-06-15 07:07:00,10.0290,10.0390,10.0100,10.0250,2800
2011-06-15 07:05:00,10.0270,10.0370,10.0070,10.0230,2800
2011-06-15 07:00:00,10.0230,10.0330,10.0040,10.0190,5600
2011-06-15 06:58:00,10.0270,10.0380,10.0070,10.0220,15820
2011-06-15 06:37:00,10.0320,10.0420,10.0120,10.0280,2800
2011-06-15 06:20:00,10.0140,10.0240,9.9950,10.0100,2800
2011-06-15 06:10:00,10.0220,10.0320,10.0020,10.0180,2800
2011-06-15 06:06:00,10.0280,10.0380,10.0080,10.0240,2800
2011-06-15 06:05:00,10.0290,10.0390,10.0090,10.0250,2800
2011-06-15 05:19:00,10.0110,10.0210,9.9910,10.0070,2800
2011-06-15 05:18:00,10.0090,10.0200,9.9900,10.0060,5600
2011-06-15 05:17:00,10.0100,10.0200,9.9910,10.0060,2800
2011-06-15 05:16:00,10.0120,10.0220,9.9930,10.0080,5600
2011-06-15 05:12:00,10.0170,10.0270,9.9970,10.0130,11200
2011-06-15 05:10:00,10.0150,10.0250,9.9960,10.0120,5600
2011-06-15 05:07:00,10.0210,10.0310,10.0020,10.0180,5600
2011-06-15 04:39:00,10.0560,10.0660,10.0360,10.0520,2800
2011-06-15 04:02:00,10.0820,10.0920,10.0630,10.0780,5600
2011-06-14 19:59:00,10.1010,10.1120,10.0820,10.0980,38976
2011-06-14 19:58:00,10.1000,10.1100,10.0810,10.0960,4200
2011-06-14 19:53:00,10.1000,10.1100,10.0790,10.0950,29036
2011-06-14 19:51:00,10.1000,10.1100,10.0800,10.0960,4844
2011-06-14 19:49:00,10.0970,10.1080,10.0780,10.0940,5180
2011-06-14 19:36:00,10.0970,10.1070,10.0780,10.0930,4536
2011-06-14 19:21:00,10.0950,10.1050,10.0750,10.0900,7756
2011-06-14 19:02:00,10.0960,10.1070,10.0770,10.0930,21840
2011-06-14 18:59:00,10.0930,10.1030,10.0730,10.0890,7336
2011-06-14 18:57:00,10.0920,10.1020,10.0720,10.0880,2800
2011-06-14 18:56:00,10.0920,10.1030,10.0720,10.0890,16800
2011-06-14 18:55:00,10.0950,10.1050,10.0730,10.0890,29624
2011-06-14 18:52:00,10.0980,10.1080,10.0780,10.0930,19600
2011-06-14 18:46:00,10.0980,10.1090,10.0730,10.0890,11480
2011-06-14 18:43:00,10.1010,10.1120,10.0820,10.0980,11424
2011-06-14 18:38:00,10.1020,10.1120,10.0820,10.0980,2800
2011-06-14 18:37:00,10.1020,10.1120,10.0820,10.0980,2800
2011-06-14 18:36:00,10.1020,10.1120,10.0820,10.0980,2800
2011-06-14 18:35:00,10.1020,10.1120,10.0820,10.0980,5180
2011-06-14 18:33:00,10.1020,10.1120,10.0820,10.0980,11984
2011-06-14 18:32:00,10.1000,10.1100,10.0810,10.0960,11480
2011-06-14 18:28:00,10.1020,10.1120,10.0800,10.0950,5600
2011-06-14 18:25:00,10.1010,10.1120,10.0820,10.0980,11200
2011-06-14 18:22:00,10.0970,10.1070,10.0770,10.0930,19600
2011-06-14 18:21:00,10.0920,10.1040,10.0720,10.0900,5600
2011-06-14 18:13:00,10.0880,10.1020,10.0690,10.0880,78428
2011-06-14 18:10:00,10.0880,10.0980,10.0610,10.0840,145992
2011-06-14 18:09:00,10.0870,10.0980,10.0680,10.0840,11256
2011-06-14 18:08:00,10.0880,10.0980,10.0690,10.0840,2800
2011-06-14 18:06:00,10.0860,10.0970,10.0660,10.0830,5600
2011-06-14 18:04:00,10.0820,10.0920,10.0620,10.0780,17780
2011-06-14 17:31:00,10.0840,10.0950,10.0650,10.0810,9016
2011-06-14 17:27:00,10.0810,10.0910,10.0620,10.0770,6216
2011-06-14 17:20:00,10.0870,10.0970,10.0670,10.0830,2800
2011-06-14 17:17:00,10.0800,10.0900,10.0610,10.0760,16520
2011-06-14 17:15:00,10.0850,10.0950,10.0630,10.0790,19600
2011-06-14 17:12:00,10.0850,10.0950,10.0660,10.0810,39200
2011-06-14 17:11:00,10.0850,10.0950,10.0660,10.0810,5600
2011-06-14 17:08:00,10.0840,10.0950,10.0650,10.0810,8400
2011-06-14 17:04:00,10.0830,10.0940,10.0640,10.0800,2800
2011-06-14 17:02:00,10.0830,10.0940,10.0640,10.0800,5600
2011-06-14 17:00:00,10.0820,10.0920,10.0630,10.0780,2800
2011-06-14 16:59:00,10.0850,10.0950,10.0660,10.0810,5600
2011-06-14 16:48:00,10.0840,10.0950,10.0650,10.0810,11200
2011-06-14 16:42:00,10.0780,10.0910,10.0590,10.0750,131600
2011-06-14 16:40:00,10.0810,10.0920,10.0620,10.0780,5600
2011-06-14 16:39:00,10.0850,10.0950,10.0650,10.0810,8400
2011-06-14 16:38:00,10.0800,10.0910,10.0610,10.0760,5600
2011-06-14 16:37:00,10.0780,10.0880,10.0580,10.0730,27860
2011-06-14 16:36:00,10.0760,10.0920,10.0570,10.0780,22400
2011-06-14 16:32:00,10.0770,10.0870,10.0570,10.0730,2800
2011-06-14 16:31:00,10.0780,10.0880,10.0560,10.0720,36400
2011-06-14 16:30:00,10.0780,10.0880,10.0580,10.0740,2800
2011-06-14 16:28:00,10.0790,10.0890,10.0580,10.0740,39060
2011-06-14 16:27:00,10.0740,10.0850,10.0550,10.0710,981372
2011-06-14 16:24:00,10.0860,10.0960,10.0660,10.0820,4480
2011-06-14 16:21:00,10.0870,10.0970,10.0630,10.0780,30800
2011-06-14 16:20:00,10.0820,10.0920,10.0630,10.0780,14000
2011-06-14 16:19:00,10.0870,10.0970,10.0680,10.0830,5600
2011-06-14 16:18:00,10.0850,10.0950,10.0660,10.0810,5600
2011-06-14 16:17:00,10.0840,10.0940,10.0650,10.0800,10640
2011-06-14 16:16:00,10.0780,10.0880,10.0580,10.0740,8400
2011-06-14 16:15:00,10.0850,10.0960,10.0660,10.0820,56252
2011-06-14 16:14:00,10.0870,10.0970,10.0680,10.0830,4200
2011-06-14 16:12:00,10.0850,10.0950,10.0660,10.0810,5600
2011-06-14 16:11:00,10.0760,10.0860,10.0350,10.0510,224980
2011-06-14 16:10:00,10.0550,10.0660,10.0360,10.0520,64400
2011-06-14 16:09:00,10.0800,10.0910,10.0610,10.0770,8400
2011-06-14 16:08:00,10.0790,10.0890,10.0590,10.0750,2800
2011-06-14 16:07:00,10.0790,10.0900,10.0590,10.0760,14000
2011-06-14 16:06:00,10.0790,10.0890,10.0350,10.0510,7840
2011-06-14 16:05:00,10.0770,10.0880,10.0570,10.0740,5600
2011-06-14 16:04:00,10.0800,10.0900,10.0600,10.0760,5600
2011-06-14 16:03:00,10.0800,10.0910,10.0360,10.0760,65072
2011-06-14 16:02:00,10.0830,10.0930,10.0350,10.0760,133196
2011-06-14 16:01:00,10.0830,10.0940,10.0620,10.0790,47600
2011-06-14 16:00:00,10.0740,10.0920,10.0550,10.0770,11028892
2011-06-14 15:59:00,10.0790,10.0930,10.0570,10.0730,4461800
2011-06-14 15:58:00,10.0710,10.0890,10.0500,10.0750,4173288
2011-06-14 15:57:00,10.0700,10.0810,10.0480,10.0670,1570940
2011-06-14 15:56:00,10.0730,10.0830,10.0490,10.0660,1767416
2011-06-14 15:55:00,10.0700,10.0830,10.0490,10.0690,1031520
2011-06-14 15:54:00,10.0710,10.0820,10.0470,10.0670,2128784
2011-06-14 15:53:00,10.0710,10.0850,10.0500,10.0670,1184204
2011-06-14 15:52:00,10.0710,10.0840,10.0500,10.0690,978096
2011-06-14 15:51:00,10.0740,10.0850,10.0500,10.0670,1230600
2011-06-14 15:50:00,10.0730,10.0880,10.0520,10.0710,1431304
2011-06-14 15:49:00,10.0710,10.0860,10.0520,10.0690,1139152
2011-06-14 15:48:00,10.0700,10.0830,10.0460,10.0670,922656
2011-06-14 15:47:00,10.0700,10.0830,10.0440,10.0650,1119720
2011-06-14 15:46:00,10.0640,10.0810,10.0430,10.0660,920024
2011-06-14 15:45:00,10.0650,10.0750,10.0380,10.0600,1934828
2011-06-14 15:44:00,10.0670,10.0780,10.0460,10.0620,534016
2011-06-14 15:43:00,10.0690,10.0810,10.0470,10.0640,645736
2011-06-14 15:42:00,10.0670,10.0800,10.0470,10.0660,749000
2011-06-14 15:41:00,10.0640,10.0790,10.0450,10.0630,728112
2011-06-14 15:40:00,10.0620,10.0740,10.0410,10.0600,785008
2011-06-14 15:39:00,10.0650,10.0760,10.0430,10.0600,899416
2011-06-14 15:38:00,10.0650,10.0760,10.0430,10.0620,1234632
2011-06-14 15:37:00,10.0660,10.0810,10.0450,10.0610,1365700
2011-06-14 15:36:00,10.0720,10.0830,10.0460,10.0620,607712
2011-06-14 15:35:00,10.0730,10.0830,10.0470,10.0680,1560468
2011-06-14 15:34:00,10.0700,10.0840,10.0490,10.0680,1297828
2011-06-14 15:33:00,10.0760,10.0870,10.0490,10.0660,1512896
2011-06-14 15:32:00,10.0780,10.0890,10.0570,10.0730,864836
2011-06-14 15:31:00,10.0800,10.0900,10.0570,10.0750,776944
2011-06-14 15:30:00,10.0830,10.0930,10.0580,10.0760,1081668
2011-06-14 15:29:00,10.0800,10.0920,10.0600,10.0780,486192
2011-06-14 15:28:00,10.0810,10.0910,10.0590,10.0760,658196
2011-06-14 15:27:00,10.0780,10.0910,10.0580,10.0770,1303652
2011-06-14 15:26:00,10.0780,10.0900,10.0580,10.0740,1309980
2011-06-14 15:25:00,10.0850,10.0970,10.0590,10.0740,1559768
2011-06-14 15:24:00,10.0880,10.0990,10.0640,10.0800,1227156
2011-06-14 15:23:00,10.0890,10.1010,10.0670,10.0840,647472
2011-06-14 15:22:00,10.0940,10.1050,10.0690,10.0850,836276
2011-06-14 15:21:00,10.0930,10.1040,10.0730,10.0890,273000
2011-06-14 15:20:00,10.0910,10.1040,10.0720,10.0900,437164
2011-06-14 15:19:00,10.0930,10.1040,10.0700,10.0880,981176
2011-06-14 15:18:00,10.0970,10.1080,10.0720,10.0900,647556
2011-06-14 15:17:00,10.1010,10.1120,10.0780,10.0930,749196
2011-06-14 15:16:00,10.1010,10.1130,10.0800,10.0980,526596
2011-06-14 15:15:00,10.0980,10.1120,10.0780,10.0980,565740
2011-06-14 15:14:00,10.0960,10.1080,10.0760,10.0940,263088
2011-06-14 15:13:00,10.0970,10.1090,10.0760,10.0940,311276
2011-06-14 15:12:00,10.0950,10.1090,10.0750,10.0940,336672
2011-06-14 15:11:00,10.0960,10.1090,10.0750,10.0910,340200
2011-06-14 15:10:00,10.0950,10.1080,10.0740,10.0930,500220
2011-06-14 15:09:00,10.1000,10.1100,10.0750,10.0920,525896
2011-06-14 15:08:00,10.0990,10.1120,10.0760,10.0960,1040760
2011-06-14 15:07:00,10.1020,10.1130,10.0790,10.0950,399336
2011-06-14 15:06:00,10.1030,10.1150,10.0790,10.0980,1839040
2011-06-14 15:05:00,10.1020,10.1150,10.0810,10.0990,907676
2011-06-14 15:04:00,10.0990,10.1130,10.0790,10.0990,1124060
2011-06-14 15:03:00,10.1010,10.1120,10.0790,10.0960,842884
2011-06-14 15:02:00,10.1000,10.1120,10.0790,10.0970,1108996
2011-06-14 15:01:00,10.0940,10.1100,10.0740,10.0950,1691760
2011-06-14 15:00:00,10.0870,10.1040,10.0680,10.0900,626444
2011-06-14 14:59:00,10.0860,10.0990,10.0660,10.0840,1004696
2011-06-14 14:58:00,10.0860,10.1000,10.0660,10.0820,584444
2011-06-14 14:57:00,10.0890,10.1000,10.0660,10.0820,354984
2011-06-14 14:56:00,10.0850,10.1000,10.0660,10.0860,430108
2011-06-14 14:55:00,10.0890,10.0990,10.0650,10.0810,621600
2011-06-14 14:54:00,10.0900,10.1010,10.0690,10.0840,275212
2011-06-14 14:53:00,10.0890,10.1000,10.0670,10.0860,347032
2011-06-14 14:52:00,10.0920,10.1020,10.0700,10.0850,235200
2011-06-14 14:51:00,10.0900,10.1020,10.0690,10.0870,414176
2011-06-14 14:50:00,10.0980,10.1090,10.0700,10.0870,885472
2011-06-14 14:49:00,10.0970,10.1090,10.0740,10.0950,696836
2011-06-14 14:48:00,10.0900,10.1080,10.0710,10.0920,1274168
2011-06-14 14:47:00,10.0850,10.1000,10.0660,10.0860,594580
2011-06-14 14:46:00,10.0910,10.1030,10.0660,10.0820,354396
2011-06-14 14:45:00,10.0910,10.1060,10.0700,10.0880,366352
2011-06-14 14:44:00,10.0860,10.1040,10.0660,10.0870,481068
2011-06-14 14:43:00,10.0890,10.1000,10.0660,10.0820,296688
2011-06-14 14:42:00,10.0910,10.1040,10.0660,10.0820,430752
2011-06-14 14:41:00,10.0860,10.1020,10.0660,10.0870,1002120
2011-06-14 14:40:00,10.0860,10.0980,10.0660,10.0820,302568
2011-06-14 14:39:00,10.0870,10.0970,10.0630,10.0810,823480
2011-06-14 14:38:00,10.0860,10.0970,10.0640,10.0820,238000
2011-06-14 14:37:00,10.0840,10.0960,10.0630,10.0810,392448
2011-06-14 14:36:00,10.0890,10.0990,10.0630,10.0800,879592
2011-06-14 14:35:00,10.0910,10.1030,10.0690,10.0860,367584
2011-06-14 14:34:00,10.0900,10.1050,10.0700,10.0870,411936
2011-06-14 14:33:00,10.0860,10.1030,10.0650,10.0880,511308
2011-06-14 14:32:00,10.0930,10.1060,10.0660,10.0830,529872
2011-06-14 14:31:00,10.0930,10.1050,10.0680,10.0890,754404
2011-06-14 14:30:00,10.0960,10.1060,10.0690,10.0890,1225644
2011-06-14 14:29:00,10.0950,10.1110,10.0750,10.0920,2688140
2011-06-14 14:28:00,10.0940,10.1060,10.0720,10.0920,580524
2011-06-14 14:27:00,10.0870,10.1060,10.0680,10.0900,1437156
2011-06-14 14:26:00,10.0910,10.1030,10.0660,10.0820,459004
2011-06-14 14:25:00,10.0900,10.1030,10.0700,10.0870,805364
2011-06-14 14:24:00,10.0890,10.1010,10.0660,10.0860,700112
2011-06-14 14:23:00,10.0870,10.1000,10.0630,10.0860,897596
2011-06-14 14:22:00,10.0840,10.1000,10.0640,10.0830,726908
2011-06-14 14:21:00,10.0820,10.0960,10.0620,10.0820,460320
2011-06-14 14:20:00,10.0830,10.0940,10.0610,10.0780,512456
2011-06-14 14:19:00,10.0800,10.0940,10.0600,10.0800,428932
2011-06-14 14:18:00,10.0800,10.0960,10.0590,10.0750,539840
2011-06-14 14:17:00,10.0830,10.0930,10.0590,10.0760,192080
2011-06-14 14:16:00,10.0830,10.0940,10.0590,10.0790,350252
2011-06-14 14:15:00,10.0760,10.0940,10.0560,10.0800,1063720
2011-06-14 14:14:00,10.0750,10.0880,10.0550,10.0720,256200
2011-06-14 14:13:00,10.0750,10.0880,10.0540,10.0730,541996
2011-06-14 14:12:00,10.0760,10.0880,10.0560,10.0720,738668
2011-06-14 14:11:00,10.0780,10.0880,10.0550,10.0720,518000
2011-06-14 14:10:00,10.0760,10.0890,10.0560,10.0740,738612
2011-06-14 14:09:00,10.0660,10.0870,10.0470,10.0730,1796032
2011-06-14 14:08:00,10.0660,10.0790,10.0460,10.0620,269052
2011-06-14 14:07:00,10.0660,10.0790,10.0460,10.0640,216972
2011-06-14 14:06:00,10.0690,10.0810,10.0460,10.0630,761768
2011-06-14 14:05:00,10.0690,10.0810,10.0480,10.0650,462504
2011-06-14 14:04:00,10.0610,10.0800,10.0420,10.0660,410480
2011-06-14 14:03:00,10.0620,10.0740,10.0410,10.0580,420784
2011-06-14 14:02:00,10.0650,10.0770,10.0430,10.0590,386764
2011-06-14 14:01:00,10.0680,10.0780,10.0440,10.0630,300412
2011-06-14 14:00:00,10.0640,10.0790,10.0440,10.0650,297080
2011-06-14 13:59:00,10.0660,10.0760,10.0440,10.0590,215768
2011-06-14 13:58:00,10.0690,10.0800,10.0450,10.0610,267540
2011-06-14 13:57:00,10.0700,10.0800,10.0460,10.0660,213612
2011-06-14 13:56:00,10.0640,10.0800,10.0400,10.0650,623700
2011-06-14 13:55:00,10.0640,10.0770,10.0440,10.0620,170800
2011-06-14 13:54:00,10.0660,10.0780,10.0450,10.0610,328888
2011-06-14 13:53:00,10.0660,10.0770,10.0440,10.0620,248528
2011-06-14 13:52:00,10.0620,10.0760,10.0430,10.0620,233436
2011-06-14 13:51:00,10.0660,10.0790,10.0410,10.0590,834792
2011-06-14 13:50:00,10.0700,10.0810,10.0470,10.0630,487620
2011-06-14 13:49:00,10.0620,10.0800,10.0430,10.0660,325444
2011-06-14 13:48:00,10.0600,10.0720,10.0400,10.0580,311500
2011-06-14 13:47:00,10.0610,10.0720,10.0360,10.0560,620928
2011-06-14 13:46:00,10.0670,10.0780,10.0410,10.0570,606032
2011-06-14 13:45:00,10.0670,10.0780,10.0450,10.0640,316904
2011-06-14 13:44:00,10.0620,10.0770,10.0420,10.0630,384160
2011-06-14 13:43:00,10.0610,10.0730,10.0400,10.0590,356916
2011-06-14 13:42:00,10.0610,10.0730,10.0400,10.0580,302428
2011-06-14 13:41:00,10.0620,10.0730,10.0410,10.0590,221816
2011-06-14 13:40:00,10.0630,10.0730,10.0390,10.0570,812812
2011-06-14 13:39:00,10.0690,10.0800,10.0430,10.0600,334628
2011-06-14 13:38:00,10.0670,10.0790,10.0460,10.0650,204512
2011-06-14 13:37:00,10.0650,10.0820,10.0460,10.0660,1019928
2011-06-14 13:36:00,10.0660,10.0780,10.0440,10.0610,419860
2011-06-14 13:35:00,10.0660,10.0780,10.0460,10.0630,382760
2011-06-14 13:34:00,10.0670,10.0790,10.0440,10.0630,1024324
2011-06-14 13:33:00,10.0640,10.0800,10.0440,10.0640,674436
2011-06-14 13:32:00,10.0590,10.0770,10.0400,10.0620,1311156
2011-06-14 13:31:00,10.0560,10.0700,10.0350,10.0550,340872
2011-06-14 13:30:00,10.0570,10.0720,10.0370,10.0530,613284
2011-06-14 13:29:00,10.0580,10.0700,10.0370,10.0540,235788
2011-06-14 13:28:00,10.0550,10.0740,10.0340,10.0530,1275400
2011-06-14 13:27:00,10.0550,10.0670,10.0350,10.0520,420308
2011-06-14 13:26:00,10.0540,10.0650,10.0320,10.0510,372988
2011-06-14 13:25:00,10.0570,10.0700,10.0330,10.0490,760928
2011-06-14 13:24:00,10.0540,10.0680,10.0330,10.0540,897484
2011-06-14 13:23:00,10.0490,10.0660,10.0290,10.0520,1406188
2011-06-14 13:22:00,10.0470,10.0600,10.0270,10.0450,1084888
2011-06-14 13:21:00,10.0440,10.0590,10.0240,10.0440,590632
2011-06-14 13:20:00,10.0460,10.0560,10.0220,10.0400,176400
2011-06-14 13:19:00,10.0450,10.0560,10.0250,10.0420,98588
2011-06-14 13:18:00,10.0440,10.0560,10.0240,10.0410,148708
2011-06-14 13:17:00,10.0440,10.0560,10.0230,10.0410,251944
2011-06-14 13:16:00,10.0430,10.0540,10.0220,10.0390,149072
2011-06-14 13:15:00,10.0430,10.0550,10.0220,10.0370,310828
2011-06-14 13:14:00,10.0420,10.0570,10.0230,10.0420,303240
2011-06-14 13:13:00,10.0430,10.0550,10.0230,10.0380,253232
2011-06-14 13:12:00,10.0440,10.0540,10.0210,10.0370,159292
2011-06-14 13:11:00,10.0410,10.0540,10.0220,10.0380,211344
2011-06-14 13:10:00,10.0410,10.0520,10.0210,10.0380,162428
2011-06-14 13:09:00,10.0400,10.0530,10.0160,10.0370,462140
2011-06-14 13:08:00,10.0380,10.0510,10.0180,10.0360,227024
2011-06-14 13:07:00,10.0410,10.0520,10.0190,10.0360,107772
2011-06-14 13:06:00,10.0430,10.0530,10.0180,10.0340,210000
2011-06-14 13:05:00,10.0380,10.0540,10.0190,10.0400,250908
2011-06-14 13:04:00,10.0430,10.0530,10.0180,10.0340,436240
2011-06-14 13:03:00,10.0410,10.0530,10.0220,10.0390,103320
2011-06-14 13:02:00,10.0460,10.0560,10.0210,10.0380,467880
2011-06-14 13:01:00,10.0420,10.0560,10.0220,10.0410,138488
2011-06-14 13:00:00,10.0410,10.0520,10.0200,10.0370,298004
2011-06-14 12:59:00,10.0460,10.0580,10.0200,10.0360,389760
2011-06-14 12:58:00,10.0410,10.0570,10.0200,10.0420,628656
2011-06-14 12:57:00,10.0430,10.0540,10.0200,10.0380,291984
2011-06-14 12:56:00,10.0430,10.0540,10.0230,10.0380,219520
2011-06-14 12:55:00,10.0410,10.0530,10.0220,10.0380,89600
2011-06-14 12:54:00,10.0430,10.0560,10.0210,10.0370,533484
2011-06-14 12:53:00,10.0410,10.0530,10.0210,10.0390,143948
2011-06-14 12:52:00,10.0400,10.0510,10.0200,10.0360,337568
2011-06-14 12:51:00,10.0360,10.0510,10.0170,10.0360,213696
2011-06-14 12:50:00,10.0400,10.0510,10.0170,10.0350,135800
2011-06-14 12:49:00,10.0410,10.0510,10.0200,10.0370,101976
2011-06-14 12:48:00,10.0410,10.0510,10.0150,10.0370,478156
2011-06-14 12:47:00,10.0420,10.0520,10.0210,10.0380,103292
2011-06-14 12:46:00,10.0430,10.0560,10.0200,10.0380,331716
2011-06-14 12:45:00,10.0430,10.0560,10.0210,10.0390,230076
2011-06-14 12:44:00,10.0370,10.0560,10.0150,10.0420,1055712
2011-06-14 12:43:00,10.0350,10.0470,10.0100,10.0330,792260
2011-06-14 12:42:00,10.0380,10.0480,10.0160,10.0320,606788
2011-06-14 12:41:00,10.0390,10.0500,10.0180,10.0340,228200
2011-06-14 12:40:00,10.0370,10.0500,10.0170,10.0340,393540
2011-06-14 12:39:00,10.0350,10.0490,10.0120,10.0330,1419572
2011-06-14 12:38:00,10.0370,10.0480,10.0150,10.0320,1402912
2011-06-14 12:37:00,10.0390,10.0500,10.0160,10.0330,1061480
2011-06-14 12:36:00,10.0440,10.0550,10.0170,10.0340,1007776
2011-06-14 12:35:00,10.0480,10.0590,10.0230,10.0400,512316
2011-06-14 12:34:00,10.0460,10.0590,10.0230,10.0440,209328
2011-06-14 12:33:00,10.0460,10.0560,10.0230,10.0420,125020
2011-06-14 12:32:00,10.0430,10.0570,10.0190,10.0420,577836
2011-06-14 12:31:00,10.0480,10.0590,10.0190,10.0380,804496
2011-06-14 12:30:00,10.0450,10.0590,10.0250,10.0450,743064
2011-06-14 12:29:00,10.0450,10.0550,10.0230,10.0400,203448
2011-06-14 12:28:00,10.0440,10.0550,10.0230,10.0400,242424
2011-06-14 12:27:00,10.0390,10.0560,10.0190,10.0390,224000
2011-06-14 12:26:00,10.0390,10.0490,10.0180,10.0350,98308
2011-06-14 12:25:00,10.0400,10.0510,10.0190,10.0350,81424
2011-06-14 12:24:00,10.0420,10.0550,10.0190,10.0350,246344
2011-06-14 12:23:00,10.0460,10.0570,10.0220,10.0400,330148
2011-06-14 12:22:00,10.0420,10.0560,10.0230,10.0410,359296
2011-06-14 12:21:00,10.0410,10.0550,10.0210,10.0400,271796
2011-06-14 12:20:00,10.0390,10.0530,10.0190,10.0370,327600
2011-06-14 12:19:00,10.0400,10.0530,10.0190,10.0360,314664
2011-06-14 12:18:00,10.0410,10.0540,10.0210,10.0380,212296
2011-06-14 12:17:00,10.0380,10.0520,10.0170,10.0380,401800
2011-06-14 12:16:00,10.0400,10.0550,10.0170,10.0340,554512
2011-06-14 12:15:00,10.0350,10.0510,10.0140,10.0360,708316
2011-06-14 12:14:00,10.0350,10.0490,10.0140,10.0310,1237432
2011-06-14 12:13:00,10.0390,10.0490,10.0140,10.0320,524524
2011-06-14 12:12:00,10.0420,10.0520,10.0200,10.0350,236208
2011-06-14 12:11:00,10.0400,10.0530,10.0200,10.0380,136976
2011-06-14 12:10:00,10.0420,10.0520,10.0200,10.0370,358764
2011-06-14 12:09:00,10.0410,10.0520,10.0210,10.0380,115948
2011-06-14 12:08:00,10.0410,10.0520,10.0190,10.0380,312228
2011-06-14 12:07:00,10.0400,10.0520,10.0200,10.0370,166348
2011-06-14 12:06:00,10.0440,10.0570,10.0200,10.0360,467684
2011-06-14 12:05:00,10.0390,10.0540,10.0200,10.0400,159208
2011-06-14 12:04:00,10.0420,10.0530,10.0180,10.0350,306740
2011-06-14 12:03:00,10.0450,10.0570,10.0210,10.0380,532224
2011-06-14 12:02:00,10.0470,10.0570,10.0240,10.0430,279244
2011-06-14 12:01:00,10.0410,10.0590,10.0210,10.0420,1096592
2011-06-14 12:00:00,10.0390,10.0510,10.0160,10.0360,573076
2011-06-14 11:59:00,10.0410,10.0510,10.0190,10.0350,209076
2011-06-14 11:58:00,10.0380,10.0520,10.0180,10.0370,266000
2011-06-14 11:57:00,10.0350,10.0500,10.0150,10.0340,566748
2011-06-14 11:56:00,10.0400,10.0500,10.0160,10.0310,538020
2011-06-14 11:55:00,10.0310,10.0500,10.0110,10.0350,716184
2011-06-14 11:54:00,10.0290,10.0420,10.0090,10.0280,891240
2011-06-14 11:53:00,10.0290,10.0400,10.0090,10.0250,328860
2011-06-14 11:52:00,10.0280,10.0430,10.0080,10.0270,555968
2011-06-14 11:51:00,10.0280,10.0380,10.0050,10.0240,558768
2011-06-14 11:50:00,10.0320,10.0420,10.0100,10.0250,496020
2011-06-14 11:49:00,10.0380,10.0500,10.0120,10.0280,510580
2011-06-14 11:48:00,10.0370,10.0510,10.0180,10.0370,216720
2011-06-14 11:47:00,10.0380,10.0500,10.0170,10.0340,331072
2011-06-14 11:46:00,10.0360,10.0500,10.0170,10.0350,288400
2011-06-14 11:45:00,10.0380,10.0500,10.0160,10.0320,429072
2011-06-14 11:44:00,10.0420,10.0540,10.0170,10.0330,568932
2011-06-14 11:43:00,10.0410,10.0530,10.0210,10.0370,217560
2011-06-14 11:42:00,10.0400,10.0510,10.0190,10.0370,264516
2011-06-14 11:41:00,10.0390,10.0510,10.0160,10.0360,361452
2011-06-14 11:40:00,10.0380,10.0530,10.0170,10.0340,648844
2011-06-14 11:39:00,10.0340,10.0530,10.0130,10.0350,895132
2011-06-14 11:38:00,10.0260,10.0450,10.0060,10.0300,521668
2011-06-14 11:37:00,10.0300,10.0420,10.0040,10.0200,669844
2011-06-14 11:36:00,10.0300,10.0410,10.0060,10.0270,424536
2011-06-14 11:35:00,10.0280,10.0450,10.0090,10.0260,448784
2011-06-14 11:34:00,10.0280,10.0420,10.0060,10.0250,1231636
2011-06-14 11:33:00,10.0280,10.0500,10.0070,10.0240,1269100
2011-06-14 11:32:00,10.0330,10.0440,10.0060,10.0220,1287468
2011-06-14 11:31:00,10.0350,10.0500,10.0130,10.0290,871836
2011-06-14 11:30:00,10.0340,10.0530,10.0130,10.0320,1248492
2011-06-14 11:29:00,10.0350,10.0490,10.0130,10.0310,753816
2011-06-14 11:28:00,10.0410,10.0510,10.0150,10.0330,1585472
2011-06-14 11:27:00,10.0390,10.0500,10.0170,10.0350,686700
2011-06-14 11:26:00,10.0460,10.0560,10.0200,10.0370,476700
2011-06-14 11:25:00,10.0390,10.0550,10.0170,10.0410,660604
2011-06-14 11:24:00,10.0440,10.0550,10.0200,10.0350,631008
2011-06-14 11:23:00,10.0490,10.0600,10.0250,10.0410,223328
2011-06-14 11:22:00,10.0420,10.0600,10.0220,10.0460,292600
2011-06-14 11:21:00,10.0400,10.0530,10.0200,10.0370,331016
2011-06-14 11:20:00,10.0420,10.0530,10.0200,10.0360,521640
2011-06-14 11:19:00,10.0480,10.0580,10.0220,10.0380,419888
2011-06-14 11:18:00,10.0500,10.0600,10.0260,10.0430,330008
2011-06-14 11:17:00,10.0470,10.0590,10.0250,10.0450,247408
2011-06-14 11:16:00,10.0490,10.0610,10.0280,10.0470,148820
2011-06-14 11:15:00,10.0480,10.0610,10.0280,10.0450,317996
2011-06-14 11:14:00,10.0520,10.0620,10.0290,10.0440,365540
2011-06-14 11:13:00,10.0510,10.0630,10.0300,10.0480,456764
2011-06-14 11:12:00,10.0490,10.0650,10.0300,10.0480,583072
2011-06-14 11:11:00,10.0480,10.0600,10.0270,10.0450,298984
2011-06-14 11:10:00,10.0470,10.0580,10.0240,10.0430,292236
2011-06-14 11:09:00,10.0460,10.0600,10.0240,10.0450,441588
2011-06-14 11:08:00,10.0440,10.0580,10.0230,10.0420,381612
2011-06-14 11:07:00,10.0470,10.0590,10.0250,10.0410,190540
2011-06-14 11:06:00,10.0450,10.0610,10.0250,10.0460,475664
2011-06-14 11:05:00,10.0490,10.0600,10.0250,10.0410,386484
2011-06-14 11:04:00,10.0450,10.0600,10.0250,10.0470,558376
2011-06-14 11:03:00,10.0430,10.0580,10.0220,10.0440,458528
2011-06-14 11:02:00,10.0450,10.0570,10.0220,10.0410,429632
2011-06-14 11:01:00,10.0450,10.0590,10.0240,10.0430,339864
2011-06-14 11:00:00,10.0480,10.0600,10.0210,10.0430,1206856
2011-06-14 10:59:00,10.0560,10.0670,10.0290,10.0450,1589504
2011-06-14 10:58:00,10.0580,10.0690,10.0360,10.0530,714168
2011-06-14 10:57:00,10.0600,10.0720,10.0380,10.0540,203084
2011-06-14 10:56:00,10.0570,10.0720,10.0370,10.0550,356524
2011-06-14 10:55:00,10.0620,10.0730,10.0350,10.0550,378448
2011-06-14 10:54:00,10.0590,10.0740,10.0370,10.0590,288008
2011-06-14 10:53:00,10.0550,10.0690,10.0330,10.0540,454636
2011-06-14 10:52:00,10.0630,10.0740,10.0330,10.0510,525980
2011-06-14 10:51:00,10.0560,10.0740,10.0370,10.0600,781424
2011-06-14 10:50:00,10.0510,10.0670,10.0310,10.0530,911904
2011-06-14 10:49:00,10.0500,10.0620,10.0290,10.0470,498428
2011-06-14 10:48:00,10.0480,10.0620,10.0280,10.0460,900312
2011-06-14 10:47:00,10.0550,10.0660,10.0290,10.0450,1382416
2011-06-14 10:46:00,10.0550,10.0680,10.0340,10.0500,545608
2011-06-14 10:45:00,10.0550,10.0670,10.0320,10.0530,1152648
2011-06-14 10:44:00,10.0560,10.0660,10.0320,10.0510,943208
2011-06-14 10:43:00,10.0560,10.0670,10.0330,10.0520,1406860
2011-06-14 10:42:00,10.0560,10.0700,10.0360,10.0520,689612
2011-06-14 10:41:00,10.0610,10.0720,10.0360,10.0520,743456
2011-06-14 10:40:00,10.0630,10.0750,10.0420,10.0580,500752
2011-06-14 10:39:00,10.0680,10.0790,10.0420,10.0610,1164492
2011-06-14 10:38:00,10.0660,10.0780,10.0420,10.0650,557984
2011-06-14 10:37:00,10.0680,10.0810,10.0430,10.0610,553224
2011-06-14 10:36:00,10.0660,10.0820,10.0460,10.0630,585480
2011-06-14 10:35:00,10.0720,10.0850,10.0450,10.0610,1003520
2011-06-14 10:34:00,10.0740,10.0850,10.0510,10.0680,656320
2011-06-14 10:33:00,10.0710,10.0900,10.0510,10.0700,1796480
2011-06-14 10:32:00,10.0670,10.0830,10.0470,10.0670,1322664
2011-06-14 10:31:00,10.0570,10.0770,10.0360,10.0630,921368
2011-06-14 10:30:00,10.0590,10.0730,10.0360,10.0520,715092
2011-06-14 10:29:00,10.0520,10.0690,10.0310,10.0540,574112
2011-06-14 10:28:00,10.0600,10.0720,10.0320,10.0480,986692
2011-06-14 10:27:00,10.0580,10.0720,10.0330,10.0560,592900
2011-06-14 10:26:00,10.0600,10.0720,10.0380,10.0540,428988
2011-06-14 10:25:00,10.0570,10.0690,10.0360,10.0550,421456
2011-06-14 10:24:00,10.0550,10.0690,10.0330,10.0520,765100
2011-06-14 10:23:00,10.0550,10.0680,10.0350,10.0510,365596
2011-06-14 10:22:00,10.0630,10.0730,10.0350,10.0510,472192
2011-06-14 10:21:00,10.0600,10.0750,10.0370,10.0590,539336
2011-06-14 10:20:00,10.0600,10.0710,10.0370,10.0550,533092
2011-06-14 10:19:00,10.0590,10.0730,10.0390,10.0550,759332
2011-06-14 10:18:00,10.0560,10.0720,10.0350,10.0550,740096
2011-06-14 10:17:00,10.0560,10.0690,10.0330,10.0530,874664
2011-06-14 10:16:00,10.0650,10.0750,10.0330,10.0520,1560496
2011-06-14 10:15:00,10.0710,10.0840,10.0440,10.0610,1387456
2011-06-14 10:14:00,10.0640,10.0830,10.0430,10.0670,1131816
2011-06-14 10:13:00,10.0650,10.0770,10.0440,10.0600,806288
2011-06-14 10:12:00,10.0670,10.0790,10.0410,10.0610,822192
2011-06-14 10:11:00,10.0680,10.0800,10.0460,10.0630,726992
2011-06-14 10:10:00,10.0650,10.0780,10.0440,10.0640,686224
2011-06-14 10:09:00,10.0640,10.0760,10.0440,10.0600,1124956
2011-06-14 10:08:00,10.0670,10.0820,10.0430,10.0610,1849764
2011-06-14 10:07:00,10.0660,10.0790,10.0460,10.0640,1005676
2011-06-14 10:06:00,10.0640,10.0800,10.0440,10.0620,3036600
2011-06-14 10:05:00,10.0620,10.0760,10.0420,10.0600,2008300
2011-06-14 10:04:00,10.0590,10.0740,10.0380,10.0580,2207464
2011-06-14 10:03:00,10.0440,10.0690,10.0240,10.0550,1718220
2011-06-14 10:02:00,10.0470,10.0610,10.0250,10.0400,736736
2011-06-14 10:01:00,10.0410,10.0580,10.0210,10.0410,894292
2011-06-14 10:00:00,10.0490,10.0610,10.0210,10.0370,1114932
2011-06-14 09:59:00,10.0490,10.0610,10.0270,10.0450,1228472
2011-06-14 09:58:00,10.0530,10.0650,10.0260,10.0440,1512952
2011-06-14 09:57:00,10.0450,10.0640,10.0250,10.0490,2478840
2011-06-14 09:56:00,10.0430,10.0580,10.0220,10.0420,2416568
2011-06-14 09:55:00,10.0310,10.0540,10.0100,10.0390,3829308
2011-06-14 09:54:00,10.0230,10.0410,10.0030,10.0270,998088
2011-06-14 09:53:00,10.0270,10.0400,9.9990,10.0200,862512
2011-06-14 09:52:00,10.0330,10.0430,10.0030,10.0220,828576
2011-06-14 09:51:00,10.0310,10.0440,10.0030,10.0290,1187368
2011-06-14 09:50:00,10.0270,10.0430,10.0080,10.0270,1516032
2011-06-14 09:49:00,10.0230,10.0380,9.9980,10.0240,1803004
2011-06-14 09:48:00,10.0220,10.0340,9.9990,10.0200,977312
2011-06-14 09:47:00,10.0210,10.0360,10.0000,10.0170,994420
2011-06-14 09:46:00,10.0200,10.0330,9.9920,10.0180,1526028
2011-06-14 09:45:00,10.0170,10.0330,9.9960,10.0170,861252
2011-06-14 09:44:00,10.0160,10.0330,9.9960,10.0140,1094884
2011-06-14 09:43:00,10.0210,10.0360,9.9960,10.0120,1295672
2011-06-14 09:42:00,10.0220,10.0350,9.9990,10.0150,2064356
2011-06-14 09:41:00,10.0210,10.0370,10.0010,10.0180,1775424
2011-06-14 09:40:00,10.0210,10.0350,9.9970,10.0170,1488452
2011-06-14 09:39:00,10.0300,10.0410,10.0000,10.0170,3062864
2011-06-14 09:38:00,10.0320,10.0460,10.0110,10.0270,3394384
2011-06-14 09:37:00,10.0200,10.0430,10.0010,10.0280,2590560
2011-06-14 09:36:00,10.0200,10.0350,9.9970,10.0190,2465456
2011-06-14 09:35:00,10.0060,10.0310,9.9840,10.0150,3033436
2011-06-14 09:34:00,10.0080,10.0200,9.9770,10.0020,2437512
2011-06-14 09:33:00,9.9990,10.0250,9.9750,10.0050,2421496
2011-06-14 09:32:00,10.0010,10.0140,9.9760,9.9950,1835204
2011-06-14 09:31:00,9.9940,10.0150,9.9660,9.9970,3821972
2011-06-14 09:30:00,10.0070,10.0210,9.9690,9.9910,3298624
2011-06-14 09:29:00,10.0120,10.0220,9.9870,10.0020,111972
2011-06-14 09:28:00,10.0220,10.0320,9.9960,10.0120,235256
2011-06-14 09:27:00,10.0220,10.0320,10.0030,10.0180,2800
2011-06-14 09:26:00,10.0250,10.0350,10.0050,10.0210,11200
2011-06-14 09:25:00,10.0250,10.0410,10.0060,10.0240,148400
2011-06-14 09:24:00,10.0230,10.0350,10.0040,10.0210,75880
2011-06-14 09:23:00,10.0210,10.0330,10.0020,10.0190,42000
2011-06-14 09:22:00,10.0210,10.0310,9.9990,10.0180,11200
2011-06-14 09:21:00,10.0210,10.0310,10.0020,10.0180,2800
2011-06-14 09:20:00,10.0210,10.0310,10.0020,10.0180,8400
2011-06-14 09:19:00,10.0220,10.0320,10.0020,10.0180,28000
2011-06-14 09:18:00,10.0220,10.0320,10.0020,10.0180,2800
2011-06-14 09:17:00,10.0230,10.0330,10.0040,10.0190,2800
2011-06-14 09:15:00,10.0190,10.0310,9.9970,10.0180,80332
2011-06-14 09:14:00,10.0210,10.0310,10.0020,10.0180,2800
2011-06-14 09:13:00,10.0230,10.0330,10.0000,10.0150,30800
2011-06-14 09:12:00,10.0260,10.0360,10.0050,10.0210,25200
2011-06-14 09:11:00,10.0220,10.0360,10.0030,10.0220,56560
2011-06-14 09:10:00,10.0210,10.0370,10.0020,10.0230,38444
2011-06-14 09:09:00,10.0250,10.0350,10.0050,10.0210,5600
2011-06-14 09:08:00,10.0210,10.0360,10.0020,10.0210,67760
2011-06-14 09:06:00,10.0220,10.0320,9.9990,10.0150,135800
2011-06-14 09:05:00,10.0250,10.0350,10.0030,10.0190,11816
2011-06-14 09:04:00,10.0240,10.0340,10.0040,10.0200,19600
2011-06-14 09:03:00,10.0240,10.0360,10.0030,10.0220,25200
2011-06-14 09:02:00,10.0250,10.0370,10.0030,10.0230,16800
2011-06-14 09:01:00,10.0230,10.0350,10.0020,10.0220,28000
2011-06-14 09:00:00,10.0290,10.0390,10.0030,10.0220,53200
2011-06-14 08:59:00,10.0330,10.0430,10.0110,10.0260,14000
2011-06-14 08:58:00,10.0300,10.0410,10.0110,10.0270,17864
2011-06-14 08:57:00,10.0300,10.0440,10.0100,10.0290,172480
2011-06-14 08:56:00,10.0310,10.0440,10.0100,10.0260,15680
2011-06-14 08:55:00,10.0330,10.0440,10.0100,10.0250,58380
2011-06-14 08:54:00,10.0260,10.0440,10.0070,10.0290,183064
2011-06-14 08:53:00,10.0190,10.0360,9.9980,10.0220,142800
2011-06-14 08:52:00,10.0120,10.0310,9.9930,10.0160,69328
2011-06-14 08:51:00,10.0120,10.0220,9.9930,10.0080,11200
2011-06-14 08:50:00,10.0170,10.0270,9.9900,10.0080,32312
2011-06-14 08:49:00,10.0090,10.0250,9.9870,10.0120,178332
2011-06-14 08:48:00,10.0080,10.0190,9.9870,10.0050,37940
2011-06-14 08:47:00,10.0060,10.0180,9.9870,10.0040,27300
2011-06-14 08:46:00,10.0050,10.0160,9.9850,10.0020,11200
2011-06-14 08:45:00,10.0080,10.0180,9.9860,10.0020,42000
2011-06-14 08:44:00,10.0040,10.0160,9.9840,10.0020,29736
2011-06-14 08:43:00,10.0060,10.0180,9.9850,10.0000,20160
2011-06-14 08:42:00,10.0090,10.0190,9.9900,10.0050,2800
2011-06-14 08:41:00,10.0080,10.0180,9.9880,10.0040,5740
2011-06-14 08:40:00,10.0080,10.0190,9.9870,10.0040,197848
2011-06-14 08:39:00,10.0120,10.0220,9.9900,10.0050,8400
2011-06-14 08:38:00,10.0080,10.0220,9.9880,10.0080,109032
2011-06-14 08:37:00,10.0090,10.0190,9.9870,10.0050,58016
2011-06-14 08:36:00,10.0030,10.0200,9.9840,10.0060,146272
2011-06-14 08:35:00,10.0000,10.0140,9.9810,9.9990,74004
2011-06-14 08:34:00,9.9930,10.0100,9.9740,9.9960,61600
2011-06-14 08:33:00,9.9880,10.0010,9.9680,9.9870,44800
2011-06-14 08:32:00,9.9890,10.0030,9.9700,9.9850,35840
2011-06-14 08:31:00,9.9860,10.0040,9.9670,9.9890,129640
2011-06-14 08:30:00,9.9760,9.9970,9.9570,9.9830,79800
2011-06-14 08:25:00,9.9760,9.9870,9.9570,9.9720,25200
2011-06-14 08:24:00,9.9760,9.9860,9.9570,9.9720,2800
2011-06-14 08:23:00,9.9760,9.9860,9.9560,9.9720,5600
2011-06-14 08:22:00,9.9760,9.9860,9.9550,9.9710,8400
2011-06-14 08:21:00,9.9770,9.9870,9.9550,9.9710,11200
2011-06-14 08:20:00,9.9770,9.9870,9.9570,9.9730,5600
2011-06-14 08:18:00,9.9760,9.9860,9.9570,9.9720,2800
2011-06-14 08:17:00,9.9730,9.9860,9.9540,9.9720,14000
2011-06-14 08:16:00,9.9790,9.9890,9.9570,9.9720,30688
2011-06-14 08:15:00,9.9730,9.9860,9.9540,9.9720,19600
2011-06-14 08:14:00,9.9760,9.9870,9.9570,9.9740,16772
2011-06-14 08:13:00,9.9760,9.9860,9.9540,9.9700,42420
2011-06-14 08:12:00,9.9830,9.9930,9.9570,9.9720,19600
2011-06-14 08:11:00,9.9800,9.9920,9.9610,9.9780,7336
2011-06-14 08:09:00,9.9790,9.9950,9.9600,9.9770,16800
2011-06-14 08:08:00,9.9770,9.9870,9.9570,9.9730,2800
2011-06-14 08:07:00,9.9740,9.9870,9.9550,9.9730,22120
2011-06-14 08:06:00,9.9750,9.9850,9.9550,9.9700,5600
2011-06-14 08:04:00,9.9740,9.9840,9.9520,9.9680,8400
2011-06-14 08:03:00,9.9740,9.9840,9.9550,9.9710,8400
2011-06-14 08:02:00,9.9760,9.9890,9.9490,9.9710,18676
2011-06-14 08:01:00,9.9660,9.9860,9.9460,9.9720,49308
2011-06-14 08:00:00,9.9850,9.9950,9.9490,9.9690,78988
2011-06-14 07:58:00,9.9790,9.9890,9.9600,9.9750,2800
2011-06-14 07:52:00,9.9780,9.9880,9.9590,9.9750,2800
2011-06-14 07:46:00,9.9800,9.9900,9.9610,9.9770,13244
2011-06-14 07:45:00,9.9800,9.9900,9.9610,9.9770,30800
2011-06-14 07:44:00,9.9830,9.9930,9.9610,9.9770,14056
2011-06-14 07:37:00,9.9870,9.9970,9.9680,9.9840,2800
2011-06-14 07:35:00,9.9830,9.9930,9.9630,9.9800,28000
2011-06-14 07:33:00,9.9750,9.9850,9.9550,9.9710,16800
2011-06-14 07:32:00,9.9720,9.9850,9.9530,9.9710,8400
2011-06-14 07:30:00,9.9720,9.9830,9.9530,9.9690,26852
2011-06-14 07:28:00,9.9670,9.9800,9.9480,9.9660,36400
2011-06-14 07:27:00,9.9660,9.9760,9.9470,9.9630,2800
2011-06-14 07:25:00,9.9620,9.9740,9.9430,9.9600,11200
2011-06-14 07:24:00,9.9570,9.9670,9.9380,9.9530,2800
2011-06-14 07:20:00,9.9620,9.9720,9.9430,9.9580,2800
2011-06-14 07:18:00,9.9620,9.9720,9.9430,9.9580,2800
2011-06-14 07:10:00,9.9610,9.9720,9.9410,9.9580,15260
2011-06-14 07:08:00,9.9680,9.9780,9.9490,9.9640,2800
2011-06-14 07:00:00,9.9730,9.9830,9.9540,9.9700,2800
2011-06-14 06:33:00,9.9730,9.9830,9.9540,9.9690,2800
2011-06-14 06:32:00,9.9750,9.9850,9.9560,9.9720,2800
2011-06-14 06:31:00,9.9750,9.9850,9.9560,9.9720,2800
2011-06-14 06:03:00,9.9750,9.9850,9.9560,9.9720,4200
2011-06-14 05:52:00,9.9610,9.9710,9.9410,9.9570,5600
2011-06-14 04:12:00,9.9330,9.9430,9.9140,9.9300,2800
2011-06-14 04:02:00,9.9490,9.9590,9.9300,9.9450,5600
2011-06-14 04:00:00,9.9490,9.9590,9.9300,9.9450,2800
2011-06-13 19:59:00,9.9110,9.9250,9.8920,9.9110,22400
2011-06-13 19:58:00,9.9120,9.9220,9.8920,9.9070,5600
2011-06-13 19:57:00,9.9120,9.9250,9.8930,9.9080,30800
2011-06-13 19:56:00,9.9120,9.9240,9.8930,9.9110,8400
2011-06-13 19:49:00,9.9110,9.9210,9.8920,9.9070,8400
2011-06-13 19:47:00,9.9100,9.9200,9.8910,9.9070,2800
2011-06-13 19:46:00,9.9090,9.9190,9.8900,9.9050,5516
2011-06-13 19:38:00,9.9090,9.9190,9.8900,9.9050,2800
2011-06-13 19:36:00,9.9120,9.9220,9.8930,9.9080,2800
2011-06-13 19:26:00,9.9080,9.9180,9.8890,9.9050,5600
2011-06-13 19:14:00,9.9140,9.9240,9.8950,9.9110,5600
2011-06-13 19:08:00,9.9140,9.9240,9.8950,9.9100,2800
2011-06-13 19:07:00,9.9140,9.9240,9.8950,9.9100,2800
2011-06-13 19:05:00,9.9140,9.9240,9.8950,9.9100,2884
2011-06-13 19:04:00,9.9140,9.9240,9.8950,9.9100,25284
2011-06-13 18:58:00,9.9080,9.9190,9.8890,9.9050,11200
2011-06-13 18:56:00,9.9080,9.9180,9.8880,9.9050,13384
2011-06-13 18:46:00,9.9070,9.9170,9.8880,9.9030,2800
2011-06-13 18:39:00,9.9030,9.9130,9.8840,9.8990,5600
2011-06-13 18:34:00,9.9010,9.9110,9.8820,9.8980,11284
2011-06-13 18:28:00,9.9010,9.9110,9.8820,9.8980,5600
2011-06-13 18:25:00,9.8980,9.9080,9.8790,9.8940,2800
2011-06-13 18:12:00,9.9030,9.9130,9.8840,9.8990,2800
2011-06-13 18:05:00,9.9010,9.9110,9.8810,9.8960,17920
2011-06-13 18:04:00,9.9010,9.9110,9.8820,9.8970,2800
2011-06-13 18:03:00,9.9000,9.9100,9.8810,9.8960,8400
2011-06-13 17:39:00,9.9020,9.9120,9.8820,9.8980,5600
2011-06-13 17:31:00,9.9010,9.9110,9.8820,9.8970,19600
2011-06-13 17:29:00,9.9000,9.9100,9.8810,9.8960,38584
2011-06-13 17:25:00,9.9050,9.9150,9.8860,9.9010,2800
2011-06-13 17:22:00,9.9040,9.9140,9.8830,9.9000,24808
2011-06-13 17:07:00,9.9060,9.9160,9.8870,9.9020,5572
2011-06-13 17:03:00,9.9040,9.9140,9.8850,9.9010,225400
2011-06-13 17:02:00,9.9030,9.9130,9.8840,9.8990,10500
2011-06-13 16:56:00,9.9050,9.9150,9.8860,9.9020,5600
2011-06-13 16:42:00,9.9060,9.9290,9.8820,9.8980,46620
2011-06-13 16:39:00,9.9030,9.9130,9.8840,9.8990,28728
2011-06-13 16:37:00,9.9020,9.9120,9.8830,9.8990,2800
2011-06-13 16:34:00,9.9030,9.9130,9.8840,9.8990,25956
2011-06-13 16:27:00,9.9020,9.9120,9.8830,9.8980,5600
2011-06-13 16:26:00,9.9040,9.9140,9.8850,9.9000,210588
2011-06-13 16:24:00,9.9080,9.9180,9.8880,9.9040,72800
2011-06-13 16:23:00,9.9030,9.9150,9.8840,9.9010,5600
2011-06-13 16:22:00,9.9050,9.9160,9.8860,9.9020,14000
2011-06-13 16:21:00,9.9050,9.9160,9.8850,9.9010,114016
2011-06-13 16:19:00,9.9040,9.9150,9.8850,9.9010,14000
2011-06-13 16:18:00,9.9020,9.9120,9.8820,9.8980,2800
2011-06-13 16:16:00,9.9040,9.9140,9.8850,9.9000,2800
2011-06-13 16:15:00,9.9040,9.9140,9.8850,9.9000,55580
2011-06-13 16:10:00,9.9050,9.9150,9.8850,9.9010,5600
2011-06-13 16:09:00,9.9060,9.9180,9.8870,9.9040,15456
2011-06-13 16:08:00,9.9050,9.9150,9.8850,9.9010,5880
2011-06-13 16:07:00,9.9050,9.9150,9.8850,9.9020,11200
2011-06-13 16:03:00,9.9080,9.9180,9.8890,9.9040,6720
2011-06-13 16:02:00,9.9030,9.9150,9.8840,9.9010,18340
2011-06-13 16:01:00,9.9040,9.9140,9.8820,9.8980,83832
2011-06-13 16:00:00,9.9030,9.9140,9.8830,9.8990,6527444
2011-06-13 15:59:00,9.9000,9.9130,9.8780,9.8990,2583448
2011-06-13 15:58:00,9.8990,9.9120,9.8790,9.8960,1999200
2011-06-13 15:57:00,9.8930,9.9090,9.8740,9.8940,1134504
2011-06-13 15:56:00,9.8950,9.9050,9.8730,9.8900,1498616
2011-06-13 15:55:00,9.8940,9.9070,9.8730,9.8920,1517740
2011-06-13 15:54:00,9.8910,9.9050,9.8720,9.8900,1023428
2011-06-13 15:53:00,9.8900,9.9030,9.8670,9.8870,722148
2011-06-13 15:52:00,9.8850,9.9050,9.8660,9.8870,1196944
2011-06-13 15:51:00,9.8830,9.9000,9.8630,9.8810,1301888
2011-06-13 15:50:00,9.8860,9.8990,9.8620,9.8800,2032716
2011-06-13 15:49:00,9.8930,9.9050,9.8660,9.8820,933016
2011-06-13 15:48:00,9.8930,9.9050,9.8650,9.8900,842240
2011-06-13 15:47:00,9.8890,9.9050,9.8680,9.8890,897092
2011-06-13 15:46:00,9.8890,9.9020,9.8640,9.8850,1034712
2011-06-13 15:45:00,9.8970,9.9090,9.8680,9.8860,691628
2011-06-13 15:44:00,9.8930,9.9090,9.8710,9.8930,1525608
2011-06-13 15:43:00,9.9040,9.9150,9.8720,9.8890,724108
2011-06-13 15:42:00,9.9060,9.9210,9.8850,9.9010,557816
2011-06-13 15:41:00,9.9030,9.9190,9.8810,9.9040,984004
2011-06-13 15:40:00,9.8900,9.9130,9.8710,9.8980,1182468
2011-06-13 15:39:00,9.9020,9.9130,9.8710,9.8870,1673952
2011-06-13 15:38:00,9.9030,9.9150,9.8820,9.8980,246260
2011-06-13 15:37:00,9.9070,9.9190,9.8830,9.8990,377076
2011-06-13 15:36:00,9.9120,9.9250,9.8880,9.9040,262864
2011-06-13 15:35:00,9.9080,9.9220,9.8840,9.9080,944692
2011-06-13 15:34:00,9.9170,9.9280,9.8890,9.9050,471436
2011-06-13 15:33:00,9.9100,9.9280,9.8890,9.9120,497700
2011-06-13 15:32:00,9.9060,9.9230,9.8860,9.9060,656880
2011-06-13 15:31:00,9.9100,9.9220,9.8870,9.9020,386568
2011-06-13 15:30:00,9.9200,9.9300,9.8840,9.9080,1253588
2011-06-13 15:29:00,9.9260,9.9370,9.8980,9.9150,543732
2011-06-13 15:28:00,9.9260,9.9380,9.9050,9.9220,855652
2011-06-13 15:27:00,9.9260,9.9370,9.9050,9.9210,621628
2011-06-13 15:26:00,9.9260,9.9370,9.9060,9.9230,561260
2011-06-13 15:25:00,9.9180,9.9370,9.8970,9.9230,374668
2011-06-13 15:24:00,9.9210,9.9310,9.8980,9.9140,259728
2011-06-13 15:23:00,9.9210,9.9330,9.9000,9.9170,661584
2011-06-13 15:22:00,9.9150,9.9330,9.8960,9.9190,284144
2011-06-13 15:21:00,9.9240,9.9340,9.8960,9.9110,314076
2011-06-13 15:20:00,9.9200,9.9370,9.9010,9.9190,434616
2011-06-13 15:19:00,9.9150,9.9360,9.8960,9.9160,958720
2011-06-13 15:18:00,9.9180,9.9280,9.8960,9.9110,544572
2011-06-13 15:17:00,9.9190,9.9290,9.8920,9.9100,453600
2011-06-13 15:16:00,9.9130,9.9300,9.8920,9.9160,682808
2011-06-13 15:15:00,9.9250,9.9350,9.8930,9.9080,861756
2011-06-13 15:14:00,9.9210,9.9370,9.8990,9.9230,380884
2011-06-13 15:13:00,9.9200,9.9370,9.9010,9.9190,330512
2011-06-13 15:12:00,9.9210,9.9360,9.9000,9.9160,815976
2011-06-13 15:11:00,9.9100,9.9300,9.8890,9.9160,677152
2011-06-13 15:10:00,9.9200,9.9330,9.8900,9.9080,1013628
2011-06-13 15:09:00,9.9160,9.9340,9.8970,9.9160,541856
2011-06-13 15:08:00,9.9270,9.9390,9.8970,9.9130,838152
2011-06-13 15:07:00,9.9260,9.9470,9.9070,9.9250,323596
2011-06-13 15:06:00,9.9340,9.9460,9.9070,9.9220,318920
2011-06-13 15:05:00,9.9370,9.9500,9.9160,9.9330,1675828
2011-06-13 15:04:00,9.9340,9.9480,9.9130,9.9320,370496
2011-06-13 15:03:00,9.9300,9.9440,9.9100,9.9300,312928
2011-06-13 15:02:00,9.9300,9.9430,9.9070,9.9270,645148
2011-06-13 15:01:00,9.9260,9.9420,9.9060,9.9260,512400
2011-06-13 15:00:00,9.9310,9.9420,9.9050,9.9210,648956
2011-06-13 14:59:00,9.9360,9.9480,9.9120,9.9270,565824
2011-06-13 14:58:00,9.9420,9.9520,9.9140,9.9320,355768
2011-06-13 14:57:00,9.9430,9.9530,9.9190,9.9380,193088
2011-06-13 14:56:00,9.9490,9.9600,9.9160,9.9380,989576
2011-06-13 14:55:00,9.9460,9.9650,9.9260,9.9440,2009588
2011-06-13 14:54:00,9.9450,9.9580,9.9230,9.9430,742588
2011-06-13 14:53:00,9.9460,9.9600,9.9240,9.9410,686112
2011-06-13 14:52:00,9.9450,9.9560,9.9150,9.9410,677936
2011-06-13 14:51:00,9.9470,9.9600,9.9250,9.9410,847588
2011-06-13 14:50:00,9.9490,9.9610,9.9210,9.9450,1608600
2011-06-13 14:49:00,9.9420,9.9620,9.9230,9.9470,1322188
2011-06-13 14:48:00,9.9380,9.9530,9.9180,9.9390,467544
2011-06-13 14:47:00,9.9400,9.9540,9.9190,9.9350,980560
2011-06-13 14:46:00,9.9380,9.9520,9.9150,9.9360,543704
2011-06-13 14:45:00,9.9300,9.9480,9.9110,9.9330,1258040
2011-06-13 14:44:00,9.9310,9.9480,9.9110,9.9270,1556212
2011-06-13 14:43:00,9.9230,9.9400,9.9040,9.9250,1716932
2011-06-13 14:42:00,9.9220,9.9330,9.8960,9.9200,368452
2011-06-13 14:41:00,9.9180,9.9330,9.8980,9.9170,331100
2011-06-13 14:40:00,9.9170,9.9270,9.8940,9.9120,767256
2011-06-13 14:39:00,9.9160,9.9290,9.8930,9.9130,578396
2011-06-13 14:38:00,9.9090,9.9270,9.8870,9.9110,1130668
2011-06-13 14:37:00,9.9140,9.9240,9.8850,9.9040,1560356
2011-06-13 14:36:00,9.9220,9.9330,9.8920,9.9100,861364
2011-06-13 14:35:00,9.9210,9.9340,9.9000,9.9200,1001112
2011-06-13 14:34:00,9.9240,9.9400,9.8990,9.9170,1154048
2011-06-13 14:33:00,9.9320,9.9420,9.9030,9.9210,689836
2011-06-13 14:32:00,9.9360,9.9480,9.9120,9.9280,511252
2011-06-13 14:31:00,9.9420,9.9540,9.9140,9.9310,840056
2011-06-13 14:30:00,9.9410,9.9560,9.9200,9.9390,1018388
2011-06-13 14:29:00,9.9470,9.9590,9.9210,9.9370,706216
2011-06-13 14:28:00,9.9430,9.9580,9.9240,9.9440,609336
2011-06-13 14:27:00,9.9400,9.9540,9.9200,9.9400,622440
2011-06-13 14:26:00,9.9410,9.9530,9.9170,9.9360,868560
2011-06-13 14:25:00,9.9460,9.9580,9.9210,9.9380,1131564
2011-06-13 14:24:00,9.9460,9.9570,9.9250,9.9420,1226904
2011-06-13 14:23:00,9.9450,9.9600,9.9220,9.9420,1912064
2011-06-13 14:22:00,9.9380,9.9570,9.9170,9.9410,2177840
2011-06-13 14:21:00,9.9390,9.9500,9.9160,9.9340,581756
2011-06-13 14:20:00,9.9360,9.9490,9.9160,9.9350,578004
2011-06-13 14:19:00,9.9300,9.9480,9.9110,9.9310,1111068
2011-06-13 14:18:00,9.9260,9.9400,9.9060,9.9270,540204
2011-06-13 14:17:00,9.9280,9.9390,9.9010,9.9250,820904
2011-06-13 14:16:00,9.9290,9.9410,9.9030,9.9230,327600
2011-06-13 14:15:00,9.9210,9.9390,9.9000,9.9250,701316
2011-06-13 14:14:00,9.9250,9.9350,9.8970,9.9160,1008700
2011-06-13 14:13:00,9.9220,9.9370,9.9030,9.9210,416304
2011-06-13 14:12:00,9.9250,9.9350,9.8990,9.9180,428176
2011-06-13 14:11:00,9.9240,9.9390,9.9040,9.9190,302932
2011-06-13 14:10:00,9.9270,9.9380,9.9040,9.9200,569128
2011-06-13 14:09:00,9.9320,9.9430,9.9080,9.9260,1039612
2011-06-13 14:08:00,9.9320,9.9430,9.9090,9.9290,413196
2011-06-13 14:07:00,9.9320,9.9470,9.9070,9.9290,907452
2011-06-13 14:06:00,9.9250,9.9420,9.9020,9.9280,590968
2011-06-13 14:05:00,9.9250,9.9420,9.9050,9.9220,797412
2011-06-13 14:04:00,9.9230,9.9350,9.9010,9.9210,323204
2011-06-13 14:03:00,9.9250,9.9350,9.9010,9.9190,159432
2011-06-13 14:02:00,9.9230,9.9360,9.9010,9.9180,226240
2011-06-13 14:01:00,9.9260,9.9380,9.9000,9.9180,276584
2011-06-13 14:00:00,9.9310,9.9420,9.9070,9.9230,758968
2011-06-13 13:59:00,9.9330,9.9460,9.9130,9.9280,1902208
2011-06-13 13:58:00,9.9310,9.9460,9.9090,9.9290,630028
2011-06-13 13:57:00,9.9290,9.9430,9.9060,9.9270,683956
2011-06-13 13:56:00,9.9230,9.9400,9.9030,9.9260,783748
2011-06-13 13:55:00,9.9250,9.9370,9.9020,9.9200,676536
2011-06-13 13:54:00,9.9210,9.9400,9.9020,9.9210,1504524
2011-06-13 13:53:00,9.9200,9.9330,9.8980,9.9170,1174208
2011-06-13 13:52:00,9.9080,9.9300,9.8880,9.9160,395276
2011-06-13 13:51:00,9.9030,9.9190,9.8830,9.9020,228844
2011-06-13 13:50:00,9.9030,9.9150,9.8820,9.8990,318640
2011-06-13 13:49:00,9.9090,9.9190,9.8820,9.8980,546420
2011-06-13 13:48:00,9.9020,9.9190,9.8820,9.9050,220724
2011-06-13 13:47:00,9.9090,9.9190,9.8830,9.8980,173600
2011-06-13 13:46:00,9.9100,9.9220,9.8850,9.9070,373912
2011-06-13 13:45:00,9.9090,9.9220,9.8880,9.9060,231196
2011-06-13 13:44:00,9.9180,9.9300,9.8890,9.9080,258244
2011-06-13 13:43:00,9.9150,9.9300,9.8930,9.9140,659288
2011-06-13 13:42:00,9.9150,9.9300,9.8940,9.9130,721448
2011-06-13 13:41:00,9.9080,9.9250,9.8890,9.9100,2385208
2011-06-13 13:40:00,9.9060,9.9230,9.8870,9.9060,665952
2011-06-13 13:39:00,9.9080,9.9190,9.8840,9.9030,1224916
2011-06-13 13:38:00,9.9090,9.9250,9.8880,9.9050,1122492
2011-06-13 13:37:00,9.9040,9.9180,9.8840,9.9050,261548
2011-06-13 13:36:00,9.8990,9.9150,9.8800,9.8990,146188
2011-06-13 13:35:00,9.9020,9.9120,9.8780,9.8960,298872
2011-06-13 13:34:00,9.9010,9.9130,9.8810,9.8980,211680
2011-06-13 13:33:00,9.9040,9.9160,9.8810,9.8990,381024
2011-06-13 13:32:00,9.9040,9.9150,9.8800,9.9000,478604
2011-06-13 13:31:00,9.9070,9.9180,9.8840,9.9010,518700
2011-06-13 13:30:00,9.9000,9.9180,9.8780,9.9010,676116
2011-06-13 13:29:00,9.9010,9.9120,9.8750,9.8970,1335236
2011-06-13 13:28:00,9.9100,9.9200,9.8820,9.8970,529200
2011-06-13 13:27:00,9.9060,9.9200,9.8870,9.9060,404208
2011-06-13 13:26:00,9.9060,9.9190,9.8830,9.9030,348544
2011-06-13 13:25:00,9.9010,9.9180,9.8810,9.9040,1003156
2011-06-13 13:24:00,9.8980,9.9100,9.8720,9.8960,443688
2011-06-13 13:23:00,9.8990,9.9100,9.8780,9.8940,384636
2011-06-13 13:22:00,9.8990,9.9100,9.8750,9.8930,740712
2011-06-13 13:21:00,9.9020,9.9130,9.8770,9.8940,704704
2011-06-13 13:20:00,9.8980,9.9150,9.8790,9.8970,713468
2011-06-13 13:19:00,9.8860,9.9090,9.8660,9.8940,1397816
2011-06-13 13:18:00,9.8920,9.9040,9.8660,9.8820,898660
2011-06-13 13:17:00,9.8840,9.9060,9.8630,9.8890,1075312
2011-06-13 13:16:00,9.8850,9.8960,9.8630,9.8820,325192
2011-06-13 13:15:00,9.8730,9.8960,9.8540,9.8800,925008
2011-06-13 13:14:00,9.8740,9.8850,9.8520,9.8690,314720
2011-06-13 13:13:00,9.8740,9.8870,9.8510,9.8700,661640
2011-06-13 13:12:00,9.8770,9.8900,9.8510,9.8690,469756
2011-06-13 13:11:00,9.8790,9.8920,9.8540,9.8750,512820
2011-06-13 13:10:00,9.8850,9.8950,9.8590,9.8760,269556
2011-06-13 13:09:00,9.8760,9.8950,9.8560,9.8790,581364
2011-06-13 13:08:00,9.8700,9.8860,9.8490,9.8720,459984
2011-06-13 13:07:00,9.8700,9.8890,9.8480,9.8670,908936
2011-06-13 13:06:00,9.8760,9.8870,9.8500,9.8690,407988
2011-06-13 13:05:00,9.8680,9.8940,9.8490,9.8740,828688
2011-06-13 13:04:00,9.8730,9.8860,9.8480,9.8660,899304
2011-06-13 13:03:00,9.8680,9.8890,9.8490,9.8690,1263052
2011-06-13 13:02:00,9.8740,9.8860,9.8480,9.8640,1737344
2011-06-13 13:01:00,9.8790,9.8890,9.8550,9.8710,602420
2011-06-13 13:00:00,9.8880,9.8980,9.8590,9.8740,733712
2011-06-13 12:59:00,9.8820,9.9020,9.8610,9.8840,641424
2011-06-13 12:58:00,9.8860,9.8960,9.8590,9.8780,1173900
2011-06-13 12:57:00,9.8920,9.9020,9.8660,9.8830,707252
2011-06-13 12:56:00,9.8890,9.9040,9.8690,9.8870,550256
2011-06-13 12:55:00,9.8950,9.9050,9.8700,9.8850,481572
2011-06-13 12:54:00,9.8910,9.9070,9.8720,9.8910,355880
2011-06-13 12:53:00,9.8940,9.9040,9.8720,9.8880,31360
2011-06-13 12:52:00,9.8920,9.9040,9.8720,9.8910,257180
2011-06-13 12:51:00,9.8940,9.9040,9.8700,9.8860,415044
2011-06-13 12:50:00,9.8950,9.9070,9.8740,9.8910,166600
2011-06-13 12:49:00,9.8960,9.9080,9.8740,9.8920,231560
2011-06-13 12:48:00,9.8990,9.9100,9.8770,9.8920,484680
2011-06-13 12:47:00,9.9020,9.9120,9.8780,9.8950,715400
2011-06-13 12:46:00,9.8990,9.9130,9.8790,9.8980,408828
2011-06-13 12:45:00,9.8990,9.9100,9.8790,9.8960,292740
2011-06-13 12:44:00,9.8930,9.9100,9.8740,9.8940,478352
2011-06-13 12:43:00,9.8940,9.9080,9.8730,9.8900,466984
2011-06-13 12:42:00,9.8900,9.9060,9.8690,9.8910,401464
2011-06-13 12:41:00,9.8980,9.9080,9.8720,9.8870,367640
2011-06-13 12:40:00,9.8980,9.9080,9.8770,9.8930,220388
2011-06-13 12:39:00,9.8960,9.9100,9.8750,9.8940,239120
2011-06-13 12:38:00,9.8990,9.9100,9.8780,9.8930,553924
2011-06-13 12:37:00,9.8930,9.9090,9.8720,9.8950,608608
2011-06-13 12:36:00,9.8980,9.9090,9.8750,9.8910,309400
2011-06-13 12:35:00,9.9000,9.9100,9.8780,9.8950,171444
2011-06-13 12:34:00,9.9040,9.9160,9.8800,9.8960,349216
2011-06-13 12:33:00,9.9020,9.9140,9.8800,9.9000,274288
2011-06-13 12:32:00,9.9020,9.9140,9.8810,9.8980,176400
2011-06-13 12:31:00,9.8920,9.9150,9.8710,9.8980,449596
2011-06-13 12:30:00,9.8910,9.9030,9.8690,9.8860,268884
2011-06-13 12:29:00,9.8940,9.9040,9.8680,9.8830,434000
2011-06-13 12:28:00,9.8890,9.9050,9.8690,9.8890,339360
2011-06-13 12:27:00,9.8940,9.9100,9.8680,9.8850,492408
2011-06-13 12:26:00,9.8890,9.9040,9.8690,9.8910,542388
2011-06-13 12:25:00,9.8890,9.9020,9.8700,9.8860,283220
2011-06-13 12:24:00,9.8910,9.9040,9.8690,9.8860,428232
2011-06-13 12:23:00,9.8830,9.9030,9.8630,9.8870,502824
2011-06-13 12:22:00,9.8890,9.9000,9.8650,9.8810,705600
2011-06-13 12:21:00,9.8930,9.9040,9.8690,9.8860,506184
2011-06-13 12:20:00,9.8970,9.9090,9.8710,9.8860,635516
2011-06-13 12:19:00,9.9030,9.9130,9.8720,9.8940,799176
2011-06-13 12:18:00,9.9050,9.9170,9.8790,9.8960,355880
2011-06-13 12:17:00,9.9010,9.9160,9.8820,9.9010,267540
2011-06-13 12:16:00,9.9090,9.9200,9.8820,9.8980,385448
2011-06-13 12:15:00,9.9070,9.9220,9.8860,9.9040,707504
2011-06-13 12:14:00,9.9050,9.9180,9.8810,9.9040,268128
2011-06-13 12:13:00,9.9020,9.9170,9.8830,9.9030,362124
2011-06-13 12:12:00,9.8990,9.9130,9.8800,9.8970,120456
2011-06-13 12:11:00,9.8980,9.9090,9.8760,9.8950,107324
2011-06-13 12:10:00,9.8990,9.9120,9.8760,9.8940,576156
2011-06-13 12:09:00,9.8960,9.9090,9.8770,9.8930,60200
2011-06-13 12:08:00,9.9070,9.9170,9.8780,9.8930,435736
2011-06-13 12:07:00,9.9030,9.9180,9.8830,9.9020,549472
2011-06-13 12:06:00,9.9050,9.9160,9.8810,9.8980,315000
2011-06-13 12:05:00,9.9010,9.9160,9.8800,9.9010,227668
2011-06-13 12:04:00,9.8970,9.9150,9.8730,9.8970,750204
2011-06-13 12:03:00,9.8950,9.9090,9.8710,9.8950,858312
2011-06-13 12:02:00,9.8880,9.9120,9.8690,9.8910,745500
2011-06-13 12:01:00,9.8890,9.9010,9.8680,9.8830,405580
2011-06-13 12:00:00,9.8900,9.9040,9.8680,9.8850,386316
2011-06-13 11:59:00,9.8830,9.8980,9.8610,9.8850,352548
2011-06-13 11:58:00,9.8820,9.8970,9.8610,9.8800,763084
2011-06-13 11:57:00,9.8850,9.8980,9.8630,9.8810,374136
2011-06-13 11:56:00,9.8870,9.8990,9.8650,9.8810,675472
2011-06-13 11:55:00,9.8940,9.9060,9.8670,9.8830,500920
2011-06-13 11:54:00,9.8930,9.9080,9.8730,9.8910,272272
2011-06-13 11:53:00,9.8880,9.9020,9.8670,9.8880,726348
2011-06-13 11:52:00,9.8880,9.8990,9.8650,9.8850,446096
2011-06-13 11:51:00,9.8840,9.8980,9.8630,9.8840,688828
2011-06-13 11:50:00,9.8900,9.9020,9.8630,9.8780,613508
2011-06-13 11:49:00,9.8890,9.9020,9.8690,9.8880,279244
2011-06-13 11:48:00,9.8890,9.9030,9.8660,9.8860,1184120
2011-06-13 11:47:00,9.8940,9.9100,9.8690,9.8850,735028
2011-06-13 11:46:00,9.8970,9.9070,9.8690,9.8900,884968
2011-06-13 11:45:00,9.8960,9.9100,9.8730,9.8950,639912
2011-06-13 11:44:00,9.9000,9.9100,9.8730,9.8910,766024
2011-06-13 11:43:00,9.9080,9.9190,9.8810,9.8980,832412
2011-06-13 11:42:00,9.9060,9.9190,9.8840,9.9030,657328
2011-06-13 11:41:00,9.9060,9.9180,9.8830,9.9020,505792
2011-06-13 11:40:00,9.9050,9.9160,9.8810,9.9010,542612
2011-06-13 11:39:00,9.9130,9.9230,9.8840,9.9020,640528
2011-06-13 11:38:00,9.9120,9.9240,9.8900,9.9100,189000
2011-06-13 11:37:00,9.9100,9.9240,9.8900,9.9080,360612
2011-06-13 11:36:00,9.9120,9.9220,9.8880,9.9050,296800
2011-06-13 11:35:00,9.9150,9.9250,9.8920,9.9080,428064
2011-06-13 11:34:00,9.9180,9.9290,9.8940,9.9130,357280
2011-06-13 11:33:00,9.9210,9.9340,9.8990,9.9150,353024
2011-06-13 11:32:00,9.9190,9.9350,9.8990,9.9200,523208
2011-06-13 11:31:00,9.9200,9.9310,9.8990,9.9160,494984
2011-06-13 11:30:00,9.9150,9.9300,9.8950,9.9150,401100
2011-06-13 11:29:00,9.9160,9.9300,9.8960,9.9120,392308
2011-06-13 11:28:00,9.9220,9.9340,9.8970,9.9120,526344
2011-06-13 11:27:00,9.9190,9.9320,9.8980,9.9160,520632
2011-06-13 11:26:00,9.9150,9.9300,9.8960,9.9130,576072
2011-06-13 11:25:00,9.9190,9.9310,9.8960,9.9140,331996
2011-06-13 11:24:00,9.9160,9.9290,9.8960,9.9150,244916
2011-06-13 11:23:00,9.9120,9.9270,9.8930,9.9080,568036
2011-06-13 11:22:00,9.9060,9.9230,9.8840,9.9070,498736
2011-06-13 11:21:00,9.9050,9.9170,9.8840,9.9020,202664
2011-06-13 11:20:00,9.9070,9.9190,9.8850,9.9020,258356
2011-06-13 11:19:00,9.8990,9.9170,9.8800,9.9030,384132
2011-06-13 11:18:00,9.8980,9.9120,9.8770,9.8930,226744
2011-06-13 11:17:00,9.8940,9.9090,9.8750,9.8930,177604
2011-06-13 11:16:00,9.8980,9.9090,9.8700,9.8920,416836
2011-06-13 11:15:00,9.9020,9.9160,9.8790,9.8950,585396
2011-06-13 11:14:00,9.9000,9.9140,9.8780,9.8980,308308
2011-06-13 11:13:00,9.9050,9.9180,9.8800,9.8960,536760
2011-06-13 11:12:00,9.9020,9.9180,9.8810,9.8990,215376
2011-06-13 11:11:00,9.9040,9.9200,9.8840,9.8990,276108
2011-06-13 11:10:00,9.9000,9.9180,9.8790,9.9000,294700
2011-06-13 11:09:00,9.9050,9.9170,9.8790,9.8960,299684
2011-06-13 11:08:00,9.9040,9.9170,9.8820,9.9030,459256
2011-06-13 11:07:00,9.9050,9.9170,9.8810,9.9010,180852
2011-06-13 11:06:00,9.9000,9.9160,9.8810,9.9000,260680
2011-06-13 11:05:00,9.8940,9.9120,9.8750,9.8970,380268
2011-06-13 11:04:00,9.8950,9.9070,9.8740,9.8900,281680
2011-06-13 11:03:00,9.8990,9.9100,9.8740,9.8930,400176
2011-06-13 11:02:00,9.8990,9.9140,9.8780,9.8950,405468
2011-06-13 11:01:00,9.9040,9.9160,9.8780,9.8960,354620
2011-06-13 11:00:00,9.9050,9.9200,9.8840,9.9010,653100
2011-06-13 10:59:00,9.9030,9.9210,9.8820,9.9040,470456
2011-06-13 10:58:00,9.9040,9.9140,9.8770,9.8980,847252
2011-06-13 10:57:00,9.9040,9.9180,9.8850,9.9010,391328
2011-06-13 10:56:00,9.9040,9.9180,9.8840,9.9010,518476
2011-06-13 10:55:00,9.8990,9.9150,9.8780,9.9000,684572
2011-06-13 10:54:00,9.9080,9.9200,9.8790,9.8950,974428
2011-06-13 10:53:00,9.9130,9.9230,9.8860,9.9040,516880
2011-06-13 10:52:00,9.9130,9.9240,9.8920,9.9090,550060
2011-06-13 10:51:00,9.9110,9.9260,9.8920,9.9090,199500
2011-06-13 10:50:00,9.9160,9.9300,9.8920,9.9090,822920
2011-06-13 10:49:00,9.9290,9.9400,9.8940,9.9120,1318464
2011-06-13 10:48:00,9.9240,9.9390,9.9030,9.9260,760956
2011-06-13 10:47:00,9.9230,9.9390,9.9010,9.9190,497532
2011-06-13 10:46:00,9.9080,9.9330,9.8850,9.9170,994168
2011-06-13 10:45:00,9.9140,9.9250,9.8850,9.9050,1514436
2011-06-13 10:44:00,9.9200,9.9300,9.8920,9.9090,1485904
2011-06-13 10:43:00,9.9180,9.9320,9.8980,9.9160,278488
2011-06-13 10:42:00,9.9250,9.9350,9.8980,9.9150,639716
2011-06-13 10:41:00,9.9200,9.9370,9.9010,9.9210,213360
2011-06-13 10:40:00,9.9250,9.9360,9.9000,9.9170,385476
2011-06-13 10:39:00,9.9270,9.9370,9.9020,9.9190,554232
2011-06-13 10:38:00,9.9320,9.9470,9.9060,9.9210,660716
2011-06-13 10:37:00,9.9330,9.9470,9.9110,9.9300,658588
2011-06-13 10:36:00,9.9250,9.9430,9.9060,9.9290,537796
2011-06-13 10:35:00,9.9260,9.9390,9.9060,9.9220,888300
2011-06-13 10:34:00,9.9230,9.9380,9.9020,9.9220,613928
2011-06-13 10:33:00,9.9260,9.9360,9.9000,9.9200,755468
2011-06-13 10:32:00,9.9290,9.9410,9.9050,9.9220,497924
2011-06-13 10:31:00,9.9280,9.9490,9.9060,9.9270,1114120
2011-06-13 10:30:00,9.9350,9.9460,9.9080,9.9240,885388
2011-06-13 10:29:00,9.9290,9.9460,9.9100,9.9320,688520
2011-06-13 10:28:00,9.9300,9.9440,9.9070,9.9260,564564
2011-06-13 10:27:00,9.9370,9.9500,9.9100,9.9280,1480304
2011-06-13 10:26:00,9.9300,9.9540,9.9110,9.9330,3772300
2011-06-13 10:25:00,9.9160,9.9400,9.8950,9.9260,1671152
2011-06-13 10:24:00,9.9150,9.9290,9.8950,9.9140,727916
2011-06-13 10:23:00,9.9180,9.9300,9.8940,9.9110,862876
2011-06-13 10:22:00,9.9170,9.9290,9.8930,9.9140,1024492
2011-06-13 10:21:00,9.9120,9.9280,9.8910,9.9120,405272
2011-06-13 10:20:00,9.9210,9.9310,9.8880,9.9100,1147328
2011-06-13 10:19:00,9.9030,9.9310,9.8840,9.9170,1663872
2011-06-13 10:18:00,9.9020,9.9180,9.8800,9.8980,875280
2011-06-13 10:17:00,9.8910,9.9170,9.8690,9.8980,1009204
2011-06-13 10:16:00,9.8850,9.9090,9.8650,9.8880,1281672
2011-06-13 10:15:00,9.9010,9.9110,9.8610,9.8810,1661492
2011-06-13 10:14:00,9.8960,9.9120,9.8750,9.8970,839328
2011-06-13 10:13:00,9.9060,9.9180,9.8760,9.8910,1667428
2011-06-13 10:12:00,9.9200,9.9300,9.8870,9.9030,1039584
2011-06-13 10:11:00,9.9180,9.9340,9.8990,9.9190,841120
2011-06-13 10:10:00,9.9150,9.9310,9.8950,9.9150,638708
2011-06-13 10:09:00,9.9110,9.9280,9.8920,9.9120,676480
2011-06-13 10:08:00,9.9110,9.9280,9.8910,9.9090,1437492
2011-06-13 10:07:00,9.9010,9.9200,9.8700,9.9070,1352344
2011-06-13 10:06:00,9.9030,9.9170,9.8770,9.8960,1054676
2011-06-13 10:05:00,9.9160,9.9280,9.8840,9.8990,865648
2011-06-13 10:04:00,9.9130,9.9280,9.8910,9.9120,944972
2011-06-13 10:03:00,9.9120,9.9290,9.8820,9.9080,872032
2011-06-13 10:02:00,9.9030,9.9250,9.8800,9.9080,1417780
2011-06-13 10:01:00,9.9280,9.9380,9.8840,9.8990,1318240
2011-06-13 10:00:00,9.9120,9.9390,9.8930,9.9230,1142064
2011-06-13 09:59:00,9.9230,9.9330,9.8930,9.9110,1311044
2011-06-13 09:58:00,9.9200,9.9390,9.8990,9.9190,1832572
2011-06-13 09:57:00,9.9020,9.9370,9.8820,9.9160,3642296
2011-06-13 09:56:00,9.8920,9.9150,9.8720,9.8980,2333996
2011-06-13 09:55:00,9.8780,9.9020,9.8590,9.8880,1384068
2011-06-13 09:54:00,9.8730,9.8890,9.8450,9.8720,1150604
2011-06-13 09:53:00,9.8680,9.8850,9.8490,9.8680,863604
2011-06-13 09:52:00,9.8840,9.8950,9.8500,9.8660,829500
2011-06-13 09:51:00,9.8750,9.8950,9.8560,9.8800,828044
2011-06-13 09:50:00,9.8710,9.8880,9.8510,9.8730,878192
2011-06-13 09:49:00,9.8720,9.8880,9.8490,9.8700,971404
2011-06-13 09:48:00,9.8860,9.8970,9.8530,9.8710,2590000
2011-06-13 09:47:00,9.8990,9.9100,9.8660,9.8810,1561392
2011-06-13 09:46:00,9.8930,9.9100,9.8720,9.8960,821520
2011-06-13 09:45:00,9.9010,9.9120,9.8720,9.8890,1539244
2011-06-13 09:44:00,9.9020,9.9180,9.8810,9.8970,1885520
2011-06-13 09:43:00,9.8960,9.9200,9.8720,9.8980,2572108
2011-06-13 09:42:00,9.8880,9.9100,9.8660,9.8930,1812720
2011-06-13 09:41:00,9.8780,9.9070,9.8570,9.8830,1564248
2011-06-13 09:40:00,9.8640,9.8990,9.8420,9.8740,2377928
2011-06-13 09:39:00,9.8680,9.8870,9.8380,9.8610,2385656
2011-06-13 09:38:00,9.8790,9.8890,9.8470,9.8640,1820140
2011-06-13 09:37:00,9.8710,9.8940,9.8490,9.8750,2341360
2011-06-13 09:36:00,9.8770,9.8880,9.8400,9.8650,3829476
2011-06-13 09:35:00,9.8880,9.8980,9.8520,9.8740,4162116
2011-06-13 09:34:00,9.8940,9.9110,9.8670,9.8840,1764504
2011-06-13 09:33:00,9.9010,9.9150,9.8730,9.8910,2171708
2011-06-13 09:32:00,9.9120,9.9240,9.8810,9.8960,2682372
2011-06-13 09:31:00,9.9040,9.9250,9.8810,9.9060,2773148
2011-06-13 09:30:00,9.9200,9.9310,9.8820,9.8990,5548984
2011-06-13 09:29:00,9.9190,9.9300,9.8980,9.9160,88676
2011-06-13 09:28:00,9.9210,9.9310,9.8990,9.9150,34720
2011-06-13 09:27:00,9.9160,9.9260,9.8930,9.9080,15680
2011-06-13 09:26:00,9.9210,9.9310,9.8990,9.9150,22400
2011-06-13 09:25:00,9.9200,9.9300,9.9010,9.9160,5600
2011-06-13 09:24:00,9.9190,9.9300,9.8990,9.9150,22400
2011-06-13 09:23:00,9.9160,9.9260,9.8960,9.9120,5600
2011-06-13 09:22:00,9.9210,9.9310,9.9000,9.9150,28000
2011-06-13 09:21:00,9.9260,9.9360,9.9040,9.9190,39564
2011-06-13 09:20:00,9.9230,9.9350,9.9040,9.9210,35000
2011-06-13 09:19:00,9.9220,9.9320,9.9020,9.9180,8400
2011-06-13 09:18:00,9.9220,9.9340,9.9020,9.9200,70140
2011-06-13 09:17:00,9.9210,9.9330,9.9020,9.9190,60760
2011-06-13 09:16:00,9.9200,9.9300,9.9010,9.9160,2800
2011-06-13 09:15:00,9.9220,9.9330,9.9000,9.9180,26040
2011-06-13 09:14:00,9.9220,9.9320,9.9030,9.9180,8400
2011-06-13 09:13:00,9.9190,9.9330,9.9000,9.9190,52360
2011-06-13 09:12:00,9.9210,9.9310,9.9020,9.9180,29148
2011-06-13 09:11:00,9.9240,9.9340,9.9020,9.9180,5600
2011-06-13 09:10:00,9.9240,9.9340,9.9050,9.9210,22400
2011-06-13 09:09:00,9.9240,9.9340,9.9020,9.9180,43400
2011-06-13 09:08:00,9.9250,9.9360,9.9060,9.9220,10220
2011-06-13 09:07:00,9.9230,9.9330,9.9040,9.9200,2800
2011-06-13 09:05:00,9.9270,9.9370,9.9080,9.9230,8260
2011-06-13 09:03:00,9.9270,9.9370,9.9020,9.9180,36400
2011-06-13 09:02:00,9.9320,9.9420,9.9080,9.9240,15400
2011-06-13 08:59:00,9.9300,9.9400,9.9110,9.9270,2800
2011-06-13 08:58:00,9.9330,9.9430,9.9110,9.9270,14616
2011-06-13 08:57:00,9.9310,9.9410,9.9120,9.9270,2800
2011-06-13 08:56:00,9.9300,9.9400,9.9110,9.9270,6860
2011-06-13 08:54:00,9.9310,9.9410,9.9110,9.9270,15400
2011-06-13 08:53:00,9.9270,9.9400,9.9080,9.9270,5600
2011-06-13 08:49:00,9.9290,9.9430,9.9100,9.9290,19600
2011-06-13 08:48:00,9.9320,9.9420,9.9070,9.9220,14000
2011-06-13 08:47:00,9.9280,9.9380,9.9080,9.9240,14140
2011-06-13 08:46:00,9.9330,9.9430,9.9110,9.9270,7952
2011-06-13 08:44:00,9.9340,9.9440,9.9110,9.9270,28000
2011-06-13 08:43:00,9.9340,9.9440,9.9150,9.9300,2800
2011-06-13 08:42:00,9.9330,9.9430,9.9140,9.9300,2800
2011-06-13 08:41:00,9.9350,9.9460,9.9140,9.9300,13328
2011-06-13 08:40:00,9.9300,9.9400,9.9090,9.9250,7000
2011-06-13 08:39:00,9.9360,9.9460,9.9100,9.9250,42980
2011-06-13 08:38:00,9.9360,9.9460,9.9150,9.9300,7000
2011-06-13 08:37:00,9.9350,9.9450,9.9150,9.9310,16800
2011-06-13 08:36:00,9.9330,9.9430,9.9140,9.9300,2800
2011-06-13 08:35:00,9.9290,9.9420,9.9100,9.9280,19600
2011-06-13 08:34:00,9.9310,9.9420,9.9120,9.9280,8624
2011-06-13 08:33:00,9.9310,9.9410,9.9110,9.9270,14000
2011-06-13 08:32:00,9.9330,9.9430,9.9140,9.9300,2800
2011-06-13 08:31:00,9.9320,9.9440,9.9130,9.9310,22400
2011-06-13 08:30:00,9.9320,9.9430,9.9110,9.9270,13440
2011-06-13 08:29:00,9.9330,9.9440,9.9130,9.9300,31920
2011-06-13 08:28:00,9.9320,9.9430,9.9130,9.9290,5600
2011-06-13 08:27:00,9.9290,9.9430,9.9100,9.9290,36400
2011-06-13 08:26:00,9.9270,9.9390,9.9080,9.9250,11760
2011-06-13 08:24:00,9.9250,9.9350,9.9050,9.9210,2800
2011-06-13 08:23:00,9.9240,9.9390,9.9050,9.9250,24500
2011-06-13 08:21:00,9.9290,9.9390,9.9050,9.9210,34020
2011-06-13 08:20:00,9.9230,9.9360,9.9040,9.9220,36260
2011-06-13 08:19:00,9.9190,9.9330,9.9000,9.9190,63000
2011-06-13 08:18:00,9.9190,9.9290,9.9000,9.9150,11200
2011-06-13 08:16:00,9.9150,9.9290,9.8960,9.9160,8596
2011-06-13 08:15:00,9.9180,9.9280,9.8960,9.9110,27944
2011-06-13 08:12:00,9.9170,9.9270,9.8980,9.9130,22904
2011-06-13 08:10:00,9.9170,9.9270,9.8980,9.9130,7840
2011-06-13 08:09:00,9.9170,9.9270,9.8980,9.9130,11200
2011-06-13 08:08:00,9.9160,9.9260,9.8970,9.9120,5600
2011-06-13 08:07:00,9.9220,9.9330,9.9030,9.9190,11760
2011-06-13 08:05:00,9.9160,9.9310,9.8960,9.9110,32592
2011-06-13 08:04:00,9.9230,9.9330,9.8960,9.9110,30324
2011-06-13 08:02:00,9.9230,9.9340,9.9040,9.9210,38220
2011-06-13 08:01:00,9.9220,9.9360,9.9030,9.9190,80640
2011-06-13 08:00:00,9.9160,9.9330,9.8970,9.9190,91952
2011-06-13 07:55:00,9.9210,9.9340,9.9020,9.9200,39200
2011-06-13 07:53:00,9.9150,9.9310,9.8960,9.9170,28000
2011-06-13 07:52:00,9.9160,9.9260,9.8970,9.9120,9436
2011-06-13 07:43:00,9.9200,9.9300,9.8960,9.9160,86324
2011-06-13 07:41:00,9.9200,9.9300,9.9010,9.9160,7560
2011-06-13 07:40:00,9.9230,9.9350,9.8990,9.9210,11200
2011-06-13 07:37:00,9.9250,9.9350,9.9060,9.9210,2800
2011-06-13 07:35:00,9.9290,9.9390,9.9100,9.9250,2800
2011-06-13 07:29:00,9.9230,9.9340,9.9040,9.9210,31080
2011-06-13 07:28:00,9.9220,9.9320,9.9030,9.9190,5600
2011-06-13 07:23:00,9.9220,9.9320,9.9030,9.9190,2800
2011-06-13 07:14:00,9.9140,9.9240,9.8950,9.9100,28000
2011-06-13 07:12:00,9.9230,9.9340,9.9040,9.9200,8400
2011-06-13 07:11:00,9.9230,9.9340,9.9040,9.9200,14000
2011-06-13 07:04:00,9.9270,9.9370,9.9080,9.9240,2800
2011-06-13 07:03:00,9.9240,9.9340,9.8970,9.9120,33600
2011-06-13 07:01:00,9.9240,9.9340,9.9050,9.9210,2800
2011-06-13 07:00:00,9.9080,9.9180,9.8880,9.9040,2800
2011-06-13 06:52:00,9.9150,9.9250,9.8960,9.9110,22960
2011-06-13 06:51:00,9.9150,9.9250,9.8960,9.9110,2800
2011-06-13 06:24:00,9.9080,9.9180,9.8880,9.9040,4200
2011-06-13 05:46:00,9.8820,9.8920,9.8620,9.8780,2800
2011-06-13 05:20:00,9.8820,9.8920,9.8630,9.8780,2800
2011-06-10 19:59:00,9.8720,9.8820,9.8530,9.8680,2800
2011-06-10 19:53:00,9.8690,9.8790,9.8500,9.8660,7896
2011-06-10 19:51:00,9.8700,9.8800,9.8510,9.8670,12600
2011-06-10 19:49:00,9.8650,9.8750,9.8460,9.8610,8400
2011-06-10 19:47:00,9.8650,9.8750,9.8460,9.8620,3528
2011-06-10 19:38:00,9.8650,9.8750,9.8460,9.8610,2800
2011-06-10 19:33:00,9.8670,9.8770,9.8480,9.8640,2800
2011-06-10 19:26:00,9.8670,9.8770,9.8480,9.8630,10388
2011-06-10 19:19:00,9.8710,9.8810,9.8520,9.8670,8400
2011-06-10 19:02:00,9.8670,9.8770,9.8480,9.8630,3948
2011-06-10 18:57:00,9.8660,9.8760,9.8470,9.8630,2800
2011-06-10 18:54:00,9.8660,9.8770,9.8470,9.8630,16800
2011-06-10 18:53:00,9.8640,9.8760,9.8450,9.8630,28000
2011-06-10 18:48:00,9.8640,9.8740,9.8450,9.8600,5320
2011-06-10 18:42:00,9.8650,9.8750,9.8460,9.8610,26824
2011-06-10 18:37:00,9.8650,9.8760,9.8460,9.8620,8400
2011-06-10 18:34:00,9.8650,9.8750,9.8460,9.8610,2800
2011-06-10 18:33:00,9.8660,9.8760,9.8470,9.8620,13020
2011-06-10 18:31:00,9.8650,9.8750,9.8460,9.8620,2800
2011-06-10 18:29:00,9.8640,9.8740,9.8450,9.8600,2800
2011-06-10 18:23:00,9.8640,9.8740,9.8450,9.8600,2800
2011-06-10 18:21:00,9.8650,9.8750,9.8460,9.8620,2800
2011-06-10 18:13:00,9.8660,9.8760,9.8470,9.8620,2800
2011-06-10 18:12:00,9.8820,9.8920,9.8630,9.8780,43792
2011-06-10 18:03:00,9.8650,9.8750,9.8460,9.8610,9100
2011-06-10 18:00:00,9.8650,9.8750,9.8460,9.8610,4900
2011-06-10 17:53:00,9.8650,9.8750,9.8460,9.8610,5600
2011-06-10 17:49:00,9.8670,9.8770,9.8480,9.8630,2800
2011-06-10 17:45:00,9.8650,9.8750,9.8450,9.8600,28000
2011-06-10 17:43:00,9.8640,9.8740,9.8450,9.8610,5600
2011-06-10 17:39:00,9.8640,9.8740,9.8450,9.8600,2800
2011-06-10 17:37:00,9.8640,9.8740,9.8450,9.8600,11200
2011-06-10 17:35:00,9.8640,9.8740,9.8450,9.8600,5600
2011-06-10 17:33:00,9.8670,9.8770,9.8480,9.8630,2800
2011-06-10 17:28:00,9.8670,9.8770,9.8480,9.8630,12292
2011-06-10 17:26:00,9.8700,9.8800,9.8510,9.8660,7616
2011-06-10 17:23:00,9.8690,9.8790,9.8500,9.8660,11200
2011-06-10 17:19:00,9.8700,9.8800,9.8510,9.8660,6888
2011-06-10 17:16:00,9.8700,9.8800,9.8510,9.8660,5320
2011-06-10 17:12:00,9.8700,9.8800,9.8510,9.8660,7448
2011-06-10 17:11:00,9.8710,9.8810,9.8520,9.8670,34804
2011-06-10 17:08:00,9.8710,9.8810,9.8520,9.8670,2800
2011-06-10 17:03:00,9.8710,9.8810,9.8520,9.8680,11200
2011-06-10 17:00:00,9.8720,9.8830,9.8520,9.8680,14000
2011-06-10 16:51:00,9.8700,9.8800,9.8510,9.8670,2800
2011-06-10 16:49:00,9.8700,9.8800,9.8510,9.8660,5600
2011-06-10 16:48:00,9.8700,9.8800,9.8510,9.8660,6188
2011-06-10 16:47:00,9.8700,9.8810,9.8510,9.8680,14672
2011-06-10 16:45:00,9.8700,9.8800,9.8510,9.8660,2800
2011-06-10 16:44:00,9.8700,9.8800,9.8510,9.8660,8400
2011-06-10 16:43:00,9.8700,9.8830,9.8510,9.8690,5600
2011-06-10 16:42:00,9.9160,9.9260,9.8560,9.8710,58800
2011-06-10 16:40:00,9.8720,9.8820,9.8530,9.8690,5600
2011-06-10 16:39:00,9.8700,9.8820,9.8510,9.8690,7364
2011-06-10 16:37:00,9.8700,9.8800,9.8510,9.8660,5600
2011-06-10 16:31:00,9.8750,9.8850,9.8560,9.8710,5600
2011-06-10 16:30:00,9.8720,9.8820,9.8530,9.8680,826168
2011-06-10 16:27:00,9.8700,9.9110,9.8510,9.8690,44800
2011-06-10 16:26:00,9.8730,9.8830,9.8540,9.8700,8400
2011-06-10 16:25:00,9.8720,9.8820,9.8530,9.8690,2800
2011-06-10 16:24:00,9.8700,9.8800,9.8510,9.8660,3780
2011-06-10 16:23:00,9.8680,9.8800,9.8490,9.8660,9128
2011-06-10 16:22:00,9.8730,9.8830,9.8510,9.8660,23800
2011-06-10 16:20:00,9.8730,9.8830,9.8540,9.8700,22400
2011-06-10 16:19:00,9.8700,9.9020,9.8490,9.8880,200200
2011-06-10 16:18:00,9.8650,9.8780,9.8460,9.8640,98000
2011-06-10 16:17:00,9.8660,9.8760,9.8460,9.8620,64400
2011-06-10 16:16:00,9.8650,9.8750,9.8460,9.8610,2800
2011-06-10 16:15:00,9.8650,9.9600,9.8460,9.8670,287028
2011-06-10 16:14:00,9.8660,9.8760,9.8450,9.8600,30800
2011-06-10 16:13:00,9.8660,9.8760,9.8470,9.8620,30800
2011-06-10 16:12:00,9.8640,9.8760,9.8440,9.8620,168000
2011-06-10 16:11:00,9.8610,9.8740,9.8420,9.8600,74200
2011-06-10 16:10:00,9.8610,9.9600,9.8370,9.8540,43512
2011-06-10 16:09:00,9.8620,9.8720,9.8430,9.8580,210560
2011-06-10 16:08:00,9.8610,9.9670,9.8420,9.8570,88872
2011-06-10 16:07:00,9.8610,9.8710,9.8420,9.8570,29400
2011-06-10 16:06:00,9.8610,9.8720,9.8410,9.8580,185836
2011-06-10 16:05:00,9.8610,9.8720,9.8420,9.8580,177380
2011-06-10 16:04:00,9.8660,9.8770,9.8390,9.8570,131600
2011-06-10 16:03:00,9.9510,9.9610,9.8450,9.8620,2152920
2011-06-10 16:02:00,9.8700,9.8800,9.8440,9.8630,58380
2011-06-10 16:01:00,9.8720,9.8820,9.8490,9.8660,147000
2011-06-10 16:00:00,9.8760,9.8950,9.8510,9.8660,7572292
2011-06-10 15:59:00,9.8840,9.8960,9.8530,9.8680,6581736
2011-06-10 15:58:00,9.8830,9.8960,9.8620,9.8800,2965060
2011-06-10 15:57:00,9.8800,9.8950,9.8610,9.8790,2322740
2011-06-10 15:56:00,9.8730,9.8920,9.8530,9.8760,1912428
2011-06-10 15:55:00,9.8720,9.8870,9.8520,9.8700,2354604
2011-06-10 15:54:00,9.8760,9.8870,9.8510,9.8680,2579472
2011-06-10 15:53:00,9.8790,9.8940,9.8570,9.8730,2479428
2011-06-10 15:52:00,9.8790,9.8920,9.8570,9.8750,2232804
2011-06-10 15:51:00,9.8870,9.8980,9.8600,9.8760,3782156
2011-06-10 15:50:00,9.8910,9.9010,9.8670,9.8830,1215004
2011-06-10 15:49:00,9.8880,9.9020,9.8660,9.8880,3859044
2011-06-10 15:48:00,9.8950,9.9070,9.8690,9.8850,2320052
2011-06-10 15:47:00,9.8980,9.9100,9.8750,9.8930,1066688
2011-06-10 15:46:00,9.8990,9.9130,9.8780,9.8940,1373260
2011-06-10 15:45:00,9.9020,9.9130,9.8790,9.8950,2493680
2011-06-10 15:44:00,9.9090,9.9190,9.8840,9.8990,1057028
2011-06-10 15:43:00,9.9090,9.9190,9.8880,9.9050,927668
2011-06-10 15:42:00,9.9110,9.9220,9.8880,9.9060,1001168
2011-06-10 15:41:00,9.9130,9.9250,9.8910,9.9070,1764924
2011-06-10 15:40:00,9.9080,9.9250,9.8890,9.9090,804468
2011-06-10 15:39:00,9.9080,9.9210,9.8870,9.9050,747096
2011-06-10 15:38:00,9.9100,9.9210,9.8870,9.9050,1032948
2011-06-10 15:37:00,9.9140,9.9250,9.8900,9.9060,878696
2011-06-10 15:36:00,9.9190,9.9300,9.8900,9.9100,1156260
2011-06-10 15:35:00,9.9170,9.9290,9.8960,9.9150,865032
2011-06-10 15:34:00,9.9160,9.9300,9.8960,9.9140,614712
2011-06-10 15:33:00,9.9180,9.9300,9.8960,9.9120,620900
2011-06-10 15:32:00,9.9160,9.9300,9.8920,9.9150,1135176
2011-06-10 15:31:00,9.9210,9.9320,9.8970,9.9130,1063664
2011-06-10 15:30:00,9.9160,9.9310,9.8950,9.9160,1023736
2011-06-10 15:29:00,9.9120,9.9260,9.8920,9.9120,1168272
2011-06-10 15:28:00,9.9190,9.9290,9.8920,9.9090,2135812
2011-06-10 15:27:00,9.9210,9.9320,9.8960,9.9150,980560
2011-06-10 15:26:00,9.9220,9.9320,9.9020,9.9180,429212
2011-06-10 15:25:00,9.9230,9.9340,9.8960,9.9140,318248
2011-06-10 15:24:00,9.9160,9.9340,9.8930,9.9200,808752
2011-06-10 15:23:00,9.9170,9.9280,9.8950,9.9120,762692
2011-06-10 15:22:00,9.9250,9.9350,9.8950,9.9130,2432724
2011-06-10 15:21:00,9.9260,9.9360,9.9010,9.9200,451584
2011-06-10 15:20:00,9.9270,9.9390,9.9010,9.9190,849520
2011-06-10 15:19:00,9.9350,9.9460,9.9070,9.9250,707756
2011-06-10 15:18:00,9.9320,9.9460,9.9120,9.9320,818468
2011-06-10 15:17:00,9.9320,9.9430,9.9050,9.9290,401100
2011-06-10 15:16:00,9.9220,9.9440,9.9030,9.9290,552636
2011-06-10 15:15:00,9.9320,9.9420,9.9000,9.9200,822948
2011-06-10 15:14:00,9.9330,9.9440,9.9110,9.9280,388108
2011-06-10 15:13:00,9.9320,9.9450,9.9120,9.9300,550004
2011-06-10 15:12:00,9.9280,9.9450,9.9090,9.9300,892948
2011-06-10 15:11:00,9.9250,9.9390,9.9040,9.9260,294084
2011-06-10 15:10:00,9.9250,9.9370,9.9030,9.9210,382200
2011-06-10 15:09:00,9.9220,9.9370,9.8990,9.9220,430836
2011-06-10 15:08:00,9.9200,9.9330,9.8960,9.9150,899136
2011-06-10 15:07:00,9.9290,9.9400,9.8990,9.9180,676620
2011-06-10 15:06:00,9.9370,9.9470,9.9110,9.9290,563836
2011-06-10 15:05:00,9.9340,9.9480,9.9130,9.9330,404516
2011-06-10 15:04:00,9.9310,9.9480,9.9100,9.9270,809200
2011-06-10 15:03:00,9.9380,9.9490,9.9090,9.9270,1706488
2011-06-10 15:02:00,9.9380,9.9490,9.9130,9.9340,770028
2011-06-10 15:01:00,9.9470,9.9590,9.9190,9.9350,1039976
2011-06-10 15:00:00,9.9470,9.9600,9.9270,9.9430,1451380
2011-06-10 14:59:00,9.9430,9.9600,9.9240,9.9440,1046780
2011-06-10 14:58:00,9.9390,9.9570,9.9190,9.9420,2091460
2011-06-10 14:57:00,9.9330,9.9490,9.9140,9.9360,1034040
2011-06-10 14:56:00,9.9320,9.9440,9.9090,9.9300,303548
2011-06-10 14:55:00,9.9300,9.9430,9.9110,9.9270,417984
2011-06-10 14:54:00,9.9340,9.9440,9.9080,9.9270,854084
2011-06-10 14:53:00,9.9350,9.9460,9.9110,9.9310,481992
2011-06-10 14:52:00,9.9320,9.9460,9.9130,9.9320,1032444
2011-06-10 14:51:00,9.9260,9.9430,9.9060,9.9300,1010716
2011-06-10 14:50:00,9.9280,9.9390,9.9050,9.9230,768348
2011-06-10 14:49:00,9.9230,9.9380,9.9000,9.9240,1093848
2011-06-10 14:48:00,9.9140,9.9330,9.8930,9.9190,733404
2011-06-10 14:47:00,9.9120,9.9250,9.8900,9.9110,470204
2011-06-10 14:46:00,9.9090,9.9240,9.8870,9.9090,531720
2011-06-10 14:45:00,9.9050,9.9200,9.8810,9.9050,363076
2011-06-10 14:44:00,9.9050,9.9190,9.8820,9.9020,737436
2011-06-10 14:43:00,9.9090,9.9240,9.8860,9.9020,400232
2011-06-10 14:42:00,9.9060,9.9180,9.8840,9.9040,612696
2011-06-10 14:41:00,9.9150,9.9270,9.8860,9.9010,961156
2011-06-10 14:40:00,9.9090,9.9290,9.8890,9.9140,579908
2011-06-10 14:39:00,9.9090,9.9210,9.8870,9.9050,341432
2011-06-10 14:38:00,9.9100,9.9220,9.8860,9.9060,813176
2011-06-10 14:37:00,9.9060,9.9230,9.8870,9.9070,905744
2011-06-10 14:36:00,9.9140,9.9250,9.8840,9.9010,1482012
2011-06-10 14:35:00,9.9150,9.9280,9.8950,9.9100,612612
2011-06-10 14:34:00,9.9220,9.9330,9.8960,9.9120,949284
2011-06-10 14:33:00,9.9270,9.9380,9.9010,9.9180,453740
2011-06-10 14:32:00,9.9280,9.9390,9.9070,9.9250,76664
2011-06-10 14:31:00,9.9300,9.9400,9.9050,9.9250,245280
2011-06-10 14:30:00,9.9230,9.9450,9.9030,9.9270,1057420
2011-06-10 14:29:00,9.9300,9.9410,9.9040,9.9220,544880
2011-06-10 14:28:00,9.9290,9.9430,9.9090,9.9260,794836
2011-06-10 14:27:00,9.9270,9.9430,9.9070,9.9270,1135400
2011-06-10 14:26:00,9.9210,9.9390,9.9010,9.9240,773472
2011-06-10 14:25:00,9.9180,9.9320,9.8940,9.9180,515536
2011-06-10 14:24:00,9.9210,9.9320,9.8970,9.9120,317016
2011-06-10 14:23:00,9.9150,9.9310,9.8940,9.9180,614096
2011-06-10 14:22:00,9.9290,9.9440,9.8950,9.9120,1491896
2011-06-10 14:21:00,9.9260,9.9450,9.9030,9.9240,853412
2011-06-10 14:20:00,9.9330,9.9450,9.9060,9.9220,446488
2011-06-10 14:19:00,9.9340,9.9480,9.9120,9.9300,685860
2011-06-10 14:18:00,9.9300,9.9460,9.9110,9.9290,917924
2011-06-10 14:17:00,9.9300,9.9410,9.9050,9.9260,356636
2011-06-10 14:16:00,9.9310,9.9420,9.9070,9.9260,305060
2011-06-10 14:15:00,9.9330,9.9450,9.9080,9.9250,570444
2011-06-10 14:14:00,9.9330,9.9460,9.9110,9.9300,664916
2011-06-10 14:13:00,9.9310,9.9440,9.9050,9.9290,853496
2011-06-10 14:12:00,9.9330,9.9490,9.9110,9.9270,1420916
2011-06-10 14:11:00,9.9400,9.9510,9.9110,9.9300,1318464
2011-06-10 14:10:00,9.9400,9.9510,9.9170,9.9360,480900
2011-06-10 14:09:00,9.9490,9.9600,9.9190,9.9380,1752016
2011-06-10 14:08:00,9.9380,9.9620,9.9190,9.9420,2837296
2011-06-10 14:07:00,9.9310,9.9510,9.9100,9.9370,1361696
2011-06-10 14:06:00,9.9290,9.9440,9.9050,9.9270,603960
2011-06-10 14:05:00,9.9330,9.9440,9.9080,9.9250,1213212
2011-06-10 14:04:00,9.9240,9.9490,9.9050,9.9300,1833748
2011-06-10 14:03:00,9.9220,9.9340,9.9000,9.9210,661052
2011-06-10 14:02:00,9.9210,9.9340,9.8990,9.9200,861616
2011-06-10 14:01:00,9.9150,9.9320,9.8950,9.9180,1034320
2011-06-10 14:00:00,9.9140,9.9250,9.8930,9.9110,726516
2011-06-10 13:59:00,9.9070,9.9240,9.8880,9.9110,570724
2011-06-10 13:58:00,9.9100,9.9210,9.8880,9.9030,314496
2011-06-10 13:57:00,9.9050,9.9210,9.8860,9.9040,384328
2011-06-10 13:56:00,9.9090,9.9210,9.8860,9.9010,337932
2011-06-10 13:55:00,9.9110,9.9210,9.8880,9.9050,454860
2011-06-10 13:54:00,9.9090,9.9230,9.8880,9.9070,604044
2011-06-10 13:53:00,9.8990,9.9210,9.8800,9.9050,1244040
2011-06-10 13:52:00,9.8940,9.9120,9.8750,9.8950,511644
2011-06-10 13:51:00,9.8980,9.9090,9.8750,9.8910,568764
2011-06-10 13:50:00,9.8980,9.9090,9.8760,9.8920,508256
2011-06-10 13:49:00,9.8990,9.9110,9.8780,9.8940,564340
2011-06-10 13:48:00,9.8930,9.9130,9.8740,9.8960,1159760
2011-06-10 13:47:00,9.8950,9.9070,9.8730,9.8900,1141308
2011-06-10 13:46:00,9.8970,9.9100,9.8750,9.8930,1104544
2011-06-10 13:45:00,9.8950,9.9090,9.8740,9.8930,1035188
2011-06-10 13:44:00,9.8980,9.9120,9.8760,9.8920,727020
2011-06-10 13:43:00,9.9020,9.9130,9.8750,9.8940,1007524
2011-06-10 13:42:00,9.9000,9.9140,9.8750,9.8980,2120776
2011-06-10 13:41:00,9.9030,9.9130,9.8810,9.8960,250964
2011-06-10 13:40:00,9.9000,9.9150,9.8790,9.9010,383292
2011-06-10 13:39:00,9.9080,9.9190,9.8800,9.8970,403172
2011-06-10 13:38:00,9.9040,9.9190,9.8830,9.9040,731892
2011-06-10 13:37:00,9.9060,9.9160,9.8770,9.8990,1974056
2011-06-10 13:36:00,9.9020,9.9170,9.8820,9.9020,387548
2011-06-10 13:35:00,9.9060,9.9170,9.8820,9.8970,749168
2011-06-10 13:34:00,9.9060,9.9190,9.8850,9.9010,460796
2011-06-10 13:33:00,9.9070,9.9190,9.8840,9.9020,659568
2011-06-10 13:32:00,9.9100,9.9210,9.8870,9.9030,797160
2011-06-10 13:31:00,9.9100,9.9210,9.8870,9.9070,506352
2011-06-10 13:30:00,9.9170,9.9270,9.8920,9.9070,371560
2011-06-10 13:29:00,9.9150,9.9290,9.8960,9.9140,320180
2011-06-10 13:28:00,9.9150,9.9280,9.8940,9.9110,501340
2011-06-10 13:27:00,9.9150,9.9260,9.8950,9.9110,421400
2011-06-10 13:26:00,9.9120,9.9270,9.8920,9.9110,690424
2011-06-10 13:25:00,9.9090,9.9220,9.8880,9.9070,287532
2011-06-10 13:24:00,9.9120,9.9230,9.8880,9.9040,485352
2011-06-10 13:23:00,9.9110,9.9220,9.8910,9.9090,360192
2011-06-10 13:22:00,9.9120,9.9240,9.8880,9.9070,491624
2011-06-10 13:21:00,9.9130,9.9240,9.8910,9.9090,475020
2011-06-10 13:20:00,9.9110,9.9240,9.8910,9.9090,298200
2011-06-10 13:19:00,9.9100,9.9230,9.8900,9.9080,328692
2011-06-10 13:18:00,9.9110,9.9220,9.8880,9.9050,515480
2011-06-10 13:17:00,9.9030,9.9220,9.8830,9.9060,801528
2011-06-10 13:16:00,9.9030,9.9170,9.8810,9.9000,1218784
2011-06-10 13:15:00,9.9140,9.9250,9.8840,9.8990,1212288
2011-06-10 13:14:00,9.9130,9.9270,9.8930,9.9100,500472
2011-06-10 13:13:00,9.9110,9.9240,9.8910,9.9100,637364
2011-06-10 13:12:00,9.9110,9.9240,9.8920,9.9090,508172
2011-06-10 13:11:00,9.9180,9.9280,9.8920,9.9070,1173816
2011-06-10 13:10:00,9.9210,9.9340,9.8970,9.9150,426608
2011-06-10 13:09:00,9.9210,9.9320,9.9000,9.9180,309120
2011-06-10 13:08:00,9.9210,9.9320,9.9000,9.9180,353276
2011-06-10 13:07:00,9.9220,9.9350,9.9010,9.9180,348936
2011-06-10 13:06:00,9.9160,9.9330,9.8960,9.9180,470148
2011-06-10 13:05:00,9.9200,9.9300,9.8970,9.9120,1039920
2011-06-10 13:04:00,9.9240,9.9360,9.9000,9.9160,809200
2011-06-10 13:03:00,9.9240,9.9370,9.9020,9.9190,401772
2011-06-10 13:02:00,9.9300,9.9410,9.9040,9.9190,540204
2011-06-10 13:01:00,9.9290,9.9410,9.9070,9.9260,312984
2011-06-10 13:00:00,9.9310,9.9420,9.9070,9.9270,685468
2011-06-10 12:59:00,9.9380,9.9510,9.9110,9.9270,782320
2011-06-10 12:58:00,9.9390,9.9520,9.9170,9.9330,453768
2011-06-10 12:57:00,9.9390,9.9490,9.9170,9.9350,399784
2011-06-10 12:56:00,9.9390,9.9540,9.9180,9.9360,662424
2011-06-10 12:55:00,9.9390,9.9520,9.9190,9.9370,240436
2011-06-10 12:54:00,9.9370,9.9520,9.9180,9.9360,502320
2011-06-10 12:53:00,9.9420,9.9530,9.9170,9.9350,300356
2011-06-10 12:52:00,9.9360,9.9520,9.9170,9.9380,632268
2011-06-10 12:51:00,9.9350,9.9510,9.9160,9.9320,404544
2011-06-10 12:50:00,9.9330,9.9500,9.9120,9.9320,326256
2011-06-10 12:49:00,9.9340,9.9460,9.9140,9.9310,76720
2011-06-10 12:48:00,9.9330,9.9460,9.9100,9.9310,718060
2011-06-10 12:47:00,9.9370,9.9470,9.9130,9.9300,174160
2011-06-10 12:46:00,9.9360,9.9490,9.9120,9.9350,302764
2011-06-10 12:45:00,9.9290,9.9490,9.9090,9.9320,266252
2011-06-10 12:44:00,9.9340,9.9460,9.9090,9.9270,468636
2011-06-10 12:43:00,9.9360,9.9490,9.9140,9.9300,190736
2011-06-10 12:42:00,9.9430,9.9540,9.9140,9.9320,596904
2011-06-10 12:41:00,9.9430,9.9540,9.9230,9.9400,610428
2011-06-10 12:40:00,9.9410,9.9540,9.9210,9.9400,342132
2011-06-10 12:39:00,9.9460,9.9580,9.9220,9.9400,611996
2011-06-10 12:38:00,9.9450,9.9600,9.9260,9.9430,480172
2011-06-10 12:37:00,9.9420,9.9550,9.9210,9.9420,489244
2011-06-10 12:36:00,9.9400,9.9520,9.9190,9.9370,174888
2011-06-10 12:35:00,9.9420,9.9520,9.9180,9.9370,693588
2011-06-10 12:34:00,9.9440,9.9560,9.9230,9.9390,358960
2011-06-10 12:33:00,9.9440,9.9610,9.9190,9.9420,1324736
2011-06-10 12:32:00,9.9350,9.9560,9.9150,9.9410,1057224
2011-06-10 12:31:00,9.9330,9.9480,9.9110,9.9310,433216
2011-06-10 12:30:00,9.9370,9.9480,9.9120,9.9310,536704
2011-06-10 12:29:00,9.9380,9.9480,9.9110,9.9340,1412012
2011-06-10 12:28:00,9.9360,9.9480,9.9140,9.9310,292068
2011-06-10 12:27:00,9.9370,9.9470,9.9140,9.9320,652176
2011-06-10 12:26:00,9.9350,9.9490,9.9140,9.9340,139412
2011-06-10 12:25:00,9.9330,9.9470,9.9140,9.9300,376656
2011-06-10 12:24:00,9.9390,9.9490,9.9140,9.9300,528584
2011-06-10 12:23:00,9.9380,9.9520,9.9160,9.9370,283780
2011-06-10 12:22:00,9.9400,9.9520,9.9180,9.9340,254940
2011-06-10 12:21:00,9.9320,9.9490,9.9130,9.9360,402528
2011-06-10 12:20:00,9.9330,9.9460,9.9130,9.9290,429380
2011-06-10 12:19:00,9.9300,9.9430,9.9100,9.9290,342216
2011-06-10 12:18:00,9.9260,9.9400,9.9070,9.9250,246428
2011-06-10 12:17:00,9.9270,9.9390,9.9060,9.9220,451444
2011-06-10 12:16:00,9.9270,9.9400,9.9070,9.9240,469056
2011-06-10 12:15:00,9.9280,9.9390,9.9010,9.9240,765296
2011-06-10 12:14:00,9.9250,9.9390,9.9020,9.9250,656404
2011-06-10 12:13:00,9.9250,9.9390,9.9050,9.9210,536620
2011-06-10 12:12:00,9.9240,9.9360,9.9050,9.9210,386428
2011-06-10 12:11:00,9.9240,9.9360,9.9040,9.9210,243096
2011-06-10 12:10:00,9.9300,9.9400,9.9020,9.9190,365092
2011-06-10 12:09:00,9.9260,9.9400,9.9030,9.9250,438564
2011-06-10 12:08:00,9.9180,9.9360,9.8990,9.9210,489328
2011-06-10 12:07:00,9.9190,9.9310,9.8960,9.9150,877324
2011-06-10 12:06:00,9.9240,9.9350,9.8990,9.9150,506548
2011-06-10 12:05:00,9.9300,9.9410,9.9040,9.9220,909412
2011-06-10 12:04:00,9.9350,9.9460,9.9080,9.9250,543620
2011-06-10 12:03:00,9.9340,9.9460,9.9130,9.9310,465584
2011-06-10 12:02:00,9.9330,9.9460,9.9100,9.9310,1071924
2011-06-10 12:01:00,9.9360,9.9480,9.9110,9.9280,413056
2011-06-10 12:00:00,9.9310,9.9470,9.9100,9.9310,458304
2011-06-10 11:59:00,9.9360,9.9460,9.9120,9.9280,353220
2011-06-10 11:58:00,9.9290,9.9470,9.9100,9.9310,480648
2011-06-10 11:57:00,9.9290,9.9410,9.9080,9.9260,341180
2011-06-10 11:56:00,9.9290,9.9410,9.9080,9.9270,236068
2011-06-10 11:55:00,9.9370,9.9510,9.9090,9.9260,638652
2011-06-10 11:54:00,9.9370,9.9500,9.9160,9.9350,265664
2011-06-10 11:53:00,9.9360,9.9500,9.9160,9.9330,441532
2011-06-10 11:52:00,9.9400,9.9510,9.9150,9.9330,762552
2011-06-10 11:51:00,9.9390,9.9530,9.9160,9.9350,598108
2011-06-10 11:50:00,9.9420,9.9560,9.9200,9.9350,771036
2011-06-10 11:49:00,9.9380,9.9520,9.9170,9.9370,344932
2011-06-10 11:48:00,9.9400,9.9530,9.9170,9.9320,465444
2011-06-10 11:47:00,9.9390,9.9510,9.9170,9.9360,683900
2011-06-10 11:46:00,9.9430,9.9530,9.9180,9.9380,459452
2011-06-10 11:45:00,9.9450,9.9570,9.9200,9.9380,1311604
2011-06-10 11:44:00,9.9410,9.9550,9.9190,9.9420,1056160
2011-06-10 11:43:00,9.9360,9.9510,9.9150,9.9370,1136520
2011-06-10 11:42:00,9.9320,9.9460,9.9110,9.9320,834120
2011-06-10 11:41:00,9.9210,9.9430,9.9020,9.9300,511140
2011-06-10 11:40:00,9.9240,9.9370,9.9020,9.9180,457268
2011-06-10 11:39:00,9.9220,9.9360,9.8990,9.9210,1406216
2011-06-10 11:38:00,9.9240,9.9360,9.8990,9.9190,732900
2011-06-10 11:37:00,9.9180,9.9370,9.8990,9.9210,1001672
2011-06-10 11:36:00,9.9160,9.9280,9.8900,9.9140,1112748
2011-06-10 11:35:00,9.9190,9.9290,9.8960,9.9120,482216
2011-06-10 11:34:00,9.9210,9.9330,9.8980,9.9160,608384
2011-06-10 11:33:00,9.9220,9.9350,9.8990,9.9180,829304
2011-06-10 11:32:00,9.9280,9.9390,9.9030,9.9200,429072
2011-06-10 11:31:00,9.9250,9.9400,9.9040,9.9270,1024912
2011-06-10 11:30:00,9.9270,9.9370,9.9020,9.9210,665616
2011-06-10 11:29:00,9.9260,9.9380,9.9010,9.9210,912016
2011-06-10 11:28:00,9.9330,9.9430,9.9060,9.9240,824516
2011-06-10 11:27:00,9.9320,9.9490,9.9120,9.9290,1240876
2011-06-10 11:26:00,9.9290,9.9440,9.9050,9.9290,888020
2011-06-10 11:25:00,9.9250,9.9390,9.9040,9.9250,1310848
2011-06-10 11:24:00,9.9220,9.9370,9.9010,9.9210,879424
2011-06-10 11:23:00,9.9220,9.9350,9.9010,9.9190,601776
2011-06-10 11:22:00,9.9220,9.9350,9.8960,9.9200,1710380
2011-06-10 11:21:00,9.9130,9.9320,9.8930,9.9180,1356516
2011-06-10 11:20:00,9.9090,9.9270,9.8900,9.9100,1897140
2011-06-10 11:19:00,9.9110,9.9250,9.8840,9.9060,2055564
2011-06-10 11:18:00,9.9200,9.9340,9.8840,9.9090,4224500
2011-06-10 11:17:00,9.9330,9.9430,9.9000,9.9170,1405936
2011-06-10 11:16:00,9.9370,9.9480,9.9090,9.9270,1368864
2011-06-10 11:15:00,9.9330,9.9510,9.9040,9.9330,1402156
2011-06-10 11:14:00,9.9290,9.9430,9.9060,9.9290,692244
2011-06-10 11:13:00,9.9280,9.9430,9.9080,9.9250,700952
2011-06-10 11:12:00,9.9240,9.9390,9.9040,9.9240,1070272
2011-06-10 11:11:00,9.9220,9.9370,9.9020,9.9180,1100008
2011-06-10 11:10:00,9.9310,9.9420,9.9020,9.9190,1856596
2011-06-10 11:09:00,9.9280,9.9430,9.9050,9.9280,1969604
2011-06-10 11:08:00,9.9360,9.9480,9.9040,9.9250,1679692
2011-06-10 11:07:00,9.9320,9.9520,9.9070,9.9310,2341136
2011-06-10 11:06:00,9.9420,9.9520,9.9110,9.9280,1981756
2011-06-10 11:05:00,9.9450,9.9550,9.9200,9.9360,882364
2011-06-10 11:04:00,9.9440,9.9570,9.9230,9.9410,837480
2011-06-10 11:03:00,9.9460,9.9590,9.9200,9.9400,924196
2011-06-10 11:02:00,9.9470,9.9570,9.9210,9.9420,811356
2011-06-10 11:01:00,9.9460,9.9590,9.9240,9.9420,821576
2011-06-10 11:00:00,9.9390,9.9640,9.9190,9.9450,2101092
2011-06-10 10:59:00,9.9380,9.9530,9.9110,9.9350,2250640
2011-06-10 10:58:00,9.9390,9.9530,9.9180,9.9340,1756048
2011-06-10 10:57:00,9.9400,9.9530,9.9110,9.9350,3376912
2011-06-10 10:56:00,9.9570,9.9680,9.9190,9.9380,5218276
2011-06-10 10:55:00,9.9620,9.9750,9.9370,9.9530,1159396
2011-06-10 10:54:00,9.9650,9.9770,9.9390,9.9600,1690696
2011-06-10 10:53:00,9.9560,9.9780,9.9350,9.9610,2480268
2011-06-10 10:52:00,9.9610,9.9740,9.9370,9.9530,2264164
2011-06-10 10:51:00,9.9710,9.9840,9.9410,9.9570,2809212
2011-06-10 10:50:00,9.9720,9.9960,9.9470,9.9670,2134916
2011-06-10 10:49:00,9.9910,10.0010,9.9520,9.9680,3520608
2011-06-10 10:48:00,9.9850,10.0010,9.9660,9.9870,673176
2011-06-10 10:47:00,9.9900,10.0010,9.9620,9.9820,985516
2011-06-10 10:46:00,9.9880,10.0040,9.9660,9.9870,942060
2011-06-10 10:45:00,9.9980,10.0080,9.9660,9.9830,1316196
2011-06-10 10:44:00,9.9860,10.0090,9.9660,9.9930,1829688
2011-06-10 10:43:00,9.9850,9.9980,9.9600,9.9820,2486876
2011-06-10 10:42:00,9.9930,10.0030,9.9640,9.9810,1844808
2011-06-10 10:41:00,9.9920,10.0040,9.9650,9.9890,4249924
2011-06-10 10:40:00,10.0070,10.0180,9.9720,9.9880,3998932
2011-06-10 10:39:00,10.0160,10.0280,9.9880,10.0040,1164380
2011-06-10 10:38:00,10.0150,10.0280,9.9930,10.0120,704256
2011-06-10 10:37:00,10.0270,10.0370,9.9960,10.0120,443100
2011-06-10 10:36:00,10.0260,10.0380,10.0040,10.0240,362768
2011-06-10 10:35:00,10.0190,10.0410,9.9990,10.0230,2043020
2011-06-10 10:34:00,10.0190,10.0310,9.9980,10.0150,511000
2011-06-10 10:33:00,10.0140,10.0320,9.9940,10.0150,1438808
2011-06-10 10:32:00,10.0100,10.0270,9.9870,10.0100,1130108
2011-06-10 10:31:00,10.0130,10.0250,9.9870,10.0070,3792908
2011-06-10 10:30:00,10.0180,10.0280,9.9930,10.0090,825832
2011-06-10 10:29:00,10.0150,10.0290,9.9930,10.0150,1172528
2011-06-10 10:28:00,10.0140,10.0260,9.9890,10.0110,1631756
2011-06-10 10:27:00,10.0150,10.0260,9.9900,10.0070,1770020
2011-06-10 10:26:00,10.0210,10.0310,9.9950,10.0120,610092
2011-06-10 10:25:00,10.0230,10.0350,9.9950,10.0160,841652
2011-06-10 10:24:00,10.0210,10.0330,9.9960,10.0170,2067156
2011-06-10 10:23:00,10.0280,10.0380,10.0000,10.0170,1475740
2011-06-10 10:22:00,10.0330,10.0450,10.0070,10.0260,385532
2011-06-10 10:21:00,10.0320,10.0470,10.0100,10.0310,484064
2011-06-10 10:20:00,10.0280,10.0440,10.0050,10.0300,787612
2011-06-10 10:19:00,10.0330,10.0470,10.0070,10.0240,567280
2011-06-10 10:18:00,10.0390,10.0490,10.0130,10.0310,379680
2011-06-10 10:17:00,10.0320,10.0540,10.0120,10.0350,2354940
2011-06-10 10:16:00,10.0300,10.0440,10.0070,10.0300,555744
2011-06-10 10:15:00,10.0350,10.0450,10.0080,10.0260,624736
2011-06-10 10:14:00,10.0320,10.0490,10.0040,10.0310,1227828
2011-06-10 10:13:00,10.0330,10.0430,10.0060,10.0280,400568
2011-06-10 10:12:00,10.0340,10.0500,10.0120,10.0290,1220716
2011-06-10 10:11:00,10.0270,10.0500,10.0070,10.0310,1357160
2011-06-10 10:10:00,10.0230,10.0380,10.0010,10.0230,964628
2011-06-10 10:09:00,10.0210,10.0340,10.0010,10.0200,411572
2011-06-10 10:08:00,10.0300,10.0440,9.9990,10.0170,1056608
2011-06-10 10:07:00,10.0300,10.0490,10.0070,10.0270,1371944
2011-06-10 10:06:00,10.0300,10.0410,10.0010,10.0270,422996
2011-06-10 10:05:00,10.0230,10.0420,9.9970,10.0270,916524
2011-06-10 10:04:00,10.0280,10.0430,10.0040,10.0220,819168
2011-06-10 10:03:00,10.0250,10.0410,10.0030,10.0230,773304
2011-06-10 10:02:00,10.0390,10.0500,10.0030,10.0220,1457512
2011-06-10 10:01:00,10.0400,10.0520,10.0190,10.0350,1223460
2011-06-10 10:00:00,10.0400,10.0520,10.0080,10.0350,1952916
2011-06-10 09:59:00,10.0240,10.0530,10.0030,10.0380,2485532
2011-06-10 09:58:00,10.0250,10.0360,9.9950,10.0210,1662696
2011-06-10 09:57:00,10.0210,10.0410,10.0000,10.0210,1261792
2011-06-10 09:56:00,10.0260,10.0360,9.9990,10.0160,986804
2011-06-10 09:55:00,10.0220,10.0360,9.9980,10.0220,1019620
2011-06-10 09:54:00,10.0150,10.0330,9.9910,10.0160,1612744
2011-06-10 09:53:00,10.0310,10.0440,9.9900,10.0110,3309712
2011-06-10 09:52:00,10.0320,10.0430,10.0080,10.0280,1092644
2011-06-10 09:51:00,10.0340,10.0470,10.0110,10.0280,1228668
2011-06-10 09:50:00,10.0300,10.0450,10.0050,10.0300,1300292
2011-06-10 09:49:00,10.0320,10.0450,10.0030,10.0260,1588216
2011-06-10 09:48:00,10.0450,10.0560,10.0130,10.0290,1144248
2011-06-10 09:47:00,10.0530,10.0650,10.0230,10.0440,1221332
2011-06-10 09:46:00,10.0410,10.0630,10.0150,10.0480,2473380
2011-06-10 09:45:00,10.0370,10.0510,10.0090,10.0370,897680
2011-06-10 09:44:00,10.0450,10.0590,10.0160,10.0330,1586648
2011-06-10 09:43:00,10.0470,10.0590,10.0190,10.0390,1670480
2011-06-10 09:42:00,10.0480,10.0670,10.0250,10.0430,2119964
2011-06-10 09:41:00,10.0220,10.0590,10.0010,10.0450,2906428
2011-06-10 09:40:00,10.0250,10.0360,9.9970,10.0160,1813364
2011-06-10 09:39:00,10.0220,10.0390,10.0000,10.0210,821128
2011-06-10 09:38:00,10.0260,10.0390,9.9990,10.0180,1326220
2011-06-10 09:37:00,10.0340,10.0440,10.0040,10.0230,1853040
2011-06-10 09:36:00,10.0330,10.0510,10.0070,10.0280,2713424
2011-06-10 09:35:00,10.0270,10.0450,10.0030,10.0290,1538488
2011-06-10 09:34:00,10.0160,10.0470,9.9970,10.0240,3145604
2011-06-10 09:33:00,10.0110,10.0270,9.9860,10.0130,4740904
2011-06-10 09:32:00,10.0230,10.0340,9.9880,10.0080,1438416
2011-06-10 09:31:00,10.0070,10.0380,9.9880,10.0190,1936116
2011-06-10 09:30:00,10.0230,10.0380,9.9870,10.0050,8086876
2011-06-10 09:29:00,10.0240,10.0380,9.9990,10.0240,144536
2011-06-10 09:28:00,10.0210,10.0440,9.9990,10.0200,437304
2011-06-10 09:27:00,10.0150,10.0280,9.9900,10.0060,50400
2011-06-10 09:24:00,10.0060,10.0190,9.9870,10.0050,21700
2011-06-10 09:23:00,10.0090,10.0190,9.9900,10.0050,5600
2011-06-10 09:22:00,10.0080,10.0210,9.9870,10.0020,99960
2011-06-10 09:21:00,10.0100,10.0200,9.9900,10.0050,16800
2011-06-10 09:20:00,10.0140,10.0240,9.9940,10.0100,8400
2011-06-10 09:19:00,10.0140,10.0270,9.9940,10.0130,25200
2011-06-10 09:18:00,10.0070,10.0250,9.9870,10.0080,39200
2011-06-10 09:17:00,10.0070,10.0170,9.9870,10.0020,13944
2011-06-10 09:16:00,10.0070,10.0180,9.9870,10.0020,21000
2011-06-10 09:15:00,10.0060,10.0170,9.9870,10.0020,47768
2011-06-10 09:14:00,10.0020,10.0190,9.9800,10.0020,134652
2011-06-10 09:13:00,10.0080,10.0180,9.9850,10.0010,109620
2011-06-10 09:12:00,10.0100,10.0240,9.9900,10.0050,79184
2011-06-10 09:11:00,10.0140,10.0240,9.9870,10.0100,194404
2011-06-10 09:10:00,10.0240,10.0340,9.9970,10.0130,39144
2011-06-10 09:09:00,10.0210,10.0350,10.0010,10.0210,5600
2011-06-10 09:08:00,10.0190,10.0310,9.9960,10.0180,39200
2011-06-10 09:07:00,10.0170,10.0280,9.9960,10.0150,22400
2011-06-10 09:06:00,10.0150,10.0270,9.9940,10.0120,14000
2011-06-10 09:05:00,10.0190,10.0290,9.9930,10.0110,92232
2011-06-10 09:04:00,10.0230,10.0340,10.0000,10.0150,85820
2011-06-10 09:03:00,10.0230,10.0340,10.0040,10.0210,11900
2011-06-10 09:00:00,10.0280,10.0380,10.0080,10.0240,44800
2011-06-10 08:59:00,10.0350,10.0450,10.0150,10.0310,2800
2011-06-10 08:58:00,10.0320,10.0420,10.0130,10.0280,2800
2011-06-10 08:56:00,10.0300,10.0410,10.0110,10.0270,2800
2011-06-10 08:55:00,10.0340,10.0460,10.0140,10.0300,16800
2011-06-10 08:54:00,10.0340,10.0440,10.0090,10.0250,11200
2011-06-10 08:52:00,10.0300,10.0460,10.0110,10.0270,131488
2011-06-10 08:51:00,10.0290,10.0390,10.0090,10.0250,22400
2011-06-10 08:50:00,10.0270,10.0390,10.0050,10.0250,22484
2011-06-10 08:49:00,10.0320,10.0420,10.0100,10.0260,29400
2011-06-10 08:48:00,10.0360,10.0460,10.0130,10.0280,35140
2011-06-10 08:47:00,10.0370,10.0470,10.0130,10.0300,25200
2011-06-10 08:46:00,10.0380,10.0480,10.0180,10.0330,19600
2011-06-10 08:44:00,10.0430,10.0530,10.0220,10.0390,10444
2011-06-10 08:43:00,10.0400,10.0530,10.0190,10.0390,19600
2011-06-10 08:42:00,10.0430,10.0540,10.0220,10.0370,463680
2011-06-10 08:40:00,10.0460,10.0570,10.0270,10.0430,3192
2011-06-10 08:39:00,10.0440,10.0540,10.0250,10.0400,5600
2011-06-10 08:37:00,10.0450,10.0560,10.0250,10.0400,19600
2011-06-10 08:36:00,10.0450,10.0550,10.0260,10.0420,5600
2011-06-10 08:35:00,10.0430,10.0530,10.0230,10.0390,5600
2011-06-10 08:34:00,10.0430,10.0530,10.0240,10.0390,2800
2011-06-10 08:33:00,10.0410,10.0510,10.0220,10.0380,2800
2011-06-10 08:31:00,10.0430,10.0530,10.0230,10.0390,2800
2011-06-10 08:30:00,10.0430,10.0560,10.0240,10.0420,8400
2011-06-10 08:27:00,10.0440,10.0540,10.0230,10.0390,14000
2011-06-10 08:26:00,10.0450,10.0550,10.0250,10.0400,14168
2011-06-10 08:25:00,10.0490,10.0590,10.0280,10.0430,6300
2011-06-10 08:24:00,10.0460,10.0600,10.0260,10.0420,13720
2011-06-10 08:23:00,10.0490,10.0590,10.0290,10.0450,5600
2011-06-10 08:21:00,10.0490,10.0590,10.0290,10.0450,2800
2011-06-10 08:19:00,10.0520,10.0620,10.0320,10.0480,22400
2011-06-10 08:13:00,10.0520,10.0620,10.0310,10.0480,9408
2011-06-10 08:12:00,10.0560,10.0660,10.0350,10.0510,72800
2011-06-10 08:11:00,10.0590,10.0690,10.0400,10.0550,5600
2011-06-10 08:10:00,10.0590,10.0690,10.0400,10.0550,5600
2011-06-10 08:04:00,10.0560,10.0660,10.0360,10.0520,2800
2011-06-10 08:03:00,10.0520,10.0660,10.0310,10.0460,51940
2011-06-10 08:02:00,10.0580,10.0680,10.0380,10.0540,31668
2011-06-10 08:01:00,10.0580,10.0680,10.0380,10.0540,33600
2011-06-10 08:00:00,10.0580,10.0680,10.0380,10.0540,35616
2011-06-10 07:59:00,10.0610,10.0710,10.0410,10.0570,11200
2011-06-10 07:55:00,10.0630,10.0770,10.0440,10.0600,16800
2011-06-10 07:54:00,10.0560,10.0740,10.0370,10.0590,30800
2011-06-10 07:47:00,10.0560,10.0660,10.0370,10.0520,8400
2011-06-10 07:44:00,10.0540,10.0650,10.0350,10.0510,14896
2011-06-10 07:42:00,10.0500,10.0600,10.0300,10.0460,8400
2011-06-10 07:41:00,10.0500,10.0600,10.0300,10.0460,2800
2011-06-10 07:40:00,10.0480,10.0580,10.0290,10.0440,2800
2011-06-10 07:34:00,10.0600,10.0700,10.0400,10.0560,18284
2011-06-10 07:33:00,10.0600,10.0700,10.0400,10.0560,8400
2011-06-10 07:32:00,10.0600,10.0700,10.0400,10.0560,5600
2011-06-10 07:30:00,10.0590,10.0690,10.0400,10.0550,8400
2011-06-10 07:19:00,10.0500,10.0600,10.0310,10.0460,2800
2011-06-10 07:17:00,10.0560,10.0660,10.0370,10.0520,2800
2011-06-10 07:15:00,10.0520,10.0620,10.0320,10.0480,8400
2011-06-10 07:10:00,10.0550,10.0650,10.0350,10.0510,5600
2011-06-10 07:09:00,10.0590,10.0690,10.0400,10.0550,2800
2011-06-10 07:08:00,10.0590,10.0690,10.0400,10.0550,2800
2011-06-10 05:56:00,10.0670,10.0770,10.0470,10.0630,2800
2011-06-10 05:09:00,10.0670,10.0770,10.0470,10.0630,5600
2011-06-10 04:06:00,10.0430,10.0530,10.0220,10.0380,14000
2011-06-10 04:02:00,10.0410,10.0510,10.0220,10.0370,19600
2011-06-10 04:01:00,10.0410,10.0510,10.0220,10.0370,5600
2011-06-10 04:00:00,10.0410,10.0510,10.0220,10.0370,11200
2011-06-09 19:59:00,10.0430,10.0530,10.0220,10.0380,19964
2011-06-09 19:58:00,10.0460,10.0560,10.0230,10.0390,28000
2011-06-09 19:57:00,10.0430,10.0530,10.0240,10.0390,2800
2011-06-09 19:56:00,10.0430,10.0530,10.0240,10.0390,7784
2011-06-09 19:52:00,10.0460,10.0560,10.0260,10.0420,2800
2011-06-09 19:44:00,10.0480,10.0580,10.0280,10.0440,8820
2011-06-09 19:43:00,10.0480,10.0580,10.0280,10.0440,16380
2011-06-09 19:39:00,10.0500,10.0600,10.0300,10.0460,2800
2011-06-09 19:32:00,10.0440,10.0540,10.0240,10.0390,5600
2011-06-09 19:30:00,10.0490,10.0600,10.0300,10.0450,20888
2011-06-09 19:23:00,10.0460,10.0560,10.0260,10.0420,5600
2011-06-09 19:22:00,10.0490,10.0590,10.0290,10.0450,3780
2011-06-09 19:20:00,10.0480,10.0580,10.0290,10.0450,9380
2011-06-09 19:04:00,10.0490,10.0590,10.0290,10.0450,42532
2011-06-09 19:03:00,10.0480,10.0590,10.0290,10.0450,24388
2011-06-09 19:02:00,10.0480,10.0590,10.0280,10.0450,35336
2011-06-09 19:01:00,10.0470,10.0590,10.0280,10.0450,31920
2011-06-09 18:56:00,10.0440,10.0540,10.0250,10.0400,5600
2011-06-09 18:46:00,10.0410,10.0510,10.0220,10.0380,2800
2011-06-09 18:37:00,10.0480,10.0580,10.0280,10.0440,8400
2011-06-09 18:35:00,10.0430,10.0530,10.0220,10.0380,15120
2011-06-09 18:33:00,10.0460,10.0560,10.0250,10.0410,25200
2011-06-09 18:24:00,10.0460,10.0560,10.0260,10.0420,2800
2011-06-09 18:23:00,10.0490,10.0590,10.0290,10.0450,2800
2011-06-09 18:18:00,10.0480,10.0580,10.0290,10.0450,2800
2011-06-09 18:15:00,10.0480,10.0580,10.0290,10.0450,2800
2011-06-09 18:14:00,10.0480,10.0580,10.0290,10.0450,2800
2011-06-09 18:12:00,10.0510,10.0610,10.0320,10.0480,45892
2011-06-09 18:11:00,10.0510,10.0610,10.0320,10.0480,6328
2011-06-09 18:06:00,10.0460,10.0560,10.0260,10.0420,5600
2011-06-09 18:00:00,10.0460,10.0570,10.0270,10.0430,5600
2011-06-09 17:58:00,10.0460,10.0560,10.0270,10.0420,2800
2011-06-09 17:53:00,10.0460,10.0560,10.0270,10.0420,3612
2011-06-09 17:50:00,10.0460,10.0560,10.0260,10.0420,3220
2011-06-09 17:34:00,10.0440,10.0540,10.0250,10.0400,2800
2011-06-09 17:23:00,10.0460,10.0570,10.0270,10.0430,5348
2011-06-09 17:22:00,10.0460,10.0560,10.0260,10.0420,11480
2011-06-09 17:19:00,10.0460,10.0560,10.0270,10.0420,5600
2011-06-09 16:56:00,10.0460,10.0570,10.0270,10.0430,18676
2011-06-09 16:55:00,10.0460,10.0560,10.0260,10.0420,13580
2011-06-09 16:52:00,10.0430,10.0530,10.0230,10.0390,2800
2011-06-09 16:49:00,10.0420,10.0520,10.0220,10.0380,12516
2011-06-09 16:44:00,10.0420,10.0520,10.0220,10.0380,3472
2011-06-09 16:42:00,10.0420,10.1020,10.0220,10.0380,65800
2011-06-09 16:41:00,10.0420,10.0520,10.0220,10.0380,22400
2011-06-09 16:37:00,10.0550,10.0650,10.0350,10.0510,2800
2011-06-09 16:35:00,10.0450,10.0600,10.0230,10.0380,11200
2011-06-09 16:34:00,10.0410,10.0510,10.0220,10.0370,14000
2011-06-09 16:32:00,10.0410,10.0510,10.0220,10.0380,79800
2011-06-09 16:31:00,10.0430,10.0540,10.0230,10.0390,6160
2011-06-09 16:28:00,10.0440,10.0540,10.0240,10.0400,2800
2011-06-09 16:25:00,10.0410,10.0520,10.0220,10.0380,5600
2011-06-09 16:24:00,10.0430,10.0530,10.0230,10.0390,3332
2011-06-09 16:20:00,10.0450,10.0550,10.0260,10.0420,2800
2011-06-09 16:19:00,10.0460,10.0610,10.0270,10.0480,480060
2011-06-09 16:18:00,10.0460,10.0560,10.0260,10.0420,5600
2011-06-09 16:16:00,10.0460,10.0560,10.0260,10.0420,26600
2011-06-09 16:15:00,10.0470,10.0580,10.0260,10.0420,16240
2011-06-09 16:13:00,10.0530,10.0630,10.0340,10.0500,50848
2011-06-09 16:12:00,10.0500,10.0600,10.0310,10.0460,14000
2011-06-09 16:11:00,10.0500,10.0600,10.0310,10.0460,11200
2011-06-09 16:10:00,10.0510,10.0610,10.0320,10.0480,14000
2011-06-09 16:09:00,10.0500,10.0610,10.0290,10.0450,11200
2011-06-09 16:08:00,10.0510,10.0610,10.0310,10.0470,5600
2011-06-09 16:07:00,10.0510,10.0780,10.0290,10.0450,28000
2011-06-09 16:06:00,10.0520,10.0820,10.0320,10.0480,20104
2011-06-09 16:05:00,10.0500,10.0780,10.0300,10.0480,126000
2011-06-09 16:04:00,10.0470,10.0780,10.0280,10.0450,41216
2011-06-09 16:03:00,10.0470,10.0580,10.0260,10.0420,14000
2011-06-09 16:02:00,10.0470,10.0580,10.0260,10.0440,22400
2011-06-09 16:01:00,10.0520,10.0620,10.0280,10.0440,134932
2011-06-09 16:00:00,10.0520,10.0710,10.0290,10.0480,9575888
2011-06-09 15:59:00,10.0630,10.0740,10.0320,10.0480,3629920
2011-06-09 15:58:00,10.0650,10.0780,10.0430,10.0600,1883308
2011-06-09 15:57:00,10.0630,10.0770,10.0410,10.0610,1601684
2011-06-09 15:56:00,10.0690,10.0790,10.0430,10.0590,964404
2011-06-09 15:55:00,10.0680,10.0820,10.0470,10.0650,1100932
2011-06-09 15:54:00,10.0670,10.0800,10.0470,10.0650,755720
2011-06-09 15:53:00,10.0630,10.0800,10.0400,10.0650,1269856
2011-06-09 15:52:00,10.0660,10.0770,10.0410,10.0590,874524
2011-06-09 15:51:00,10.0630,10.0820,10.0440,10.0630,1119832
2011-06-09 15:50:00,10.0730,10.0840,10.0420,10.0590,1403808
2011-06-09 15:49:00,10.0710,10.0850,10.0450,10.0700,1055796
2011-06-09 15:48:00,10.0690,10.0830,10.0460,10.0690,1269800
2011-06-09 15:47:00,10.0710,10.0820,10.0490,10.0650,903728
2011-06-09 15:46:00,10.0710,10.0820,10.0450,10.0680,1773772
2011-06-09 15:45:00,10.0720,10.0840,10.0480,10.0670,1741040
2011-06-09 15:44:00,10.0800,10.0920,10.0510,10.0680,930580
2011-06-09 15:43:00,10.0830,10.0960,10.0600,10.0770,472640
2011-06-09 15:42:00,10.0770,10.0960,10.0570,10.0810,800576
2011-06-09 15:41:00,10.0800,10.0900,10.0530,10.0730,1225560
2011-06-09 15:40:00,10.0830,10.0950,10.0610,10.0770,509628
2011-06-09 15:39:00,10.0880,10.0990,10.0630,10.0800,419664
2011-06-09 15:38:00,10.0830,10.0990,10.0640,10.0850,409024
2011-06-09 15:37:00,10.0890,10.0990,10.0640,10.0800,943488
2011-06-09 15:36:00,10.0910,10.1040,10.0670,10.0850,583548
2011-06-09 15:35:00,10.0870,10.1040,10.0660,10.0860,800576
2011-06-09 15:34:00,10.0890,10.1000,10.0650,10.0830,887432
2011-06-09 15:33:00,10.0910,10.1020,10.0690,10.0860,422828
2011-06-09 15:32:00,10.0890,10.1050,10.0690,10.0870,350280
2011-06-09 15:31:00,10.0950,10.1070,10.0700,10.0850,721140
2011-06-09 15:30:00,10.0900,10.1050,10.0700,10.0920,808920
2011-06-09 15:29:00,10.0880,10.1000,10.0660,10.0860,324912
2011-06-09 15:28:00,10.0860,10.0990,10.0660,10.0840,250208
2011-06-09 15:27:00,10.0880,10.0990,10.0660,10.0820,409360
2011-06-09 15:26:00,10.0910,10.1020,10.0660,10.0840,316176
2011-06-09 15:25:00,10.0900,10.1030,10.0690,10.0880,279804
2011-06-09 15:24:00,10.0900,10.1020,10.0690,10.0850,243908
2011-06-09 15:23:00,10.0910,10.1040,10.0690,10.0870,288960
2011-06-09 15:22:00,10.0960,10.1070,10.0660,10.0860,279104
2011-06-09 15:21:00,10.0840,10.1060,10.0620,10.0920,950152
2011-06-09 15:20:00,10.1010,10.1110,10.0650,10.0800,917840
2011-06-09 15:19:00,10.0970,10.1120,10.0760,10.0970,447076
2011-06-09 15:18:00,10.1010,10.1140,10.0720,10.0930,565824
2011-06-09 15:17:00,10.1010,10.1130,10.0750,10.0960,631568
2011-06-09 15:16:00,10.0910,10.1120,10.0680,10.0970,700504
2011-06-09 15:15:00,10.1090,10.1190,10.0720,10.0880,2084544
2011-06-09 15:14:00,10.1140,10.1280,10.0870,10.1050,1880620
2011-06-09 15:13:00,10.0960,10.1230,10.0760,10.1090,4150412
2011-06-09 15:12:00,10.0930,10.1060,10.0730,10.0910,589736
2011-06-09 15:11:00,10.0940,10.1040,10.0700,10.0880,446656
2011-06-09 15:10:00,10.0900,10.1060,10.0680,10.0900,1921164
2011-06-09 15:09:00,10.0800,10.0990,10.0600,10.0850,1649004
2011-06-09 15:08:00,10.0770,10.0900,10.0580,10.0760,269808
2011-06-09 15:07:00,10.0830,10.0930,10.0560,10.0720,432180
2011-06-09 15:06:00,10.0790,10.0940,10.0590,10.0790,1116920
2011-06-09 15:05:00,10.0820,10.0920,10.0590,10.0760,354872
2011-06-09 15:04:00,10.0790,10.0920,10.0600,10.0770,125720
2011-06-09 15:03:00,10.0800,10.0930,10.0590,10.0770,513772
2011-06-09 15:02:00,10.0820,10.0920,10.0580,10.0760,311724
2011-06-09 15:01:00,10.0810,10.0930,10.0610,10.0780,502208
2011-06-09 15:00:00,10.0820,10.0920,10.0600,10.0770,289940
2011-06-09 14:59:00,10.0790,10.0930,10.0590,10.0780,624148
2011-06-09 14:58:00,10.0750,10.0890,10.0560,10.0750,222600
2011-06-09 14:57:00,10.0750,10.0870,10.0550,10.0710,251076
2011-06-09 14:56:00,10.0790,10.0890,10.0530,10.0720,461524
2011-06-09 14:55:00,10.0800,10.0900,10.0590,10.0760,201600
2011-06-09 14:54:00,10.0830,10.0930,10.0590,10.0760,370944
2011-06-09 14:53:00,10.0800,10.0920,10.0610,10.0780,394072
2011-06-09 14:52:00,10.0820,10.0950,10.0600,10.0770,677208
2011-06-09 14:51:00,10.0780,10.0920,10.0570,10.0780,828464
2011-06-09 14:50:00,10.0760,10.0900,10.0560,10.0750,500920
2011-06-09 14:49:00,10.0750,10.0880,10.0550,10.0720,799120
2011-06-09 14:48:00,10.0740,10.0850,10.0540,10.0710,261240
2011-06-09 14:47:00,10.0720,10.0850,10.0520,10.0700,249984
2011-06-09 14:46:00,10.0720,10.0830,10.0520,10.0680,276080
2011-06-09 14:45:00,10.0700,10.0820,10.0500,10.0680,64400
2011-06-09 14:44:00,10.0710,10.0820,10.0480,10.0680,208684
2011-06-09 14:43:00,10.0710,10.0830,10.0480,10.0630,198800
2011-06-09 14:42:00,10.0690,10.0820,10.0480,10.0670,284452
2011-06-09 14:41:00,10.0690,10.0800,10.0480,10.0640,110908
2011-06-09 14:40:00,10.0670,10.0800,10.0470,10.0640,211764
2011-06-09 14:39:00,10.0670,10.0780,10.0460,10.0630,213668
2011-06-09 14:38:00,10.0660,10.0780,10.0470,10.0630,197400
2011-06-09 14:37:00,10.0660,10.0780,10.0460,10.0620,368592
2011-06-09 14:36:00,10.0640,10.0780,10.0430,10.0640,244020
2011-06-09 14:35:00,10.0630,10.0770,10.0430,10.0600,379064
2011-06-09 14:34:00,10.0670,10.0770,10.0440,10.0590,567812
2011-06-09 14:33:00,10.0690,10.0800,10.0470,10.0630,412580
2011-06-09 14:32:00,10.0730,10.0850,10.0490,10.0650,411936
2011-06-09 14:31:00,10.0730,10.0850,10.0520,10.0690,279300
2011-06-09 14:30:00,10.0700,10.0840,10.0500,10.0690,427840
2011-06-09 14:29:00,10.0700,10.0830,10.0500,10.0690,121800
2011-06-09 14:28:00,10.0740,10.0840,10.0480,10.0660,448476
2011-06-09 14:27:00,10.0740,10.0850,10.0540,10.0700,144004
2011-06-09 14:26:00,10.0740,10.0840,10.0530,10.0700,106400
2011-06-09 14:25:00,10.0730,10.0850,10.0530,10.0700,91000
2011-06-09 14:24:00,10.0730,10.0840,10.0530,10.0680,178668
2011-06-09 14:23:00,10.0710,10.0830,10.0520,10.0690,291200
2011-06-09 14:22:00,10.0750,10.0860,10.0520,10.0680,816872
2011-06-09 14:21:00,10.0770,10.0880,10.0540,10.0720,364728
2011-06-09 14:20:00,10.0800,10.0900,10.0560,10.0730,279636
2011-06-09 14:19:00,10.0790,10.0900,10.0580,10.0750,192360
2011-06-09 14:18:00,10.0760,10.0890,10.0560,10.0750,193872
2011-06-09 14:17:00,10.0790,10.0900,10.0580,10.0740,131684
2011-06-09 14:16:00,10.0750,10.0890,10.0550,10.0740,260148
2011-06-09 14:15:00,10.0730,10.0850,10.0530,10.0720,186200
2011-06-09 14:14:00,10.0750,10.0880,10.0520,10.0670,450548
2011-06-09 14:13:00,10.0700,10.0890,10.0510,10.0730,950068
2011-06-09 14:12:00,10.0680,10.0820,10.0470,10.0680,158340
2011-06-09 14:11:00,10.0670,10.0830,10.0480,10.0650,196308
2011-06-09 14:10:00,10.0660,10.0790,10.0470,10.0650,241444
2011-06-09 14:09:00,10.0670,10.0780,10.0460,10.0620,175112
2011-06-09 14:08:00,10.0650,10.0770,10.0450,10.0630,67200
2011-06-09 14:07:00,10.0650,10.0770,10.0440,10.0620,416696
2011-06-09 14:06:00,10.0650,10.0760,10.0450,10.0620,61628
2011-06-09 14:05:00,10.0680,10.0780,10.0460,10.0620,86436
2011-06-09 14:04:00,10.0690,10.0790,10.0490,10.0650,166600
2011-06-09 14:03:00,10.0720,10.0850,10.0470,10.0650,481964
2011-06-09 14:02:00,10.0690,10.0830,10.0470,10.0690,363160
2011-06-09 14:01:00,10.0640,10.0800,10.0440,10.0650,579600
2011-06-09 14:00:00,10.0590,10.0750,10.0380,10.0590,329980
2011-06-09 13:59:00,10.0680,10.0790,10.0390,10.0550,1086064
2011-06-09 13:58:00,10.0710,10.0850,10.0470,10.0630,266364
2011-06-09 13:57:00,10.0690,10.0850,10.0500,10.0690,648284
2011-06-09 13:56:00,10.0730,10.0840,10.0490,10.0650,361760
2011-06-09 13:55:00,10.0720,10.0840,10.0530,10.0690,65800
2011-06-09 13:54:00,10.0760,10.0890,10.0530,10.0690,238532
2011-06-09 13:53:00,10.0740,10.0890,10.0540,10.0740,513604
2011-06-09 13:52:00,10.0760,10.0870,10.0530,10.0690,375200
2011-06-09 13:51:00,10.0740,10.0870,10.0550,10.0720,276164
2011-06-09 13:50:00,10.0680,10.0870,10.0470,10.0720,797412
2011-06-09 13:49:00,10.0650,10.0780,10.0460,10.0640,299320
2011-06-09 13:48:00,10.0660,10.0760,10.0450,10.0610,120932
2011-06-09 13:47:00,10.0640,10.0740,10.0430,10.0600,227948
2011-06-09 13:46:00,10.0640,10.0770,10.0410,10.0600,342496
2011-06-09 13:45:00,10.0670,10.0770,10.0440,10.0600,179200
2011-06-09 13:44:00,10.0670,10.0780,10.0440,10.0610,251720
2011-06-09 13:43:00,10.0660,10.0800,10.0460,10.0630,268660
2011-06-09 13:42:00,10.0650,10.0770,10.0450,10.0630,170856
2011-06-09 13:41:00,10.0660,10.0790,10.0450,10.0630,198772
2011-06-09 13:40:00,10.0670,10.0790,10.0450,10.0610,98140
2011-06-09 13:39:00,10.0670,10.0800,10.0450,10.0630,465892
2011-06-09 13:38:00,10.0700,10.0810,10.0470,10.0630,770476
2011-06-09 13:37:00,10.0750,10.0850,10.0490,10.0660,301504
2011-06-09 13:36:00,10.0730,10.0850,10.0530,10.0700,242116
2011-06-09 13:35:00,10.0720,10.0870,10.0520,10.0690,429576
2011-06-09 13:34:00,10.0720,10.0820,10.0510,10.0680,47600
2011-06-09 13:33:00,10.0710,10.0810,10.0510,10.0660,5600
2011-06-09 13:32:00,10.0700,10.0810,10.0490,10.0670,253400
2011-06-09 13:31:00,10.0720,10.0840,10.0510,10.0670,68152
2011-06-09 13:30:00,10.0720,10.0840,10.0510,10.0700,121800
2011-06-09 13:29:00,10.0700,10.0850,10.0490,10.0660,508956
2011-06-09 13:28:00,10.0700,10.0820,10.0490,10.0670,282940
2011-06-09 13:27:00,10.0740,10.0840,10.0490,10.0660,364168
2011-06-09 13:26:00,10.0780,10.0880,10.0520,10.0710,337792
2011-06-09 13:25:00,10.0790,10.0890,10.0580,10.0750,51800
2011-06-09 13:24:00,10.0800,10.0910,10.0580,10.0750,103600
2011-06-09 13:23:00,10.0780,10.0920,10.0570,10.0780,315364
2011-06-09 13:22:00,10.0830,10.0940,10.0560,10.0740,784952
2011-06-09 13:21:00,10.0820,10.0950,10.0630,10.0810,269472
2011-06-09 13:20:00,10.0810,10.0940,10.0610,10.0800,205800
2011-06-09 13:19:00,10.0820,10.0920,10.0610,10.0770,136052
2011-06-09 13:18:00,10.0820,10.0920,10.0580,10.0770,147812
2011-06-09 13:17:00,10.0800,10.0920,10.0580,10.0780,195468
2011-06-09 13:16:00,10.0820,10.0930,10.0610,10.0770,129360
2011-06-09 13:15:00,10.0820,10.0940,10.0600,10.0750,172060
2011-06-09 13:14:00,10.0820,10.0930,10.0580,10.0780,282464
2011-06-09 13:13:00,10.0800,10.0940,10.0580,10.0780,426188
2011-06-09 13:12:00,10.0750,10.0900,10.0560,10.0760,179508
2011-06-09 13:11:00,10.0790,10.0900,10.0550,10.0710,219968
2011-06-09 13:10:00,10.0790,10.0900,10.0580,10.0740,189000
2011-06-09 13:09:00,10.0760,10.0880,10.0530,10.0740,288316
2011-06-09 13:08:00,10.0720,10.0880,10.0520,10.0730,212268
2011-06-09 13:07:00,10.0710,10.0820,10.0510,10.0680,60200
2011-06-09 13:06:00,10.0720,10.0850,10.0490,10.0700,170660
2011-06-09 13:05:00,10.0700,10.0840,10.0500,10.0660,145824
2011-06-09 13:04:00,10.0710,10.0820,10.0480,10.0670,234556
2011-06-09 13:03:00,10.0750,10.0860,10.0520,10.0680,150780
2011-06-09 13:02:00,10.0740,10.0860,10.0530,10.0710,109200
2011-06-09 13:01:00,10.0700,10.0890,10.0500,10.0720,252588
2011-06-09 13:00:00,10.0730,10.0850,10.0510,10.0660,92680
2011-06-09 12:59:00,10.0730,10.0880,10.0520,10.0700,187964
2011-06-09 12:58:00,10.0760,10.0860,10.0500,10.0670,958916
2011-06-09 12:57:00,10.0730,10.0870,10.0520,10.0700,895664
2011-06-09 12:56:00,10.0770,10.0900,10.0520,10.0690,710164
2011-06-09 12:55:00,10.0780,10.0920,10.0560,10.0760,523320
2011-06-09 12:54:00,10.0760,10.0890,10.0540,10.0740,174916
2011-06-09 12:53:00,10.0760,10.0950,10.0560,10.0720,365316
2011-06-09 12:52:00,10.0760,10.0870,10.0540,10.0730,132440
2011-06-09 12:51:00,10.0760,10.0860,10.0530,10.0720,248640
2011-06-09 12:50:00,10.0770,10.0880,10.0530,10.0720,441252
2011-06-09 12:49:00,10.0830,10.0940,10.0560,10.0710,629972
2011-06-09 12:48:00,10.0810,10.0930,10.0600,10.0790,287476
2011-06-09 12:47:00,10.0850,10.1000,10.0590,10.0770,896336
2011-06-09 12:46:00,10.0830,10.0950,10.0600,10.0800,963872
2011-06-09 12:45:00,10.0760,10.0950,10.0520,10.0810,1135456
2011-06-09 12:44:00,10.0650,10.0880,10.0450,10.0720,1515192
2011-06-09 12:43:00,10.0660,10.0770,10.0440,10.0610,320460
2011-06-09 12:42:00,10.0630,10.0770,10.0430,10.0620,271404
2011-06-09 12:41:00,10.0610,10.0750,10.0410,10.0590,206892
2011-06-09 12:40:00,10.0590,10.0720,10.0390,10.0560,262080
2011-06-09 12:39:00,10.0540,10.0700,10.0350,10.0550,320572
2011-06-09 12:38:00,10.0560,10.0670,10.0340,10.0500,281484
2011-06-09 12:37:00,10.0570,10.0680,10.0350,10.0520,209496
2011-06-09 12:36:00,10.0580,10.0690,10.0370,10.0520,193760
2011-06-09 12:35:00,10.0590,10.0700,10.0380,10.0540,91700
2011-06-09 12:34:00,10.0620,10.0730,10.0400,10.0570,185976
2011-06-09 12:33:00,10.0590,10.0730,10.0400,10.0590,169204
2011-06-09 12:32:00,10.0590,10.0710,10.0380,10.0550,199024
2011-06-09 12:31:00,10.0620,10.0750,10.0400,10.0550,197092
2011-06-09 12:30:00,10.0600,10.0760,10.0400,10.0600,379400
2011-06-09 12:29:00,10.0610,10.0720,10.0400,10.0570,94136
2011-06-09 12:28:00,10.0610,10.0720,10.0400,10.0570,200424
2011-06-09 12:27:00,10.0530,10.0720,10.0330,10.0560,442680
2011-06-09 12:26:00,10.0600,10.0700,10.0330,10.0490,521948
2011-06-09 12:25:00,10.0600,10.0720,10.0400,10.0570,219828
2011-06-09 12:24:00,10.0610,10.0720,10.0410,10.0570,132692
2011-06-09 12:23:00,10.0610,10.0720,10.0410,10.0580,225232
2011-06-09 12:22:00,10.0620,10.0760,10.0410,10.0570,137200
2011-06-09 12:21:00,10.0640,10.0760,10.0420,10.0580,310772
2011-06-09 12:20:00,10.0650,10.0790,10.0450,10.0630,832636
2011-06-09 12:19:00,10.0610,10.0750,10.0410,10.0610,465192
2011-06-09 12:18:00,10.0590,10.0710,10.0350,10.0570,712012
2011-06-09 12:17:00,10.0620,10.0760,10.0410,10.0570,664552
2011-06-09 12:16:00,10.0590,10.0730,10.0390,10.0580,85960
2011-06-09 12:15:00,10.0580,10.0710,10.0350,10.0550,404908
2011-06-09 12:14:00,10.0600,10.0700,10.0380,10.0540,86912
2011-06-09 12:13:00,10.0570,10.0710,10.0380,10.0550,159012
2011-06-09 12:12:00,10.0590,10.0720,10.0360,10.0530,425740
2011-06-09 12:11:00,10.0570,10.0710,10.0330,10.0540,485492
2011-06-09 12:10:00,10.0570,10.0730,10.0370,10.0540,619584
2011-06-09 12:09:00,10.0530,10.0680,10.0330,10.0540,106652
2011-06-09 12:08:00,10.0570,10.0670,10.0310,10.0490,233744
2011-06-09 12:07:00,10.0560,10.0690,10.0360,10.0530,243600
2011-06-09 12:06:00,10.0560,10.0680,10.0350,10.0530,340452
2011-06-09 12:05:00,10.0580,10.0690,10.0350,10.0520,427056
2011-06-09 12:04:00,10.0520,10.0690,10.0330,10.0550,389256
2011-06-09 12:03:00,10.0530,10.0640,10.0320,10.0490,175000
2011-06-09 12:02:00,10.0540,10.0640,10.0310,10.0500,160608
2011-06-09 12:01:00,10.0490,10.0630,10.0250,10.0490,378140
2011-06-09 12:00:00,10.0470,10.0600,10.0270,10.0450,115080
2011-06-09 11:59:00,10.0530,10.0630,10.0230,10.0440,958132
2011-06-09 11:58:00,10.0470,10.0640,10.0260,10.0500,1153208
2011-06-09 11:57:00,10.0600,10.0700,10.0280,10.0440,1328964
2011-06-09 11:56:00,10.0620,10.0750,10.0390,10.0550,316344
2011-06-09 11:55:00,10.0600,10.0770,10.0390,10.0560,386092
2011-06-09 11:54:00,10.0610,10.0730,10.0390,10.0550,253540
2011-06-09 11:53:00,10.0700,10.0820,10.0400,10.0590,538076
2011-06-09 11:52:00,10.0580,10.0810,10.0380,10.0660,911092
2011-06-09 11:51:00,10.0650,10.0780,10.0390,10.0540,649852
2011-06-09 11:50:00,10.0610,10.0760,10.0400,10.0610,706860
2011-06-09 11:49:00,10.0520,10.0730,10.0310,10.0580,624904
2011-06-09 11:48:00,10.0510,10.0630,10.0280,10.0480,344596
2011-06-09 11:47:00,10.0490,10.0620,10.0270,10.0480,291732
2011-06-09 11:46:00,10.0500,10.0630,10.0290,10.0470,280140
2011-06-09 11:45:00,10.0490,10.0600,10.0260,10.0440,494396
2011-06-09 11:44:00,10.0470,10.0610,10.0260,10.0460,306404
2011-06-09 11:43:00,10.0520,10.0650,10.0270,10.0450,371308
2011-06-09 11:42:00,10.0560,10.0660,10.0330,10.0500,374668
2011-06-09 11:41:00,10.0560,10.0680,10.0370,10.0520,235256
2011-06-09 11:40:00,10.0550,10.0680,10.0350,10.0520,191800
2011-06-09 11:39:00,10.0630,10.0750,10.0350,10.0520,346836
2011-06-09 11:38:00,10.0600,10.0770,10.0410,10.0600,557088
2011-06-09 11:37:00,10.0600,10.0710,10.0400,10.0570,164640
2011-06-09 11:36:00,10.0590,10.0730,10.0380,10.0590,183232
2011-06-09 11:35:00,10.0590,10.0720,10.0360,10.0520,197120
2011-06-09 11:34:00,10.0660,10.0760,10.0400,10.0560,175700
2011-06-09 11:33:00,10.0640,10.0790,10.0430,10.0620,683788
2011-06-09 11:32:00,10.0640,10.0740,10.0420,10.0590,226072
2011-06-09 11:31:00,10.0570,10.0750,10.0380,10.0590,520856
2011-06-09 11:30:00,10.0530,10.0680,10.0320,10.0540,291536
2011-06-09 11:29:00,10.0550,10.0660,10.0340,10.0510,85960
2011-06-09 11:28:00,10.0540,10.0680,10.0330,10.0540,311108
2011-06-09 11:27:00,10.0570,10.0680,10.0340,10.0520,259588
2011-06-09 11:26:00,10.0490,10.0670,10.0280,10.0530,411516
2011-06-09 11:25:00,10.0520,10.0640,10.0250,10.0460,1196272
2011-06-09 11:24:00,10.0590,10.0690,10.0330,10.0500,305732
2011-06-09 11:23:00,10.0580,10.0730,10.0380,10.0540,179060
2011-06-09 11:22:00,10.0700,10.0820,10.0370,10.0540,1074640
2011-06-09 11:21:00,10.0660,10.0810,10.0440,10.0660,278768
2011-06-09 11:20:00,10.0590,10.0780,10.0400,10.0620,292992
2011-06-09 11:19:00,10.0600,10.0740,10.0370,10.0580,370160
2011-06-09 11:18:00,10.0610,10.0760,10.0400,10.0560,254800
2011-06-09 11:17:00,10.0660,10.0770,10.0400,10.0590,544096
2011-06-09 11:16:00,10.0650,10.0780,10.0440,10.0630,324660
2011-06-09 11:15:00,10.0640,10.0750,10.0420,10.0600,294084
2011-06-09 11:14:00,10.0630,10.0760,10.0410,10.0580,597240
2011-06-09 11:13:00,10.0700,10.0830,10.0430,10.0620,450912
2011-06-09 11:12:00,10.0710,10.0820,10.0470,10.0650,319004
2011-06-09 11:11:00,10.0660,10.0830,10.0460,10.0650,455616
2011-06-09 11:10:00,10.0650,10.0800,10.0440,10.0640,517356
2011-06-09 11:09:00,10.0790,10.0890,10.0440,10.0600,1105748
2011-06-09 11:08:00,10.0840,10.0940,10.0560,10.0750,379624
2011-06-09 11:07:00,10.0900,10.1060,10.0610,10.0780,1407868
2011-06-09 11:06:00,10.0860,10.1040,10.0650,10.0860,812336
2011-06-09 11:05:00,10.0800,10.0990,10.0600,10.0830,685076
2011-06-09 11:04:00,10.0900,10.1010,10.0600,10.0760,1090572
2011-06-09 11:03:00,10.0970,10.1090,10.0680,10.0870,1471260
2011-06-09 11:02:00,10.0720,10.1070,10.0480,10.0920,4201484
2011-06-09 11:01:00,10.0640,10.0840,10.0440,10.0680,1304044
2011-06-09 11:00:00,10.0660,10.0780,10.0430,10.0590,538916
2011-06-09 10:59:00,10.0690,10.0830,10.0460,10.0630,853720
2011-06-09 10:58:00,10.0630,10.0830,10.0360,10.0660,1835848
2011-06-09 10:57:00,10.0540,10.0730,10.0330,10.0590,920864
2011-06-09 10:56:00,10.0470,10.0680,10.0250,10.0520,843864
2011-06-09 10:55:00,10.0470,10.0580,10.0240,10.0430,451500
2011-06-09 10:54:00,10.0460,10.0580,10.0240,10.0430,519988
2011-06-09 10:53:00,10.0390,10.0570,10.0200,10.0400,333088
2011-06-09 10:52:00,10.0460,10.0580,10.0170,10.0350,1433740
2011-06-09 10:51:00,10.0550,10.0710,10.0260,10.0420,1078308
2011-06-09 10:50:00,10.0560,10.0710,10.0350,10.0510,425208
2011-06-09 10:49:00,10.0540,10.0670,10.0340,10.0510,315840
2011-06-09 10:48:00,10.0510,10.0650,10.0290,10.0500,456708
2011-06-09 10:47:00,10.0520,10.0620,10.0290,10.0470,661892
2011-06-09 10:46:00,10.0520,10.0620,10.0280,10.0480,438900
2011-06-09 10:45:00,10.0480,10.0620,10.0230,10.0480,714616
2011-06-09 10:44:00,10.0510,10.0620,10.0290,10.0450,687540
2011-06-09 10:43:00,10.0510,10.0640,10.0290,10.0470,638204
2011-06-09 10:42:00,10.0540,10.0680,10.0300,10.0460,398132
2011-06-09 10:41:00,10.0600,10.0710,10.0310,10.0500,910448
2011-06-09 10:40:00,10.0650,10.0750,10.0380,10.0560,911456
2011-06-09 10:39:00,10.0640,10.0800,10.0430,10.0600,571788
2011-06-09 10:38:00,10.0570,10.0740,10.0380,10.0600,647080
2011-06-09 10:37:00,10.0730,10.0830,10.0350,10.0530,883204
2011-06-09 10:36:00,10.0730,10.0850,10.0500,10.0710,395500
2011-06-09 10:35:00,10.0660,10.0870,10.0470,10.0680,643524
2011-06-09 10:34:00,10.0700,10.0830,10.0450,10.0620,483532
2011-06-09 10:33:00,10.0700,10.0880,10.0480,10.0660,1560020
2011-06-09 10:32:00,10.0760,10.0860,10.0490,10.0660,1055488
2011-06-09 10:31:00,10.0700,10.0900,10.0500,10.0720,1287188
2011-06-09 10:30:00,10.0510,10.0800,10.0300,10.0660,2517620
2011-06-09 10:29:00,10.0500,10.0610,10.0260,10.0470,861028
2011-06-09 10:28:00,10.0500,10.0610,10.0230,10.0440,399336
2011-06-09 10:27:00,10.0470,10.0610,10.0250,10.0460,441448
2011-06-09 10:26:00,10.0400,10.0640,10.0190,10.0420,870296
2011-06-09 10:25:00,10.0350,10.0580,10.0110,10.0340,1812104
2011-06-09 10:24:00,10.0390,10.0510,10.0140,10.0300,1643376
2011-06-09 10:23:00,10.0440,10.0550,10.0170,10.0350,1104320
2011-06-09 10:22:00,10.0470,10.0570,10.0180,10.0380,1410276
2011-06-09 10:21:00,10.0450,10.0610,10.0250,10.0420,706188
2011-06-09 10:20:00,10.0570,10.0670,10.0250,10.0420,1334704
2011-06-09 10:19:00,10.0650,10.0780,10.0360,10.0520,912044
2011-06-09 10:18:00,10.0680,10.0830,10.0410,10.0620,569324
2011-06-09 10:17:00,10.0660,10.0780,10.0370,10.0620,978152
2011-06-09 10:16:00,10.0580,10.0790,10.0380,10.0630,586740
2011-06-09 10:15:00,10.0630,10.0740,10.0360,10.0540,742028
2011-06-09 10:14:00,10.0750,10.0880,10.0430,10.0590,978124
2011-06-09 10:13:00,10.0750,10.0910,10.0480,10.0720,1818348
2011-06-09 10:12:00,10.0600,10.0850,10.0380,10.0710,1954316
2011-06-09 10:11:00,10.0520,10.0710,10.0330,10.0540,715092
2011-06-09 10:10:00,10.0500,10.0620,10.0250,10.0480,603148
2011-06-09 10:09:00,10.0400,10.0620,10.0160,10.0470,1907416
2011-06-09 10:08:00,10.0520,10.0620,10.0200,10.0360,1176448
2011-06-09 10:07:00,10.0490,10.0680,10.0280,10.0480,1062292
2011-06-09 10:06:00,10.0450,10.0630,10.0230,10.0460,1183224
2011-06-09 10:05:00,10.0620,10.0750,10.0200,10.0390,2223256
2011-06-09 10:04:00,10.0580,10.0800,10.0390,10.0590,1031968
2011-06-09 10:03:00,10.0630,10.0760,10.0390,10.0560,1049692
2011-06-09 10:02:00,10.0650,10.0780,10.0390,10.0610,1006460
2011-06-09 10:01:00,10.0740,10.0860,10.0450,10.0660,1301160
2011-06-09 10:00:00,10.0840,10.0950,10.0550,10.0710,1192352
2011-06-09 09:59:00,10.0860,10.0980,10.0600,10.0800,1006964
2011-06-09 09:58:00,10.0780,10.0980,10.0580,10.0810,1967924
2011-06-09 09:57:00,10.0660,10.0890,10.0430,10.0750,1371384
2011-06-09 09:56:00,10.0760,10.0900,10.0470,10.0650,1751260
2011-06-09 09:55:00,10.0630,10.0880,10.0440,10.0720,2294432
2011-06-09 09:54:00,10.0540,10.0770,10.0290,10.0620,2620324
2011-06-09 09:53:00,10.0420,10.0640,10.0220,10.0500,1745324
2011-06-09 09:52:00,10.0350,10.0530,10.0100,10.0380,2062648
2011-06-09 09:51:00,10.0410,10.0550,10.0130,10.0280,2822344
2011-06-09 09:50:00,10.0550,10.0650,10.0210,10.0360,1287468
2011-06-09 09:49:00,10.0550,10.0740,10.0300,10.0560,953400
2011-06-09 09:48:00,10.0590,10.0740,10.0300,10.0490,694092
2011-06-09 09:47:00,10.0500,10.0710,10.0300,10.0560,1302756
2011-06-09 09:46:00,10.0630,10.0780,10.0260,10.0460,1777468
2011-06-09 09:45:00,10.0430,10.0810,10.0200,10.0580,1674092
2011-06-09 09:44:00,10.0760,10.0870,10.0230,10.0390,2439080
2011-06-09 09:43:00,10.0870,10.1010,10.0570,10.0730,1011836
2011-06-09 09:42:00,10.0850,10.1020,10.0620,10.0820,1279376
2011-06-09 09:41:00,10.0740,10.0950,10.0540,10.0810,1129464
2011-06-09 09:40:00,10.0700,10.0940,10.0470,10.0700,1583148
2011-06-09 09:39:00,10.0780,10.0890,10.0490,10.0670,1249724
2011-06-09 09:38:00,10.0550,10.0890,10.0340,10.0730,4071452
2011-06-09 09:37:00,10.0580,10.0710,10.0330,10.0520,963676
2011-06-09 09:36:00,10.0560,10.0760,10.0350,10.0550,1162728
2011-06-09 09:35:00,10.0580,10.0730,10.0350,10.0520,1407056
2011-06-09 09:34:00,10.0600,10.0740,10.0320,10.0560,917252
2011-06-09 09:33:00,10.0530,10.0780,10.0300,10.0550,1946084
2011-06-09 09:32:00,10.0670,10.0790,10.0340,10.0500,2188732
2011-06-09 09:31:00,10.0880,10.0990,10.0380,10.0570,2551052
2011-06-09 09:30:00,10.1040,10.1160,10.0700,10.0870,3377528
2011-06-09 09:29:00,10.0980,10.1120,10.0780,10.0990,195608
2011-06-09 09:28:00,10.0960,10.1140,10.0770,10.0980,135380
2011-06-09 09:26:00,10.0880,10.0980,10.0690,10.0840,2800
2011-06-09 09:24:00,10.0910,10.1010,10.0720,10.0870,2800
2011-06-09 09:23:00,10.0910,10.1040,10.0720,10.0900,8400
2011-06-09 09:22:00,10.0900,10.1010,10.0710,10.0870,2800
2011-06-09 09:20:00,10.0900,10.1010,10.0630,10.0850,60536
2011-06-09 09:18:00,10.0960,10.1070,10.0760,10.0920,31248
2011-06-09 09:17:00,10.0960,10.1060,10.0770,10.0920,2800
2011-06-09 09:13:00,10.0970,10.1070,10.0770,10.0930,5600
2011-06-09 09:12:00,10.0970,10.1070,10.0760,10.0920,25200
2011-06-09 09:10:00,10.0910,10.1010,10.0710,10.0870,5600
2011-06-09 09:07:00,10.0940,10.1040,10.0680,10.0840,50400
2011-06-09 09:06:00,10.1000,10.1100,10.0790,10.0960,58912
2011-06-09 09:05:00,10.0970,10.1130,10.0780,10.0960,39144
2011-06-09 09:04:00,10.0940,10.1070,10.0740,10.0930,32760
2011-06-09 09:03:00,10.0890,10.0990,10.0690,10.0850,11200
2011-06-09 09:00:00,10.0940,10.1040,10.0750,10.0900,2800
2011-06-09 08:58:00,10.0880,10.1010,10.0690,10.0850,18200
2011-06-09 08:57:00,10.0880,10.0990,10.0690,10.0850,2800
2011-06-09 08:56:00,10.0880,10.0990,10.0690,10.0850,2800
2011-06-09 08:55:00,10.0870,10.0980,10.0680,10.0840,2800
2011-06-09 08:54:00,10.0830,10.0930,10.0630,10.0790,3248
2011-06-09 08:53:00,10.0800,10.0990,10.0610,10.0840,30800
2011-06-09 08:52:00,10.0830,10.0980,10.0600,10.0840,127540
2011-06-09 08:51:00,10.0800,10.0960,10.0600,10.0820,12600
2011-06-09 08:49:00,10.0820,10.0920,10.0630,10.0780,5600
2011-06-09 08:47:00,10.0830,10.0940,10.0640,10.0800,14000
2011-06-09 08:46:00,10.0730,10.0920,10.0500,10.0780,86268
2011-06-09 08:45:00,10.0910,10.1040,10.0580,10.0730,79184
2011-06-09 08:44:00,10.0920,10.1020,10.0700,10.0860,8400
2011-06-09 08:43:00,10.0900,10.1060,10.0630,10.0830,82936
2011-06-09 08:42:00,10.0970,10.1070,10.0770,10.0930,9380
2011-06-09 08:41:00,10.0920,10.1030,10.0730,10.0890,11200
2011-06-09 08:38:00,10.0970,10.1070,10.0720,10.0900,68880
2011-06-09 08:37:00,10.0920,10.1070,10.0700,10.0920,63000
2011-06-09 08:36:00,10.1000,10.1120,10.0690,10.0850,66444
2011-06-09 08:35:00,10.1040,10.1160,10.0790,10.0960,103600
2011-06-09 08:34:00,10.1010,10.1180,10.0800,10.1000,127428
2011-06-09 08:33:00,10.0930,10.1100,10.0740,10.0940,52920
2011-06-09 08:32:00,10.0820,10.1030,10.0630,10.0890,18760
2011-06-09 08:31:00,10.0760,10.0860,10.0560,10.0720,2800
2011-06-09 08:30:00,10.0860,10.0970,10.0470,10.0630,73780
2011-06-09 08:29:00,10.0870,10.0970,10.0670,10.0820,28000
2011-06-09 08:28:00,10.0860,10.0960,10.0660,10.0810,16800
2011-06-09 08:24:00,10.0940,10.1060,10.0640,10.0920,38360
2011-06-09 08:23:00,10.0940,10.1040,10.0740,10.0900,19600
2011-06-09 08:21:00,10.0830,10.0930,10.0630,10.0790,8400
2011-06-09 08:20:00,10.0830,10.0930,10.0630,10.0790,5600
2011-06-09 08:17:00,10.0920,10.1020,10.0630,10.0780,49084
2011-06-09 08:16:00,10.0920,10.1020,10.0730,10.0890,7924
2011-06-09 08:11:00,10.0940,10.1040,10.0750,10.0900,4200
2011-06-09 08:09:00,10.0940,10.1040,10.0750,10.0900,2800
2011-06-09 08:08:00,10.0970,10.1070,10.0780,10.0930,16800
2011-06-09 08:07:00,10.0970,10.1070,10.0780,10.0930,12376
2011-06-09 08:06:00,10.1030,10.1130,10.0830,10.0990,2800
2011-06-09 08:05:00,10.1020,10.1120,10.0830,10.0990,2800
2011-06-09 08:03:00,10.1020,10.1120,10.0810,10.0960,28000
2011-06-09 08:02:00,10.1000,10.1130,10.0810,10.0990,31920
2011-06-09 08:01:00,10.1000,10.1100,10.0810,10.0960,2800
2011-06-09 08:00:00,10.0960,10.1060,10.0760,10.0920,10780
2011-06-09 07:58:00,10.0970,10.1070,10.0780,10.0930,19600
2011-06-09 07:43:00,10.0940,10.1070,10.0750,10.0930,8400
2011-06-09 07:03:00,10.0970,10.1070,10.0780,10.0930,2800
2011-06-09 06:43:00,10.1080,10.1180,10.0880,10.1040,5600
2011-06-09 04:58:00,10.1120,10.1220,10.0920,10.1080,2800
2011-06-09 04:06:00,10.1140,10.1240,10.0940,10.1100,8400
2011-06-09 04:05:00,10.1080,10.1180,10.0880,10.1040,2800
2011-06-08 19:59:00,10.0730,10.0840,10.0540,10.0700,13916
2011-06-08 19:58:00,10.0720,10.0830,10.0530,10.0690,17304
2011-06-08 19:57:00,10.0720,10.0820,10.0530,10.0680,7980
2011-06-08 19:56:00,10.0710,10.0820,10.0520,10.0680,2800
2011-06-08 19:55:00,10.0720,10.0820,10.0520,10.0680,2800
2011-06-08 19:53:00,10.0660,10.0760,10.0460,10.0620,4200
2011-06-08 19:46:00,10.0680,10.0780,10.0480,10.0640,5600
2011-06-08 19:44:00,10.0670,10.0770,10.0470,10.0630,11900
2011-06-08 19:42:00,10.0680,10.0780,10.0480,10.0640,8400
2011-06-08 19:38:00,10.0680,10.0780,10.0490,10.0650,24780
2011-06-08 19:36:00,10.0680,10.0780,10.0480,10.0640,2800
2011-06-08 19:32:00,10.0700,10.0800,10.0500,10.0660,8400
2011-06-08 19:22:00,10.0680,10.0820,10.0490,10.0690,24920
2011-06-08 19:20:00,10.0670,10.0770,10.0470,10.0630,17360
2011-06-08 19:19:00,10.0670,10.0770,10.0470,10.0630,8820
2011-06-08 19:16:00,10.0690,10.0790,10.0490,10.0650,2800
2011-06-08 19:05:00,10.0670,10.0770,10.0470,10.0630,2800
2011-06-08 19:04:00,10.0670,10.0780,10.0480,10.0640,2800
2011-06-08 18:58:00,10.0660,10.0760,10.0470,10.0620,2800
2011-06-08 18:57:00,10.0660,10.0770,10.0470,10.0630,5600
2011-06-08 18:56:00,10.0640,10.0740,10.0440,10.0600,2800
2011-06-08 18:51:00,10.0660,10.0770,10.0440,10.0600,5600
2011-06-08 18:39:00,10.0630,10.0740,10.0440,10.0600,2800
2011-06-08 18:38:00,10.0650,10.0750,10.0440,10.0600,5600
2011-06-08 18:27:00,10.0650,10.0750,10.0460,10.0620,2800
2011-06-08 18:20:00,10.0650,10.0750,10.0460,10.0620,2800
2011-06-08 18:17:00,10.0650,10.0750,10.0460,10.0620,2800
2011-06-08 18:14:00,10.0650,10.0750,10.0460,10.0620,5600
2011-06-08 18:13:00,10.0650,10.0750,10.0460,10.0620,2800
2011-06-08 18:11:00,10.0740,10.0840,10.0550,10.0700,193536
2011-06-08 18:09:00,10.0710,10.0810,10.0500,10.0660,25340
2011-06-08 18:05:00,10.0710,10.0820,10.0510,10.0680,11200
2011-06-08 17:58:00,10.0720,10.0820,10.0530,10.0690,2800
2011-06-08 17:48:00,10.0700,10.0800,10.0500,10.0660,19600
2011-06-08 17:38:00,10.0700,10.0800,10.0500,10.0660,4116
2011-06-08 17:37:00,10.0710,10.0810,10.0500,10.0660,35000
2011-06-08 17:36:00,10.0710,10.0820,10.0510,10.0670,32844
2011-06-08 17:32:00,10.0730,10.0830,10.0540,10.0690,13216
2011-06-08 17:31:00,10.0720,10.0820,10.0520,10.0690,8400
2011-06-08 17:27:00,10.0710,10.0820,10.0520,10.0680,84000
2011-06-08 17:18:00,10.0680,10.0780,10.0480,10.0640,5040
2011-06-08 17:17:00,10.0700,10.0800,10.0500,10.0660,2800
2011-06-08 17:16:00,10.0710,10.0810,10.0520,10.0670,11760
2011-06-08 17:10:00,10.0700,10.0800,10.0500,10.0660,14280
2011-06-08 16:49:00,10.0670,10.0770,10.0470,10.0630,4172
2011-06-08 16:44:00,10.0640,10.0770,10.0380,10.0630,16380
2011-06-08 16:43:00,10.0650,10.0780,10.0450,10.0650,16100
2011-06-08 16:42:00,10.0540,10.0640,10.0250,10.0400,70000
2011-06-08 16:40:00,10.0620,10.0740,10.0430,10.0600,25900
2011-06-08 16:38:00,10.0560,10.0700,10.0350,10.0510,36400
2011-06-08 16:37:00,10.0560,10.0670,10.0370,10.0530,2800
2011-06-08 16:36:00,10.0570,10.0670,10.0380,10.0530,5600
2011-06-08 16:34:00,10.0550,10.0650,10.0350,10.0510,2800
2011-06-08 16:33:00,10.0680,10.0780,10.0400,10.0550,54264
2011-06-08 16:31:00,10.0720,10.0820,10.0520,10.0680,3864
2011-06-08 16:29:00,10.0700,10.0810,10.0510,10.0670,5600
2011-06-08 16:28:00,10.0740,10.0840,10.0520,10.0670,7000
2011-06-08 16:27:00,10.0710,10.0810,10.0520,10.0670,20608
2011-06-08 16:23:00,10.0710,10.0820,10.0520,10.0680,5600
2011-06-08 16:22:00,10.0740,10.0840,10.0550,10.0700,276640
2011-06-08 16:21:00,10.0720,10.0820,10.0520,10.0680,2800
2011-06-08 16:20:00,10.0730,10.0830,10.0540,10.0690,2800
2011-06-08 16:19:00,10.0720,10.0830,10.0530,10.0690,35812
2011-06-08 16:18:00,10.0720,10.0820,10.0530,10.0690,2800
2011-06-08 16:17:00,10.0710,10.0820,10.0520,10.0690,5600
2011-06-08 16:15:00,10.0700,10.0800,10.0500,10.0660,2800
2011-06-08 16:11:00,10.0730,10.0950,10.0540,10.0810,112000
2011-06-08 16:10:00,10.0840,10.0950,10.0530,10.0700,69524
2011-06-08 16:09:00,10.0700,10.0800,10.0500,10.0660,5600
2011-06-08 16:08:00,10.0740,10.0840,10.0550,10.0700,10920
2011-06-08 16:06:00,10.0700,10.1080,10.0490,10.0940,574000
2011-06-08 16:05:00,10.0710,10.0830,10.0490,10.0650,17080
2011-06-08 16:04:00,10.0850,10.0950,10.0520,10.0680,12320
2011-06-08 16:02:00,10.0710,10.0950,10.0300,10.0700,158144
2011-06-08 16:01:00,10.0740,10.0840,10.0520,10.0680,10724
2011-06-08 16:00:00,10.0710,10.0860,10.0520,10.0690,10334632
2011-06-08 15:59:00,10.0810,10.0930,10.0520,10.0720,3255308
2011-06-08 15:58:00,10.0820,10.0930,10.0590,10.0780,1902264
2011-06-08 15:57:00,10.0800,10.0930,10.0600,10.0780,1046836
2011-06-08 15:56:00,10.0750,10.0910,10.0550,10.0760,826252
2011-06-08 15:55:00,10.0750,10.0900,10.0530,10.0700,1317820
2011-06-08 15:54:00,10.0790,10.0910,10.0530,10.0720,606704
2011-06-08 15:53:00,10.0830,10.0970,10.0590,10.0750,829864
2011-06-08 15:52:00,10.0810,10.0950,10.0550,10.0790,1071000
2011-06-08 15:51:00,10.0740,10.0970,10.0530,10.0780,1263220
2011-06-08 15:50:00,10.0800,10.0920,10.0490,10.0680,1097544
2011-06-08 15:49:00,10.0900,10.1060,10.0610,10.0780,1633716
2011-06-08 15:48:00,10.0750,10.1010,10.0560,10.0830,1451128
2011-06-08 15:47:00,10.0710,10.0870,10.0500,10.0730,899332
2011-06-08 15:46:00,10.0700,10.0850,10.0490,10.0670,1473108
2011-06-08 15:45:00,10.0540,10.0850,10.0340,10.0660,2416288
2011-06-08 15:44:00,10.0520,10.0660,10.0300,10.0520,601412
2011-06-08 15:43:00,10.0480,10.0630,10.0280,10.0480,963816
2011-06-08 15:42:00,10.0450,10.0590,10.0240,10.0440,394660
2011-06-08 15:41:00,10.0490,10.0630,10.0230,10.0420,671020
2011-06-08 15:40:00,10.0480,10.0610,10.0220,10.0470,569940
2011-06-08 15:39:00,10.0540,10.0650,10.0280,10.0440,377076
2011-06-08 15:38:00,10.0520,10.0650,10.0290,10.0510,700224
2011-06-08 15:37:00,10.0480,10.0650,10.0270,10.0490,1073604
2011-06-08 15:36:00,10.0450,10.0580,10.0200,10.0420,733572
2011-06-08 15:35:00,10.0460,10.0580,10.0190,10.0400,1363208
2011-06-08 15:34:00,10.0520,10.0640,10.0250,10.0410,581448
2011-06-08 15:33:00,10.0570,10.0680,10.0310,10.0490,510636
2011-06-08 15:32:00,10.0570,10.0720,10.0330,10.0520,569184
2011-06-08 15:31:00,10.0500,10.0710,10.0280,10.0540,1473136
2011-06-08 15:30:00,10.0430,10.0680,10.0230,10.0460,1143520
2011-06-08 15:29:00,10.0460,10.0570,10.0230,10.0390,747152
2011-06-08 15:28:00,10.0400,10.0560,10.0200,10.0420,864948
2011-06-08 15:27:00,10.0580,10.0680,10.0200,10.0360,1039808
2011-06-08 15:26:00,10.0540,10.0690,10.0330,10.0520,588896
2011-06-08 15:25:00,10.0460,10.0640,10.0260,10.0480,299124
2011-06-08 15:24:00,10.0490,10.0620,10.0260,10.0420,472248
2011-06-08 15:23:00,10.0530,10.0650,10.0260,10.0470,299432
2011-06-08 15:22:00,10.0480,10.0660,10.0290,10.0510,459396
2011-06-08 15:21:00,10.0560,10.0660,10.0260,10.0440,714756
2011-06-08 15:20:00,10.0550,10.0660,10.0270,10.0520,481712
2011-06-08 15:19:00,10.0520,10.0670,10.0270,10.0520,428848
2011-06-08 15:18:00,10.0450,10.0620,10.0250,10.0480,456820
2011-06-08 15:17:00,10.0470,10.0620,10.0250,10.0420,751296
2011-06-08 15:16:00,10.0480,10.0610,10.0240,10.0440,853692
2011-06-08 15:15:00,10.0510,10.0630,10.0280,10.0450,495824
2011-06-08 15:14:00,10.0540,10.0680,10.0300,10.0460,563864
2011-06-08 15:13:00,10.0490,10.0640,10.0280,10.0500,713552
2011-06-08 15:12:00,10.0610,10.0710,10.0270,10.0450,1609524
2011-06-08 15:11:00,10.0640,10.0750,10.0390,10.0550,470624
2011-06-08 15:10:00,10.0650,10.0780,10.0450,10.0610,865900
2011-06-08 15:09:00,10.0680,10.0790,10.0460,10.0620,412272
2011-06-08 15:08:00,10.0660,10.0780,10.0450,10.0650,167944
2011-06-08 15:07:00,10.0670,10.0790,10.0460,10.0630,324520
2011-06-08 15:06:00,10.0670,10.0800,10.0420,10.0630,965748
2011-06-08 15:05:00,10.0670,10.0780,10.0460,10.0620,142464
2011-06-08 15:04:00,10.0630,10.0820,10.0420,10.0650,302932
2011-06-08 15:03:00,10.0710,10.0820,10.0420,10.0580,424144
2011-06-08 15:02:00,10.0670,10.0830,10.0450,10.0640,519848
2011-06-08 15:01:00,10.0770,10.0870,10.0420,10.0650,1395744
2011-06-08 15:00:00,10.0710,10.0870,10.0500,10.0720,312620
2011-06-08 14:59:00,10.0790,10.0940,10.0490,10.0640,765800
2011-06-08 14:58:00,10.0760,10.0890,10.0540,10.0750,207200
2011-06-08 14:57:00,10.0760,10.0890,10.0530,10.0710,242760
2011-06-08 14:56:00,10.0740,10.0880,10.0510,10.0720,453124
2011-06-08 14:55:00,10.0880,10.0980,10.0570,10.0730,511812
2011-06-08 14:54:00,10.0840,10.0980,10.0630,10.0840,96712
2011-06-08 14:53:00,10.0780,10.0980,10.0560,10.0840,376488
2011-06-08 14:52:00,10.0770,10.0890,10.0550,10.0720,252504
2011-06-08 14:51:00,10.0850,10.0980,10.0550,10.0720,757456
2011-06-08 14:50:00,10.0850,10.0960,10.0620,10.0820,454048
2011-06-08 14:49:00,10.0870,10.1000,10.0620,10.0800,269584
2011-06-08 14:48:00,10.0780,10.0980,10.0540,10.0820,662284
2011-06-08 14:47:00,10.0780,10.0890,10.0570,10.0740,190400
2011-06-08 14:46:00,10.0780,10.0880,10.0560,10.0740,266168
2011-06-08 14:45:00,10.0810,10.0940,10.0580,10.0760,259392
2011-06-08 14:44:00,10.0830,10.0940,10.0600,10.0770,290024
2011-06-08 14:43:00,10.0830,10.0980,10.0640,10.0800,214760
2011-06-08 14:42:00,10.0850,10.0990,10.0630,10.0820,475804
2011-06-08 14:41:00,10.0950,10.1060,10.0630,10.0840,866768
2011-06-08 14:40:00,10.0890,10.1070,10.0690,10.0910,542892
2011-06-08 14:39:00,10.0850,10.1010,10.0640,10.0840,377552
2011-06-08 14:38:00,10.0870,10.1010,10.0640,10.0820,293356
2011-06-08 14:37:00,10.0860,10.1010,10.0670,10.0830,413504
2011-06-08 14:36:00,10.0900,10.1070,10.0690,10.0850,1667372
2011-06-08 14:35:00,10.0680,10.1020,10.0490,10.0870,925708
2011-06-08 14:34:00,10.0780,10.0880,10.0470,10.0650,1025136
2011-06-08 14:33:00,10.0770,10.0920,10.0560,10.0740,636776
2011-06-08 14:32:00,10.0770,10.0880,10.0500,10.0730,734496
2011-06-08 14:31:00,10.0740,10.0890,10.0540,10.0730,521640
2011-06-08 14:30:00,10.0650,10.0840,10.0440,10.0700,797496
2011-06-08 14:29:00,10.0710,10.0820,10.0400,10.0590,470736
2011-06-08 14:28:00,10.0750,10.0860,10.0470,10.0680,543144
2011-06-08 14:27:00,10.0800,10.0920,10.0560,10.0720,790636
2011-06-08 14:26:00,10.0800,10.0930,10.0580,10.0760,475440
2011-06-08 14:25:00,10.0800,10.0930,10.0570,10.0780,504196
2011-06-08 14:24:00,10.0800,10.0990,10.0530,10.0720,1063160
2011-06-08 14:23:00,10.0800,10.0920,10.0560,10.0770,751212
2011-06-08 14:22:00,10.0710,10.0940,10.0470,10.0790,1259104
2011-06-08 14:21:00,10.0620,10.0860,10.0410,10.0680,873208
2011-06-08 14:20:00,10.0670,10.0830,10.0410,10.0570,428064
2011-06-08 14:19:00,10.0650,10.0810,10.0440,10.0650,143948
2011-06-08 14:18:00,10.0720,10.0820,10.0410,10.0620,714112
2011-06-08 14:17:00,10.0730,10.0860,10.0480,10.0670,297640
2011-06-08 14:16:00,10.0680,10.0840,10.0450,10.0690,457296
2011-06-08 14:15:00,10.0700,10.0800,10.0410,10.0650,392308
2011-06-08 14:14:00,10.0590,10.0840,10.0370,10.0630,926044
2011-06-08 14:13:00,10.0620,10.0740,10.0380,10.0550,272860
2011-06-08 14:12:00,10.0510,10.0740,10.0300,10.0590,424648
2011-06-08 14:11:00,10.0600,10.0710,10.0320,10.0480,560980
2011-06-08 14:10:00,10.0630,10.0760,10.0410,10.0560,199920
2011-06-08 14:09:00,10.0640,10.0750,10.0370,10.0580,580328
2011-06-08 14:08:00,10.0690,10.0840,10.0440,10.0620,352604
2011-06-08 14:07:00,10.0730,10.0840,10.0460,10.0660,404432
2011-06-08 14:06:00,10.0690,10.0870,10.0490,10.0690,730044
2011-06-08 14:05:00,10.0610,10.0810,10.0400,10.0640,487816
2011-06-08 14:04:00,10.0710,10.0810,10.0380,10.0590,727496
2011-06-08 14:03:00,10.0640,10.0840,10.0440,10.0670,875056
2011-06-08 14:02:00,10.0640,10.0790,10.0410,10.0610,810992
2011-06-08 14:01:00,10.0580,10.0770,10.0350,10.0630,1050420
2011-06-08 14:00:00,10.0460,10.0690,10.0230,10.0520,555268
2011-06-08 13:59:00,10.0610,10.0720,10.0250,10.0430,871976
2011-06-08 13:58:00,10.0490,10.0750,10.0260,10.0570,1201116
2011-06-08 13:57:00,10.0450,10.0590,10.0200,10.0450,1305500
2011-06-08 13:56:00,10.0540,10.0640,10.0250,10.0410,893060
2011-06-08 13:55:00,10.0620,10.0720,10.0320,10.0510,716576
2011-06-08 13:54:00,10.0560,10.0740,10.0350,10.0580,353892
2011-06-08 13:53:00,10.0600,10.0700,10.0350,10.0540,357476
2011-06-08 13:52:00,10.0660,10.0780,10.0400,10.0560,489720
2011-06-08 13:51:00,10.0640,10.0760,10.0400,10.0590,416248
2011-06-08 13:50:00,10.0690,10.0790,10.0400,10.0610,989100
2011-06-08 13:49:00,10.0680,10.0800,10.0440,10.0660,350112
2011-06-08 13:48:00,10.0680,10.0800,10.0460,10.0640,361928
2011-06-08 13:47:00,10.0600,10.0810,10.0400,10.0640,599060
2011-06-08 13:46:00,10.0630,10.0740,10.0380,10.0560,313068
2011-06-08 13:45:00,10.0530,10.0750,10.0320,10.0560,1241912
2011-06-08 13:44:00,10.0580,10.0680,10.0330,10.0510,407288
2011-06-08 13:43:00,10.0550,10.0680,10.0330,10.0550,919576
2011-06-08 13:42:00,10.0650,10.0790,10.0360,10.0530,627088
2011-06-08 13:41:00,10.0660,10.0780,10.0440,10.0590,433496
2011-06-08 13:40:00,10.0610,10.0770,10.0380,10.0610,732508
2011-06-08 13:39:00,10.0720,10.0830,10.0410,10.0570,643216
2011-06-08 13:38:00,10.0660,10.0850,10.0460,10.0690,513492
2011-06-08 13:37:00,10.0650,10.0840,10.0430,10.0620,1224608
2011-06-08 13:36:00,10.0780,10.0880,10.0420,10.0600,1959888
2011-06-08 13:35:00,10.0830,10.0950,10.0550,10.0710,438256
2011-06-08 13:34:00,10.0840,10.0960,10.0570,10.0810,811104
2011-06-08 13:33:00,10.0880,10.1000,10.0650,10.0810,240464
2011-06-08 13:32:00,10.0940,10.1050,10.0690,10.0850,212436
2011-06-08 13:31:00,10.0920,10.1040,10.0700,10.0880,232568
2011-06-08 13:30:00,10.0960,10.1080,10.0750,10.0910,160244
2011-06-08 13:29:00,10.0930,10.1090,10.0730,10.0920,305144
2011-06-08 13:28:00,10.0900,10.1030,10.0690,10.0890,203896
2011-06-08 13:27:00,10.0920,10.1030,10.0670,10.0870,473844
2011-06-08 13:26:00,10.0920,10.1050,10.0720,10.0890,208824
2011-06-08 13:25:00,10.0870,10.1020,10.0670,10.0880,87248
2011-06-08 13:24:00,10.0910,10.1010,10.0640,10.0840,264124
2011-06-08 13:23:00,10.0930,10.1030,10.0690,10.0870,281484
2011-06-08 13:22:00,10.1020,10.1120,10.0730,10.0890,214956
2011-06-08 13:21:00,10.0980,10.1130,10.0780,10.0970,191996
2011-06-08 13:20:00,10.0990,10.1100,10.0770,10.0950,194880
2011-06-08 13:19:00,10.0990,10.1120,10.0770,10.0950,193396
2011-06-08 13:18:00,10.1000,10.1130,10.0770,10.0970,238700
2011-06-08 13:17:00,10.0990,10.1090,10.0760,10.0950,61124
2011-06-08 13:16:00,10.0950,10.1120,10.0750,10.0960,186816
2011-06-08 13:15:00,10.0940,10.1070,10.0720,10.0930,117796
2011-06-08 13:14:00,10.0970,10.1080,10.0730,10.0910,164024
2011-06-08 13:13:00,10.1000,10.1110,10.0730,10.0940,458836
2011-06-08 13:12:00,10.1030,10.1150,10.0800,10.0960,132916
2011-06-08 13:11:00,10.1030,10.1160,10.0800,10.0980,236376
2011-06-08 13:10:00,10.1080,10.1190,10.0810,10.1020,219800
2011-06-08 13:09:00,10.1100,10.1200,10.0840,10.1040,220416
2011-06-08 13:08:00,10.1140,10.1260,10.0910,10.1070,184716
2011-06-08 13:07:00,10.1120,10.1260,10.0900,10.1090,738080
2011-06-08 13:06:00,10.1070,10.1250,10.0870,10.1100,751576
2011-06-08 13:05:00,10.1100,10.1220,10.0880,10.1050,218540
2011-06-08 13:04:00,10.1110,10.1210,10.0880,10.1070,186200
2011-06-08 13:03:00,10.1090,10.1220,10.0890,10.1060,485240
2011-06-08 13:02:00,10.1100,10.1220,10.0880,10.1070,251580
2011-06-08 13:01:00,10.1070,10.1220,10.0840,10.1080,716520
2011-06-08 13:00:00,10.1100,10.1220,10.0860,10.1020,510328
2011-06-08 12:59:00,10.1100,10.1220,10.0900,10.1060,410480
2011-06-08 12:58:00,10.1070,10.1220,10.0860,10.1080,306600
2011-06-08 12:57:00,10.1090,10.1190,10.0870,10.1040,730800
2011-06-08 12:56:00,10.1030,10.1190,10.0810,10.1050,446572
2011-06-08 12:55:00,10.0980,10.1160,10.0760,10.0950,379708
2011-06-08 12:54:00,10.1020,10.1120,10.0760,10.0960,580692
2011-06-08 12:53:00,10.0980,10.1150,10.0770,10.0970,580916
2011-06-08 12:52:00,10.0940,10.1090,10.0750,10.0940,495404
2011-06-08 12:51:00,10.0930,10.1050,10.0710,10.0900,252000
2011-06-08 12:50:00,10.0900,10.1030,10.0690,10.0890,291200
2011-06-08 12:49:00,10.0920,10.1020,10.0670,10.0840,162400
2011-06-08 12:48:00,10.0930,10.1050,10.0690,10.0900,222740
2011-06-08 12:47:00,10.0870,10.1060,10.0680,10.0900,568260
2011-06-08 12:46:00,10.0820,10.0960,10.0620,10.0790,203896
2011-06-08 12:45:00,10.0820,10.0930,10.0600,10.0760,93072
2011-06-08 12:44:00,10.0860,10.0960,10.0600,10.0780,360500
2011-06-08 12:43:00,10.0830,10.0980,10.0630,10.0820,201040
2011-06-08 12:42:00,10.0840,10.0940,10.0630,10.0790,67424
2011-06-08 12:41:00,10.0820,10.0940,10.0620,10.0800,106400
2011-06-08 12:40:00,10.0860,10.0980,10.0620,10.0780,307692
2011-06-08 12:39:00,10.0870,10.0990,10.0660,10.0830,224532
2011-06-08 12:38:00,10.0760,10.1000,10.0530,10.0810,1573936
2011-06-08 12:37:00,10.0840,10.0940,10.0570,10.0720,304024
2011-06-08 12:36:00,10.0830,10.0960,10.0610,10.0800,442036
2011-06-08 12:35:00,10.0890,10.0990,10.0570,10.0800,1064056
2011-06-08 12:34:00,10.0930,10.1030,10.0680,10.0850,171948
2011-06-08 12:33:00,10.0920,10.1030,10.0680,10.0870,243376
2011-06-08 12:32:00,10.0920,10.1040,10.0720,10.0880,125160
2011-06-08 12:31:00,10.0950,10.1050,10.0720,10.0900,45612
2011-06-08 12:30:00,10.0930,10.1050,10.0730,10.0900,328636
2011-06-08 12:29:00,10.0910,10.1050,10.0690,10.0900,310800
2011-06-08 12:28:00,10.0860,10.1020,10.0640,10.0880,591808
2011-06-08 12:27:00,10.0930,10.1040,10.0630,10.0820,586628
2011-06-08 12:26:00,10.0950,10.1050,10.0690,10.0900,289156
2011-06-08 12:25:00,10.0890,10.1050,10.0670,10.0890,480368
2011-06-08 12:24:00,10.0910,10.1020,10.0660,10.0840,652148
2011-06-08 12:23:00,10.1070,10.1180,10.0700,10.0870,1583652
2011-06-08 12:22:00,10.1110,10.1220,10.0880,10.1040,190204
2011-06-08 12:21:00,10.1110,10.1240,10.0910,10.1070,181048
2011-06-08 12:20:00,10.1100,10.1220,10.0890,10.1080,38948
2011-06-08 12:19:00,10.1100,10.1220,10.0880,10.1070,160076
2011-06-08 12:18:00,10.1090,10.1230,10.0870,10.1070,759780
2011-06-08 12:17:00,10.1110,10.1220,10.0840,10.1050,421568
2011-06-08 12:16:00,10.1130,10.1240,10.0910,10.1080,119560
2011-06-08 12:15:00,10.1110,10.1240,10.0900,10.1080,168364
2011-06-08 12:14:00,10.1120,10.1240,10.0890,10.1080,198408
2011-06-08 12:13:00,10.1120,10.1250,10.0900,10.1080,178836
2011-06-08 12:12:00,10.1190,10.1300,10.0900,10.1080,279300
2011-06-08 12:11:00,10.1140,10.1330,10.0950,10.1150,1074024
2011-06-08 12:10:00,10.1080,10.1260,10.0860,10.1120,377972
2011-06-08 12:09:00,10.1050,10.1190,10.0830,10.1030,429436
2011-06-08 12:08:00,10.1060,10.1170,10.0800,10.1020,573804
2011-06-08 12:07:00,10.1060,10.1180,10.0860,10.1020,92400
2011-06-08 12:06:00,10.0970,10.1180,10.0760,10.1030,672700
2011-06-08 12:05:00,10.1060,10.1160,10.0780,10.0950,802368
2011-06-08 12:04:00,10.1080,10.1200,10.0840,10.1000,300832
2011-06-08 12:03:00,10.1150,10.1250,10.0860,10.1020,587664
2011-06-08 12:02:00,10.1130,10.1290,10.0940,10.1110,313796
2011-06-08 12:01:00,10.1130,10.1240,10.0910,10.1090,178556
2011-06-08 12:00:00,10.1130,10.1250,10.0890,10.1070,1145788
2011-06-08 11:59:00,10.1150,10.1270,10.0900,10.1100,1315832
2011-06-08 11:58:00,10.1060,10.1260,10.0860,10.1120,503748
2011-06-08 11:57:00,10.1090,10.1210,10.0860,10.1050,216860
2011-06-08 11:56:00,10.1010,10.1190,10.0790,10.1050,621572
2011-06-08 11:55:00,10.1100,10.1240,10.0800,10.0960,750736
2011-06-08 11:54:00,10.1070,10.1220,10.0830,10.1070,545720
2011-06-08 11:53:00,10.1000,10.1180,10.0780,10.1040,563192
2011-06-08 11:52:00,10.1050,10.1160,10.0810,10.0980,415128
2011-06-08 11:51:00,10.1010,10.1180,10.0820,10.0990,171220
2011-06-08 11:50:00,10.1090,10.1200,10.0820,10.0970,503216
2011-06-08 11:49:00,10.1130,10.1260,10.0830,10.1030,465920
2011-06-08 11:48:00,10.1160,10.1280,10.0930,10.1090,210000
2011-06-08 11:47:00,10.1160,10.1340,10.0960,10.1120,471464
2011-06-08 11:46:00,10.1190,10.1310,10.0950,10.1140,222208
2011-06-08 11:45:00,10.1090,10.1340,10.0880,10.1160,904820
2011-06-08 11:44:00,10.0960,10.1190,10.0770,10.1050,357896
2011-06-08 11:43:00,10.0990,10.1120,10.0750,10.0920,580636
2011-06-08 11:42:00,10.1040,10.1160,10.0790,10.0970,252280
2011-06-08 11:41:00,10.1030,10.1160,10.0790,10.1000,530040
2011-06-08 11:40:00,10.1130,10.1240,10.0850,10.1020,441448
2011-06-08 11:39:00,10.1090,10.1240,10.0860,10.1090,363860
2011-06-08 11:38:00,10.1050,10.1190,10.0840,10.1050,537376
2011-06-08 11:37:00,10.1130,10.1240,10.0850,10.1010,796600
2011-06-08 11:36:00,10.1120,10.1260,10.0880,10.1070,621096
2011-06-08 11:35:00,10.1100,10.1320,10.0910,10.1090,1233176
2011-06-08 11:34:00,10.1050,10.1260,10.0850,10.1060,631372
2011-06-08 11:33:00,10.1080,10.1240,10.0820,10.1010,511756
2011-06-08 11:32:00,10.1000,10.1190,10.0780,10.1050,634760
2011-06-08 11:31:00,10.1030,10.1160,10.0810,10.0980,250936
2011-06-08 11:30:00,10.1060,10.1180,10.0790,10.1010,467404
2011-06-08 11:29:00,10.1090,10.1220,10.0790,10.1030,936656
2011-06-08 11:28:00,10.1100,10.1260,10.0880,10.1050,392000
2011-06-08 11:27:00,10.1250,10.1380,10.0890,10.1110,980728
2011-06-08 11:26:00,10.1260,10.1400,10.1050,10.1220,578620
2011-06-08 11:25:00,10.1210,10.1370,10.1000,10.1230,891408
2011-06-08 11:24:00,10.1220,10.1330,10.0970,10.1160,786688
2011-06-08 11:23:00,10.1190,10.1330,10.0990,10.1180,313236
2011-06-08 11:22:00,10.1140,10.1320,10.0940,10.1160,1236004
2011-06-08 11:21:00,10.1140,10.1270,10.0930,10.1110,280532
2011-06-08 11:20:00,10.1170,10.1290,10.0900,10.1090,489580
2011-06-08 11:19:00,10.1180,10.1320,10.0950,10.1150,265104
2011-06-08 11:18:00,10.1170,10.1310,10.0970,10.1130,446236
2011-06-08 11:17:00,10.1150,10.1320,10.0940,10.1130,479920
2011-06-08 11:16:00,10.1180,10.1280,10.0880,10.1090,1567272
2011-06-08 11:15:00,10.1200,10.1330,10.0920,10.1140,1217860
2011-06-08 11:14:00,10.1270,10.1400,10.0980,10.1160,1305976
2011-06-08 11:13:00,10.1320,10.1450,10.1090,10.1250,865032
2011-06-08 11:12:00,10.1420,10.1560,10.1120,10.1280,1157856
2011-06-08 11:11:00,10.1420,10.1570,10.1200,10.1380,554960
2011-06-08 11:10:00,10.1430,10.1550,10.1200,10.1400,816984
2011-06-08 11:09:00,10.1460,10.1590,10.1230,10.1390,535696
2011-06-08 11:08:00,10.1500,10.1620,10.1240,10.1430,931728
2011-06-08 11:07:00,10.1440,10.1620,10.1220,10.1460,791028
2011-06-08 11:06:00,10.1440,10.1620,10.1220,10.1400,1491588
2011-06-08 11:05:00,10.1420,10.1550,10.1160,10.1400,1210776
2011-06-08 11:04:00,10.1340,10.1560,10.1130,10.1410,1645476
2011-06-08 11:03:00,10.1270,10.1450,10.1070,10.1290,1115772
2011-06-08 11:02:00,10.1280,10.1390,10.1040,10.1240,331548
2011-06-08 11:01:00,10.1260,10.1400,10.1030,10.1260,630168
2011-06-08 11:00:00,10.1210,10.1410,10.1000,10.1220,1075340
2011-06-08 10:59:00,10.1200,10.1310,10.0940,10.1150,431956
2011-06-08 10:58:00,10.1080,10.1300,10.0880,10.1160,669032
2011-06-08 10:57:00,10.1140,10.1270,10.0840,10.1030,888888
2011-06-08 10:56:00,10.1130,10.1340,10.0930,10.1100,796992
2011-06-08 10:55:00,10.1130,10.1290,10.0910,10.1100,845012
2011-06-08 10:54:00,10.1230,10.1340,10.0930,10.1090,564312
2011-06-08 10:53:00,10.1170,10.1360,10.0980,10.1200,765800
2011-06-08 10:52:00,10.1280,10.1390,10.0960,10.1140,1277612
2011-06-08 10:51:00,10.1370,10.1490,10.1090,10.1260,1075536
2011-06-08 10:50:00,10.1270,10.1510,10.1030,10.1310,2144072
2011-06-08 10:49:00,10.1300,10.1420,10.1060,10.1250,1116108
2011-06-08 10:48:00,10.1150,10.1430,10.0950,10.1260,3537408
2011-06-08 10:47:00,10.1130,10.1270,10.0910,10.1120,1084076
2011-06-08 10:46:00,10.1050,10.1260,10.0860,10.1090,1337672
2011-06-08 10:45:00,10.0940,10.1210,10.0740,10.1050,1947260
2011-06-08 10:44:00,10.0810,10.1050,10.0590,10.0900,1238832
2011-06-08 10:43:00,10.0840,10.0960,10.0550,10.0750,814912
2011-06-08 10:42:00,10.0840,10.0980,10.0630,10.0810,381220
2011-06-08 10:41:00,10.0830,10.0990,10.0630,10.0800,973392
2011-06-08 10:40:00,10.0770,10.0930,10.0510,10.0790,571088
2011-06-08 10:39:00,10.0780,10.0890,10.0550,10.0720,301784
2011-06-08 10:38:00,10.0720,10.0890,10.0500,10.0750,303100
2011-06-08 10:37:00,10.0720,10.0920,10.0510,10.0670,989884
2011-06-08 10:36:00,10.0700,10.0870,10.0470,10.0670,864696
2011-06-08 10:35:00,10.0560,10.0820,10.0360,10.0640,1143660
2011-06-08 10:34:00,10.0540,10.0740,10.0350,10.0550,570612
2011-06-08 10:33:00,10.0620,10.0720,10.0320,10.0530,900732
2011-06-08 10:32:00,10.0680,10.0810,10.0320,10.0570,993300
2011-06-08 10:31:00,10.0700,10.0840,10.0360,10.0640,2403072
2011-06-08 10:30:00,10.0740,10.0900,10.0500,10.0680,963956
2011-06-08 10:29:00,10.0770,10.0920,10.0550,10.0710,694540
2011-06-08 10:28:00,10.0770,10.0930,10.0550,10.0730,688100
2011-06-08 10:27:00,10.0810,10.0920,10.0510,10.0740,662984
2011-06-08 10:26:00,10.0810,10.0950,10.0570,10.0770,595056
2011-06-08 10:25:00,10.0800,10.0950,10.0530,10.0760,1037512
2011-06-08 10:24:00,10.0830,10.0950,10.0590,10.0790,902132
2011-06-08 10:23:00,10.0900,10.1020,10.0630,10.0790,890764
2011-06-08 10:22:00,10.0900,10.1050,10.0650,10.0860,878556
2011-06-08 10:21:00,10.0970,10.1070,10.0670,10.0830,475048
2011-06-08 10:20:00,10.0880,10.1090,10.0680,10.0920,802368
2011-06-08 10:19:00,10.1060,10.1180,10.0650,10.0840,1516900
2011-06-08 10:18:00,10.1160,10.1350,10.0870,10.1050,1985760
2011-06-08 10:17:00,10.1030,10.1270,10.0770,10.1110,2058056
2011-06-08 10:16:00,10.1070,10.1190,10.0740,10.0980,1125236
2011-06-08 10:15:00,10.0980,10.1170,10.0760,10.1030,1861664
2011-06-08 10:14:00,10.0910,10.1140,10.0710,10.0950,1714440
2011-06-08 10:13:00,10.0730,10.1070,10.0530,10.0890,2017876
2011-06-08 10:12:00,10.0730,10.0930,10.0510,10.0690,774508
2011-06-08 10:11:00,10.0760,10.0940,10.0490,10.0700,1589616
2011-06-08 10:10:00,10.0780,10.0940,10.0480,10.0740,1052772
2011-06-08 10:09:00,10.0800,10.1000,10.0530,10.0730,1196468
2011-06-08 10:08:00,10.0760,10.0950,10.0530,10.0770,1016484
2011-06-08 10:07:00,10.0760,10.0950,10.0550,10.0730,748300
2011-06-08 10:06:00,10.0730,10.0990,10.0540,10.0710,1668184
2011-06-08 10:05:00,10.0730,10.0910,10.0450,10.0700,1179556
2011-06-08 10:04:00,10.0560,10.0920,10.0360,10.0670,1761032
2011-06-08 10:03:00,10.0680,10.0780,10.0330,10.0510,1884680
2011-06-08 10:02:00,10.0520,10.0820,10.0300,10.0630,3009244
2011-06-08 10:01:00,10.0430,10.0630,10.0180,10.0490,1783208
2011-06-08 10:00:00,10.0380,10.0540,10.0150,10.0400,1757308
2011-06-08 09:59:00,10.0290,10.0510,10.0070,10.0330,2416120
2011-06-08 09:58:00,10.0430,10.0530,10.0080,10.0250,1941240
2011-06-08 09:57:00,10.0400,10.0560,10.0140,10.0380,2359028
2011-06-08 09:56:00,10.0460,10.0580,10.0180,10.0360,1438444
2011-06-08 09:55:00,10.0580,10.0710,10.0220,10.0420,2698696
2011-06-08 09:54:00,10.0680,10.0800,10.0360,10.0540,1590008
2011-06-08 09:53:00,10.0620,10.0880,10.0410,10.0650,1676136
2011-06-08 09:52:00,10.0700,10.0820,10.0410,10.0580,1144528
2011-06-08 09:51:00,10.0690,10.0890,10.0480,10.0670,1661632
2011-06-08 09:50:00,10.0610,10.0840,10.0400,10.0670,1684508
2011-06-08 09:49:00,10.0810,10.0910,10.0390,10.0570,2493120
2011-06-08 09:48:00,10.0870,10.1010,10.0590,10.0750,1002092
2011-06-08 09:47:00,10.0780,10.0990,10.0580,10.0820,979160
2011-06-08 09:46:00,10.0760,10.0970,10.0560,10.0740,1417696
2011-06-08 09:45:00,10.0770,10.0970,10.0490,10.0730,2532544
2011-06-08 09:44:00,10.1110,10.1220,10.0580,10.0740,2558500
2011-06-08 09:43:00,10.1110,10.1300,10.0890,10.1080,1596644
2011-06-08 09:42:00,10.1160,10.1290,10.0890,10.1070,1155728
2011-06-08 09:41:00,10.1090,10.1270,10.0860,10.1100,1725668
2011-06-08 09:40:00,10.1140,10.1330,10.0870,10.1050,1218812
2011-06-08 09:39:00,10.1060,10.1330,10.0850,10.1100,2214464
2011-06-08 09:38:00,10.1120,10.1250,10.0780,10.1030,1822996
2011-06-08 09:37:00,10.1110,10.1240,10.0820,10.1070,2006284
2011-06-08 09:36:00,10.0760,10.1250,10.0570,10.1060,4003328
2011-06-08 09:35:00,10.0700,10.0920,10.0390,10.0720,2370228
2011-06-08 09:34:00,10.0550,10.0880,10.0340,10.0670,2502164
2011-06-08 09:33:00,10.0820,10.0960,10.0330,10.0510,2513140
2011-06-08 09:32:00,10.1010,10.1140,10.0630,10.0790,1938328
2011-06-08 09:31:00,10.0790,10.1190,10.0540,10.0990,3676372
2011-06-08 09:30:00,10.0620,10.0950,10.0410,10.0750,5680276
2011-06-08 09:29:00,10.0670,10.0780,10.0410,10.0590,278488
2011-06-08 09:28:00,10.0720,10.0820,10.0470,10.0630,139468
2011-06-08 09:27:00,10.0700,10.0830,10.0500,10.0670,30576
2011-06-08 09:26:00,10.0700,10.0800,10.0510,10.0660,19600
2011-06-08 09:25:00,10.0700,10.0800,10.0480,10.0660,37100
2011-06-08 09:24:00,10.0710,10.0810,10.0510,10.0660,12572
2011-06-08 09:23:00,10.0740,10.0850,10.0550,10.0710,2800
2011-06-08 09:20:00,10.0750,10.0870,10.0540,10.0730,14000
2011-06-08 09:19:00,10.0720,10.0820,10.0500,10.0660,25200
2011-06-08 09:18:00,10.0720,10.0830,10.0500,10.0690,23128
2011-06-08 09:17:00,10.0740,10.0870,10.0550,10.0730,5600
2011-06-08 09:16:00,10.0700,10.0870,10.0500,10.0730,5600
2011-06-08 09:15:00,10.0700,10.0860,10.0500,10.0720,5600
2011-06-08 09:14:00,10.0780,10.0880,10.0550,10.0710,83132
2011-06-08 09:13:00,10.0750,10.0850,10.0540,10.0710,72688
2011-06-08 09:12:00,10.0740,10.0880,10.0540,10.0750,62300
2011-06-08 09:11:00,10.0660,10.0770,10.0470,10.0630,36400
2011-06-08 09:09:00,10.0590,10.0740,10.0400,10.0600,84840
2011-06-08 09:08:00,10.0590,10.0710,10.0400,10.0550,33600
2011-06-08 09:07:00,10.0590,10.0690,10.0400,10.0550,26600
2011-06-08 09:06:00,10.0550,10.0680,10.0350,10.0520,28420
2011-06-08 09:05:00,10.0530,10.0650,10.0340,10.0510,20300
2011-06-08 09:04:00,10.0550,10.0670,10.0320,10.0530,36904
2011-06-08 09:03:00,10.0560,10.0670,10.0330,10.0480,55916
2011-06-08 09:02:00,10.0610,10.0710,10.0380,10.0550,54908
2011-06-08 09:00:00,10.0640,10.0780,10.0430,10.0590,61796
2011-06-08 08:59:00,10.0650,10.0750,10.0460,10.0620,2800
2011-06-08 08:58:00,10.0680,10.0800,10.0400,10.0610,179452
2011-06-08 08:57:00,10.0820,10.0920,10.0490,10.0660,250124
2011-06-08 08:56:00,10.0790,10.0920,10.0590,10.0780,25312
2011-06-08 08:55:00,10.0790,10.0890,10.0590,10.0750,2800
2011-06-08 08:54:00,10.0790,10.0920,10.0550,10.0720,65744
2011-06-08 08:53:00,10.0730,10.0860,10.0530,10.0720,54460
2011-06-08 08:52:00,10.0710,10.0820,10.0520,10.0680,8400
2011-06-08 08:51:00,10.0730,10.0830,10.0520,10.0680,22288
2011-06-08 08:50:00,10.0630,10.0860,10.0430,10.0710,170016
2011-06-08 08:49:00,10.0600,10.0720,10.0410,10.0580,11200
2011-06-08 08:48:00,10.0520,10.0620,10.0320,10.0480,5600
2011-06-08 08:47:00,10.0510,10.0630,10.0290,10.0490,46760
2011-06-08 08:46:00,10.0410,10.0620,10.0210,10.0480,31640
2011-06-08 08:45:00,10.0410,10.0510,10.0220,10.0370,2800
2011-06-08 08:43:00,10.0430,10.0530,10.0190,10.0350,11200
2011-06-08 08:42:00,10.0360,10.0500,10.0170,10.0360,25396
2011-06-08 08:41:00,10.0290,10.0410,10.0100,10.0270,9296
2011-06-08 08:40:00,10.0290,10.0390,10.0100,10.0250,5600
2011-06-08 08:39:00,10.0360,10.0460,10.0090,10.0250,24948
2011-06-08 08:38:00,10.0340,10.0450,10.0150,10.0310,9380
2011-06-08 08:36:00,10.0300,10.0400,10.0070,10.0230,11284
2011-06-08 08:29:00,10.0360,10.0530,10.0170,10.0390,42700
2011-06-08 08:27:00,10.0360,10.0470,10.0170,10.0330,40320
2011-06-08 08:26:00,10.0360,10.0470,10.0130,10.0330,53480
2011-06-08 08:25:00,10.0360,10.0460,10.0150,10.0300,14000
2011-06-08 08:24:00,10.0320,10.0420,10.0130,10.0280,2800
2011-06-08 08:23:00,10.0350,10.0450,10.0160,10.0310,8400
2011-06-08 08:22:00,10.0310,10.0410,10.0120,10.0270,12264
2011-06-08 08:21:00,10.0240,10.0410,10.0050,10.0270,11200
2011-06-08 08:19:00,10.0260,10.0360,10.0020,10.0180,7560
2011-06-08 08:18:00,10.0170,10.0320,9.9960,10.0180,33320
2011-06-08 08:17:00,10.0180,10.0320,9.9990,10.0180,11200
2011-06-08 08:16:00,10.0220,10.0320,9.9990,10.0140,73388
2011-06-08 08:14:00,10.0250,10.0350,10.0030,10.0180,43232
2011-06-08 08:13:00,10.0250,10.0350,10.0060,10.0210,8400
2011-06-08 08:11:00,10.0290,10.0390,10.0100,10.0250,18956
2011-06-08 08:10:00,10.0360,10.0470,10.0170,10.0330,25732
2011-06-08 08:09:00,10.0330,10.0470,10.0140,10.0320,49560
2011-06-08 08:08:00,10.0330,10.0440,10.0130,10.0300,22400
2011-06-08 08:07:00,10.0250,10.0440,10.0060,10.0300,62272
2011-06-08 08:06:00,10.0230,10.0390,10.0040,10.0210,46368
2011-06-08 08:05:00,10.0220,10.0320,10.0020,10.0180,28840
2011-06-08 08:04:00,10.0210,10.0310,10.0020,10.0180,2800
2011-06-08 08:03:00,10.0260,10.0360,10.0020,10.0180,70280
2011-06-08 08:02:00,10.0310,10.0410,10.0090,10.0250,44324
2011-06-08 08:01:00,10.0330,10.0460,10.0140,10.0320,14000
2011-06-08 08:00:00,10.0330,10.0540,10.0130,10.0330,71484
2011-06-08 07:57:00,10.0360,10.0470,10.0170,10.0330,53200
2011-06-08 07:56:00,10.0320,10.0420,10.0130,10.0280,2800
2011-06-08 07:55:00,10.0310,10.0410,10.0120,10.0270,2800
2011-06-08 07:52:00,10.0300,10.0410,10.0100,10.0260,8400
2011-06-08 07:51:00,10.0350,10.0470,10.0160,10.0330,18144
2011-06-08 07:47:00,10.0370,10.0470,10.0170,10.0330,25200
2011-06-08 07:46:00,10.0370,10.0470,10.0170,10.0330,58800
2011-06-08 07:43:00,10.0420,10.0520,10.0190,10.0350,28000
2011-06-08 07:42:00,10.0420,10.0540,10.0230,10.0400,14000
2011-06-08 07:39:00,10.0460,10.0560,10.0260,10.0420,2800
2011-06-08 07:38:00,10.0510,10.0610,10.0320,10.0480,11200
2011-06-08 07:37:00,10.0490,10.0590,10.0250,10.0400,8400
2011-06-08 07:36:00,10.0490,10.0590,10.0290,10.0450,2800
2011-06-08 07:34:00,10.0520,10.0620,10.0320,10.0480,2800
2011-06-08 07:28:00,10.0520,10.0620,10.0320,10.0480,5600
2011-06-08 07:26:00,10.0510,10.0610,10.0320,10.0480,2800
2011-06-08 07:25:00,10.0520,10.0620,10.0320,10.0480,5600
2011-06-08 07:23:00,10.0540,10.0650,10.0350,10.0510,19600
2011-06-08 07:22:00,10.0430,10.0530,10.0230,10.0390,2800
2011-06-08 07:21:00,10.0480,10.0580,10.0290,10.0440,5600
2011-06-08 07:20:00,10.0520,10.0620,10.0320,10.0480,2800
2011-06-08 07:17:00,10.0400,10.0540,10.0200,10.0400,8400
2011-06-08 07:16:00,10.0470,10.0590,10.0230,10.0390,19600
2011-06-08 07:14:00,10.0360,10.0470,10.0170,10.0330,8400
2011-06-08 07:11:00,10.0350,10.0450,10.0160,10.0320,5600
2011-06-08 07:08:00,10.0440,10.0540,10.0250,10.0400,5600
2011-06-08 07:07:00,10.0290,10.0390,10.0020,10.0180,56000
2011-06-08 07:03:00,10.0410,10.0510,10.0220,10.0370,177100
2011-06-08 07:02:00,10.0410,10.0570,10.0030,10.0370,161336
2011-06-08 07:01:00,10.0210,10.0310,10.0020,10.0180,12880
2011-06-08 07:00:00,10.0180,10.0360,9.9990,10.0220,16800
2011-06-08 06:45:00,10.0110,10.0210,9.9920,10.0080,2800
2011-06-08 06:42:00,10.0210,10.0310,10.0020,10.0180,5600
2011-06-08 06:41:00,10.0210,10.0310,10.0020,10.0180,5600
2011-06-08 06:40:00,10.0210,10.0310,10.0020,10.0180,2800
2011-06-08 06:36:00,10.0210,10.0310,10.0020,10.0180,2800
2011-06-08 06:35:00,10.0210,10.0310,10.0020,10.0180,2800
2011-06-08 06:34:00,10.0210,10.0310,10.0020,10.0180,2800
2011-06-08 06:32:00,10.0210,10.0310,10.0020,10.0180,2800
2011-06-08 06:29:00,10.0210,10.0310,10.0020,10.0180,42000
2011-06-08 06:26:00,10.0210,10.0310,10.0020,10.0180,2800
2011-06-08 06:25:00,10.0210,10.0310,10.0020,10.0180,5600
2011-06-08 06:13:00,10.0210,10.0310,10.0020,10.0180,28000
2011-06-08 06:08:00,10.0210,10.0310,10.0020,10.0180,22400
2011-06-08 06:00:00,10.0230,10.0340,10.0040,10.0200,2800
2011-06-08 05:50:00,10.0210,10.0310,10.0020,10.0180,2800
2011-06-08 05:49:00,10.0220,10.0320,10.0020,10.0180,5600
2011-06-08 05:26:00,10.0050,10.0150,9.9860,10.0010,2800
2011-06-08 05:19:00,10.0060,10.0160,9.9870,10.0020,2800
2011-06-08 05:14:00,10.0060,10.0160,9.9870,10.0020,11200
2011-06-08 05:05:00,10.0060,10.0160,9.9870,10.0020,2800
2011-06-08 04:52:00,10.0060,10.0160,9.9870,10.0020,2800
2011-06-08 04:19:00,10.0270,10.0380,10.0080,10.0240,5600
2011-06-08 04:04:00,9.9950,10.0050,9.9760,9.9920,2800
2011-06-08 04:02:00,10.0580,10.0680,10.0270,10.0430,8540
2011-06-08 04:00:00,10.0580,10.0680,10.0270,10.0430,5740
2011-06-07 19:59:00,10.1000,10.1100,10.0800,10.0960,10192
2011-06-07 19:57:00,10.0970,10.1070,10.0780,10.0930,2800
2011-06-07 19:54:00,10.0970,10.1070,10.0780,10.0930,9016
2011-06-07 19:53:00,10.0970,10.1070,10.0780,10.0930,2800
2011-06-07 19:52:00,10.0970,10.1070,10.0780,10.0930,3220
2011-06-07 19:47:00,10.0960,10.1060,10.0770,10.0920,8400
2011-06-07 19:43:00,10.0970,10.1070,10.0770,10.0930,2800
2011-06-07 19:31:00,10.0930,10.1040,10.0740,10.0900,9968
2011-06-07 19:30:00,10.0940,10.1040,10.0740,10.0900,17472
2011-06-07 19:25:00,10.0990,10.1090,10.0790,10.0950,2800
2011-06-07 19:20:00,10.0970,10.1070,10.0770,10.0930,2800
2011-06-07 19:14:00,10.0970,10.1070,10.0780,10.0930,2800
2011-06-07 19:10:00,10.0970,10.1070,10.0780,10.0930,3584
2011-06-07 19:07:00,10.0970,10.1070,10.0780,10.0930,2800
2011-06-07 18:59:00,10.0970,10.1080,10.0780,10.0930,34916
2011-06-07 18:57:00,10.1000,10.1100,10.0800,10.0960,2800
2011-06-07 18:56:00,10.0970,10.1070,10.0780,10.0930,10976
2011-06-07 18:55:00,10.0970,10.1070,10.0780,10.0930,2800
2011-06-07 18:50:00,10.1000,10.1100,10.0800,10.0960,4900
2011-06-07 18:49:00,10.0970,10.1070,10.0770,10.0930,32060
2011-06-07 18:42:00,10.0970,10.1070,10.0780,10.0930,2800
2011-06-07 18:41:00,10.0940,10.1040,10.0750,10.0900,3612
2011-06-07 18:39:00,10.0940,10.1040,10.0750,10.0900,5600
2011-06-07 18:38:00,10.0940,10.1040,10.0750,10.0900,2800
2011-06-07 18:30:00,10.0970,10.1070,10.0780,10.0930,2800
2011-06-07 18:26:00,10.0990,10.1090,10.0790,10.0950,27860
2011-06-07 18:25:00,10.1000,10.1100,10.0810,10.0960,2800
2011-06-07 18:23:00,10.0990,10.1090,10.0790,10.0950,5600
2011-06-07 18:20:00,10.0970,10.1070,10.0780,10.0930,8680
2011-06-07 18:19:00,10.0970,10.1070,10.0770,10.0930,2800
2011-06-07 18:18:00,10.0970,10.1070,10.0780,10.0930,2800
2011-06-07 18:15:00,10.0970,10.1070,10.0780,10.0930,2800
2011-06-07 18:13:00,10.0970,10.1070,10.0780,10.0930,2800
2011-06-07 18:12:00,10.0970,10.1070,10.0780,10.0930,3360
2011-06-07 18:11:00,10.0680,10.0780,10.0490,10.0640,134372
2011-06-07 18:10:00,10.1000,10.1100,10.0800,10.0960,2800
2011-06-07 18:08:00,10.0970,10.1100,10.0780,10.0960,16800
2011-06-07 18:05:00,10.0940,10.1050,10.0750,10.0910,2800
2011-06-07 18:03:00,10.0970,10.1100,10.0780,10.0960,14280
2011-06-07 18:00:00,10.0970,10.1070,10.0780,10.0930,27580
2011-06-07 17:58:00,10.0970,10.1070,10.0770,10.0930,2800
2011-06-07 17:57:00,10.0890,10.1030,10.0690,10.0890,40600
2011-06-07 17:54:00,10.0920,10.1020,10.0720,10.0880,2800
2011-06-07 17:49:00,10.0850,10.0950,10.0660,10.0810,5320
2011-06-07 17:40:00,10.0900,10.1010,10.0710,10.0870,22400
2011-06-07 17:37:00,10.0920,10.1020,10.0720,10.0880,4788
2011-06-07 17:36:00,10.0910,10.1010,10.0710,10.0860,22400
2011-06-07 17:32:00,10.0930,10.1030,10.0730,10.0890,11200
2011-06-07 17:30:00,10.0870,10.0980,10.0670,10.0840,27272
2011-06-07 17:29:00,10.0870,10.0970,10.0670,10.0830,4564
2011-06-07 17:25:00,10.0870,10.0970,10.0670,10.0830,16352
2011-06-07 17:21:00,10.0870,10.0970,10.0670,10.0830,2800
2011-06-07 17:20:00,10.0870,10.0970,10.0670,10.0830,2800
2011-06-07 17:18:00,10.0850,10.0950,10.0660,10.0810,16800
2011-06-07 17:17:00,10.0850,10.0950,10.0660,10.0810,11200
2011-06-07 17:14:00,10.0820,10.0920,10.0630,10.0790,9520
2011-06-07 17:06:00,10.0830,10.0940,10.0640,10.0800,2800
2011-06-07 17:00:00,10.1150,10.1260,10.0960,10.1120,56000
2011-06-07 16:57:00,10.0880,10.0980,10.0660,10.0820,5600
2011-06-07 16:53:00,10.0870,10.0980,10.0680,10.0840,2800
2011-06-07 16:52:00,10.0870,10.0980,10.0680,10.0840,2800
2011-06-07 16:51:00,10.0870,10.0980,10.0670,10.0840,5600
2011-06-07 16:50:00,10.0850,10.0950,10.0660,10.0810,2800
2011-06-07 16:49:00,10.0830,10.0940,10.0640,10.0800,4564
2011-06-07 16:46:00,10.0810,10.0920,10.0620,10.0780,28000
2011-06-07 16:45:00,10.0800,10.0910,10.0610,10.0770,44324
2011-06-07 16:43:00,10.0790,10.0890,10.0590,10.0750,2800
2011-06-07 16:42:00,10.1030,10.1240,10.0610,10.0770,78400
2011-06-07 16:41:00,10.0780,10.0880,10.0590,10.0750,3724
2011-06-07 16:39:00,10.0780,10.0880,10.0590,10.0750,2800
2011-06-07 16:36:00,10.0790,10.0890,10.0590,10.0750,8400
2011-06-07 16:35:00,10.0800,10.0910,10.0610,10.0770,2800
2011-06-07 16:34:00,10.0810,10.0910,10.0600,10.0760,22400
2011-06-07 16:33:00,10.0770,10.0910,10.0580,10.0770,28000
2011-06-07 16:31:00,10.0770,10.0880,10.0570,10.0740,13440
2011-06-07 16:30:00,10.0750,10.0850,10.0550,10.0710,2800
2011-06-07 16:29:00,10.0750,10.0850,10.0550,10.0710,14000
2011-06-07 16:28:00,10.0890,10.1460,10.0550,10.1320,30800
2011-06-07 16:25:00,10.0760,10.0860,10.0560,10.0720,5600
2011-06-07 16:21:00,10.0770,10.0870,10.0570,10.0730,5600
2011-06-07 16:20:00,10.0770,10.0870,10.0470,10.0620,49168
2011-06-07 16:19:00,10.0640,10.0880,10.0450,10.0730,39508
2011-06-07 16:18:00,10.0770,10.0880,10.0580,10.0740,8400
2011-06-07 16:17:00,10.0790,10.0890,10.0580,10.0740,11200
2011-06-07 16:16:00,10.0620,10.0720,10.0430,10.0580,175924
2011-06-07 16:15:00,10.0740,10.0890,10.0550,10.0740,8400
2011-06-07 16:14:00,10.0760,10.0890,10.0540,10.0700,35280
2011-06-07 16:13:00,10.0770,10.0880,10.0510,10.0730,124488
2011-06-07 16:12:00,10.0740,10.0910,10.0450,10.0600,1451800
2011-06-07 16:11:00,10.0710,10.0820,10.0490,10.0680,26040
2011-06-07 16:10:00,10.0690,10.0790,10.0490,10.0650,25200
2011-06-07 16:09:00,10.0770,10.0880,10.0470,10.0640,112140
2011-06-07 16:08:00,10.0760,10.0880,10.0550,10.0740,71820
2011-06-07 16:07:00,10.0680,10.0850,10.0470,10.0710,79436
2011-06-07 16:05:00,10.0700,10.1110,10.0490,10.0650,55300
2011-06-07 16:04:00,10.0640,10.0740,10.0450,10.0600,11200
2011-06-07 16:03:00,10.0680,10.1460,10.0490,10.0660,85008
2011-06-07 16:02:00,10.0680,10.0780,10.0460,10.0630,89600
2011-06-07 16:01:00,10.0660,10.0820,10.0450,10.0640,375900
2011-06-07 16:00:00,10.0640,10.0790,10.0420,10.0640,16519272
2011-06-07 15:59:00,10.0680,10.0800,10.0440,10.0600,6112008
2011-06-07 15:58:00,10.0720,10.0820,10.0480,10.0640,3700200
2011-06-07 15:57:00,10.0780,10.0890,10.0520,10.0680,2632392
2011-06-07 15:56:00,10.0870,10.0980,10.0580,10.0750,2914940
2011-06-07 15:55:00,10.0960,10.1090,10.0670,10.0840,2199232
2011-06-07 15:54:00,10.0950,10.1090,10.0700,10.0920,2114756
2011-06-07 15:53:00,10.0910,10.1130,10.0710,10.0930,1971592
2011-06-07 15:52:00,10.0900,10.1050,10.0690,10.0860,1973300
2011-06-07 15:51:00,10.0890,10.1070,10.0670,10.0870,1886556
2011-06-07 15:50:00,10.0970,10.1080,10.0690,10.0860,1751232
2011-06-07 15:49:00,10.0980,10.1150,10.0670,10.0930,2831276
2011-06-07 15:48:00,10.1070,10.1200,10.0780,10.0940,1380120
2011-06-07 15:47:00,10.1100,10.1300,10.0870,10.1040,2013032
2011-06-07 15:46:00,10.1080,10.1200,10.0800,10.1050,1450540
2011-06-07 15:45:00,10.1000,10.1290,10.0790,10.1050,2226532
2011-06-07 15:44:00,10.1000,10.1120,10.0690,10.0970,2833964
2011-06-07 15:43:00,10.1030,10.1140,10.0800,10.0960,987756
2011-06-07 15:42:00,10.1130,10.1240,10.0820,10.0990,1351532
2011-06-07 15:41:00,10.1100,10.1250,10.0900,10.1090,613060
2011-06-07 15:40:00,10.1170,10.1270,10.0850,10.1060,934892
2011-06-07 15:39:00,10.1130,10.1290,10.0920,10.1130,477260
2011-06-07 15:38:00,10.1210,10.1340,10.0930,10.1090,651812
2011-06-07 15:37:00,10.1090,10.1320,10.0890,10.1180,995176
2011-06-07 15:36:00,10.1150,10.1260,10.0890,10.1050,386288
2011-06-07 15:35:00,10.1120,10.1320,10.0910,10.1120,1481200
2011-06-07 15:34:00,10.1040,10.1250,10.0800,10.1090,1090908
2011-06-07 15:33:00,10.1020,10.1160,10.0780,10.1010,1262828
2011-06-07 15:32:00,10.1110,10.1220,10.0820,10.0980,758296
2011-06-07 15:31:00,10.1030,10.1210,10.0830,10.1060,920808
2011-06-07 15:30:00,10.1150,10.1250,10.0810,10.0990,1351644
2011-06-07 15:29:00,10.1140,10.1290,10.0950,10.1120,855680
2011-06-07 15:28:00,10.1200,10.1340,10.0950,10.1130,947212
2011-06-07 15:27:00,10.1190,10.1330,10.0980,10.1160,1236004
2011-06-07 15:26:00,10.1170,10.1320,10.0950,10.1130,664048
2011-06-07 15:25:00,10.1090,10.1290,10.0860,10.1130,919884
2011-06-07 15:24:00,10.1020,10.1220,10.0810,10.1050,1276912
2011-06-07 15:23:00,10.1050,10.1160,10.0780,10.0970,1119804
2011-06-07 15:22:00,10.1030,10.1160,10.0810,10.1000,1001196
2011-06-07 15:21:00,10.1090,10.1190,10.0810,10.1000,1497384
2011-06-07 15:20:00,10.1090,10.1220,10.0810,10.1050,856352
2011-06-07 15:19:00,10.1090,10.1240,10.0860,10.1070,476980
2011-06-07 15:18:00,10.1230,10.1350,10.0870,10.1050,1431220
2011-06-07 15:17:00,10.1210,10.1360,10.1010,10.1190,708484
2011-06-07 15:16:00,10.1220,10.1330,10.1000,10.1180,609644
2011-06-07 15:15:00,10.1150,10.1330,10.0950,10.1190,697872
2011-06-07 15:14:00,10.1160,10.1290,10.0940,10.1120,887964
2011-06-07 15:13:00,10.1160,10.1290,10.0950,10.1120,895748
2011-06-07 15:12:00,10.1180,10.1360,10.0960,10.1120,922824
2011-06-07 15:11:00,10.1100,10.1330,10.0900,10.1160,989156
2011-06-07 15:10:00,10.1080,10.1220,10.0840,10.1060,1130612
2011-06-07 15:09:00,10.1120,10.1250,10.0870,10.1030,831460
2011-06-07 15:08:00,10.1070,10.1240,10.0880,10.1070,1432984
2011-06-07 15:07:00,10.1150,10.1270,10.0880,10.1050,991648
2011-06-07 15:06:00,10.1200,10.1300,10.0950,10.1110,866516
2011-06-07 15:05:00,10.1230,10.1350,10.0990,10.1150,512540
2011-06-07 15:04:00,10.1210,10.1360,10.1000,10.1210,334992
2011-06-07 15:03:00,10.1290,10.1410,10.0990,10.1170,543032
2011-06-07 15:02:00,10.1260,10.1420,10.1050,10.1220,621628
2011-06-07 15:01:00,10.1190,10.1420,10.0990,10.1220,1061088
2011-06-07 15:00:00,10.1170,10.1300,10.0940,10.1150,701316
2011-06-07 14:59:00,10.1190,10.1310,10.0980,10.1150,574448
2011-06-07 14:58:00,10.1120,10.1320,10.0910,10.1160,1128708
2011-06-07 14:57:00,10.1150,10.1250,10.0870,10.1080,1120728
2011-06-07 14:56:00,10.1170,10.1290,10.0900,10.1100,1838144
2011-06-07 14:55:00,10.1130,10.1270,10.0930,10.1130,976332
2011-06-07 14:54:00,10.1140,10.1250,10.0930,10.1090,494368
2011-06-07 14:53:00,10.1170,10.1310,10.0930,10.1130,1340192
2011-06-07 14:52:00,10.1230,10.1330,10.0960,10.1120,675920
2011-06-07 14:51:00,10.1240,10.1360,10.0990,10.1180,1220884
2011-06-07 14:50:00,10.1290,10.1420,10.1030,10.1190,1185996
2011-06-07 14:49:00,10.1360,10.1470,10.1060,10.1250,1264732
2011-06-07 14:48:00,10.1390,10.1500,10.1160,10.1320,295008
2011-06-07 14:47:00,10.1410,10.1530,10.1180,10.1370,344960
2011-06-07 14:46:00,10.1420,10.1560,10.1210,10.1400,708792
2011-06-07 14:45:00,10.1350,10.1530,10.1150,10.1380,636244
2011-06-07 14:44:00,10.1400,10.1500,10.1130,10.1320,535388
2011-06-07 14:43:00,10.1400,10.1530,10.1180,10.1350,520156
2011-06-07 14:42:00,10.1360,10.1520,10.1120,10.1370,801500
2011-06-07 14:41:00,10.1420,10.1530,10.1140,10.1320,700560
2011-06-07 14:40:00,10.1430,10.1540,10.1220,10.1380,284256
2011-06-07 14:39:00,10.1430,10.1540,10.1170,10.1380,408044
2011-06-07 14:38:00,10.1360,10.1560,10.1160,10.1410,633472
2011-06-07 14:37:00,10.1380,10.1490,10.1110,10.1320,1404732
2011-06-07 14:36:00,10.1400,10.1510,10.1180,10.1350,222376
2011-06-07 14:35:00,10.1400,10.1530,10.1180,10.1370,427644
2011-06-07 14:34:00,10.1390,10.1520,10.1180,10.1360,1100064
2011-06-07 14:33:00,10.1300,10.1490,10.1080,10.1340,1279208
2011-06-07 14:32:00,10.1440,10.1550,10.1100,10.1260,2146648
2011-06-07 14:31:00,10.1490,10.1600,10.1230,10.1400,1824564
2011-06-07 14:30:00,10.1600,10.1710,10.1280,10.1440,1177064
2011-06-07 14:29:00,10.1620,10.1730,10.1410,10.1580,167300
2011-06-07 14:28:00,10.1620,10.1750,10.1380,10.1570,578620
2011-06-07 14:27:00,10.1630,10.1780,10.1360,10.1580,2441180
2011-06-07 14:26:00,10.1570,10.1730,10.1360,10.1590,1095248
2011-06-07 14:25:00,10.1600,10.1730,10.1350,10.1530,418292
2011-06-07 14:24:00,10.1630,10.1750,10.1360,10.1560,1482572
2011-06-07 14:23:00,10.1660,10.1770,10.1410,10.1590,683312
2011-06-07 14:22:00,10.1650,10.1780,10.1450,10.1620,1138396
2011-06-07 14:21:00,10.1700,10.1830,10.1450,10.1630,1068452
2011-06-07 14:20:00,10.1840,10.1960,10.1520,10.1680,1102024
2011-06-07 14:19:00,10.1820,10.1980,10.1610,10.1820,1565984
2011-06-07 14:18:00,10.1700,10.1940,10.1490,10.1770,1662584
2011-06-07 14:17:00,10.1720,10.1830,10.1480,10.1650,860944
2011-06-07 14:16:00,10.1750,10.1860,10.1490,10.1690,1410724
2011-06-07 14:15:00,10.1740,10.1900,10.1520,10.1710,1844192
2011-06-07 14:14:00,10.1690,10.1860,10.1470,10.1700,1944908
2011-06-07 14:13:00,10.1590,10.1810,10.1390,10.1630,1284640
2011-06-07 14:12:00,10.1520,10.1740,10.1280,10.1530,1685068
2011-06-07 14:11:00,10.1460,10.1610,10.1250,10.1470,822640
2011-06-07 14:10:00,10.1500,10.1630,10.1220,10.1410,936292
2011-06-07 14:09:00,10.1500,10.1650,10.1280,10.1470,1070272
2011-06-07 14:08:00,10.1470,10.1600,10.1220,10.1460,1048600
2011-06-07 14:07:00,10.1540,10.1650,10.1240,10.1420,773136
2011-06-07 14:06:00,10.1340,10.1640,10.1150,10.1500,1563184
2011-06-07 14:05:00,10.1350,10.1460,10.1140,10.1310,239736
2011-06-07 14:04:00,10.1400,10.1500,10.1120,10.1320,583324
2011-06-07 14:03:00,10.1370,10.1530,10.1160,10.1350,1179052
2011-06-07 14:02:00,10.1300,10.1480,10.1080,10.1320,829444
2011-06-07 14:01:00,10.1200,10.1390,10.0990,10.1250,473704
2011-06-07 14:00:00,10.1170,10.1300,10.0960,10.1160,308672
2011-06-07 13:59:00,10.1200,10.1320,10.0960,10.1130,843864
2011-06-07 13:58:00,10.1260,10.1370,10.1010,10.1180,437164
2011-06-07 13:57:00,10.1220,10.1380,10.1020,10.1230,305172
2011-06-07 13:56:00,10.1260,10.1370,10.1020,10.1180,456820
2011-06-07 13:55:00,10.1290,10.1410,10.1060,10.1220,1414728
2011-06-07 13:54:00,10.1280,10.1390,10.1080,10.1250,296296
2011-06-07 13:53:00,10.1290,10.1430,10.1080,10.1240,688912
2011-06-07 13:52:00,10.1290,10.1430,10.1070,10.1250,758296
2011-06-07 13:51:00,10.1200,10.1400,10.1010,10.1260,1352596
2011-06-07 13:50:00,10.1210,10.1330,10.0970,10.1170,632940
2011-06-07 13:49:00,10.1210,10.1350,10.0950,10.1170,734916
2011-06-07 13:48:00,10.1250,10.1350,10.1020,10.1200,330260
2011-06-07 13:47:00,10.1230,10.1360,10.1020,10.1180,105308
2011-06-07 13:46:00,10.1230,10.1350,10.1010,10.1200,369040
2011-06-07 13:45:00,10.1250,10.1360,10.1000,10.1190,829752
2011-06-07 13:44:00,10.1240,10.1370,10.1050,10.1220,127260
2011-06-07 13:43:00,10.1190,10.1360,10.0990,10.1210,439320
2011-06-07 13:42:00,10.1170,10.1300,10.0930,10.1160,706244
2011-06-07 13:41:00,10.1200,10.1330,10.0970,10.1140,315364
2011-06-07 13:40:00,10.1340,10.1440,10.0950,10.1150,1276268
2011-06-07 13:39:00,10.1320,10.1450,10.1100,10.1300,540736
2011-06-07 13:38:00,10.1300,10.1440,10.1080,10.1290,1726340
2011-06-07 13:37:00,10.1280,10.1410,10.1070,10.1270,1382948
2011-06-07 13:36:00,10.1280,10.1390,10.1050,10.1230,567252
2011-06-07 13:35:00,10.1250,10.1380,10.1040,10.1240,598976
2011-06-07 13:34:00,10.1260,10.1380,10.1030,10.1220,483532
2011-06-07 13:33:00,10.1220,10.1380,10.1020,10.1240,557228
2011-06-07 13:32:00,10.1220,10.1380,10.1020,10.1200,690760
2011-06-07 13:31:00,10.1200,10.1320,10.0980,10.1180,754824
2011-06-07 13:30:00,10.1200,10.1370,10.1000,10.1160,939092
2011-06-07 13:29:00,10.1200,10.1310,10.1000,10.1160,113316
2011-06-07 13:28:00,10.1230,10.1330,10.0990,10.1150,452312
2011-06-07 13:27:00,10.1270,10.1380,10.1000,10.1170,465416
2011-06-07 13:26:00,10.1220,10.1390,10.1020,10.1220,499436
2011-06-07 13:25:00,10.1170,10.1360,10.0930,10.1200,1113000
2011-06-07 13:24:00,10.1180,10.1300,10.0950,10.1120,652876
2011-06-07 13:23:00,10.1090,10.1290,10.0890,10.1130,483392
2011-06-07 13:22:00,10.1170,10.1290,10.0900,10.1070,1062768
2011-06-07 13:21:00,10.1210,10.1320,10.0980,10.1150,331240
2011-06-07 13:20:00,10.1170,10.1320,10.0930,10.1170,518672
2011-06-07 13:19:00,10.1200,10.1320,10.0970,10.1130,977172
2011-06-07 13:18:00,10.1250,10.1360,10.0960,10.1170,986804
2011-06-07 13:17:00,10.1260,10.1370,10.1020,10.1210,535640
2011-06-07 13:16:00,10.1250,10.1380,10.1020,10.1230,703668
2011-06-07 13:15:00,10.1320,10.1440,10.1030,10.1220,2251088
2011-06-07 13:14:00,10.1430,10.1540,10.1120,10.1280,982044
2011-06-07 13:13:00,10.1450,10.1550,10.1210,10.1380,521052
2011-06-07 13:12:00,10.1460,10.1610,10.1240,10.1410,1269408
2011-06-07 13:11:00,10.1410,10.1560,10.1180,10.1420,724360
2011-06-07 13:10:00,10.1510,10.1620,10.1200,10.1390,811748
2011-06-07 13:09:00,10.1430,10.1630,10.1230,10.1480,1130248
2011-06-07 13:08:00,10.1460,10.1570,10.1200,10.1400,715904
2011-06-07 13:07:00,10.1390,10.1630,10.1180,10.1430,1928836
2011-06-07 13:06:00,10.1310,10.1520,10.1110,10.1360,1512308
2011-06-07 13:05:00,10.1280,10.1430,10.1090,10.1270,1089592
2011-06-07 13:04:00,10.1220,10.1430,10.1020,10.1250,1812048
2011-06-07 13:03:00,10.1200,10.1350,10.0990,10.1180,971152
2011-06-07 13:02:00,10.1170,10.1330,10.0970,10.1170,1195964
2011-06-07 13:01:00,10.1150,10.1290,10.0920,10.1130,1005424
2011-06-07 13:00:00,10.1080,10.1260,10.0840,10.1110,1110452
2011-06-07 12:59:00,10.1040,10.1160,10.0780,10.1020,579992
2011-06-07 12:58:00,10.1080,10.1190,10.0810,10.0980,555716
2011-06-07 12:57:00,10.1080,10.1220,10.0870,10.1050,637196
2011-06-07 12:56:00,10.1000,10.1190,10.0800,10.1050,771876
2011-06-07 12:55:00,10.1060,10.1160,10.0790,10.0970,651028
2011-06-07 12:54:00,10.1040,10.1180,10.0840,10.1020,771596
2011-06-07 12:53:00,10.1020,10.1140,10.0820,10.1000,854868
2011-06-07 12:52:00,10.1020,10.1140,10.0810,10.0980,894712
2011-06-07 12:51:00,10.0930,10.1120,10.0730,10.0980,1402548
2011-06-07 12:50:00,10.0920,10.1060,10.0710,10.0890,788004
2011-06-07 12:49:00,10.0890,10.1020,10.0690,10.0870,437416
2011-06-07 12:48:00,10.0870,10.1000,10.0660,10.0860,606508
2011-06-07 12:47:00,10.0880,10.1020,10.0660,10.0820,928368
2011-06-07 12:46:00,10.0870,10.0980,10.0650,10.0840,740824
2011-06-07 12:45:00,10.0920,10.1030,10.0670,10.0830,610204
2011-06-07 12:44:00,10.0940,10.1050,10.0700,10.0880,519540
2011-06-07 12:43:00,10.0920,10.1050,10.0680,10.0890,1147916
2011-06-07 12:42:00,10.0830,10.1060,10.0590,10.0880,2028880
2011-06-07 12:41:00,10.0840,10.0970,10.0630,10.0780,1009540
2011-06-07 12:40:00,10.0930,10.1030,10.0630,10.0810,1462384
2011-06-07 12:39:00,10.0980,10.1100,10.0720,10.0900,1553776
2011-06-07 12:38:00,10.1050,10.1160,10.0790,10.0960,479752
2011-06-07 12:37:00,10.1170,10.1270,10.0840,10.1010,655816
2011-06-07 12:36:00,10.1140,10.1290,10.0930,10.1130,1092392
2011-06-07 12:35:00,10.1120,10.1250,10.0910,10.1090,579460
2011-06-07 12:34:00,10.1090,10.1220,10.0880,10.1080,558376
2011-06-07 12:33:00,10.1120,10.1220,10.0890,10.1060,268632
2011-06-07 12:32:00,10.1090,10.1260,10.0880,10.1080,679364
2011-06-07 12:31:00,10.1090,10.1210,10.0840,10.1040,427028
2011-06-07 12:30:00,10.1030,10.1220,10.0830,10.1050,1100512
2011-06-07 12:29:00,10.0960,10.1120,10.0760,10.0990,302120
2011-06-07 12:28:00,10.1070,10.1180,10.0750,10.0910,1333836
2011-06-07 12:27:00,10.1120,10.1250,10.0870,10.1040,904456
2011-06-07 12:26:00,10.1080,10.1220,10.0880,10.1080,467096
2011-06-07 12:25:00,10.1030,10.1190,10.0820,10.1050,480900
2011-06-07 12:24:00,10.1070,10.1200,10.0820,10.0990,370216
2011-06-07 12:23:00,10.1080,10.1190,10.0860,10.1040,495572
2011-06-07 12:22:00,10.1090,10.1200,10.0860,10.1020,190260
2011-06-07 12:21:00,10.1020,10.1200,10.0820,10.1050,650188
2011-06-07 12:20:00,10.0970,10.1120,10.0760,10.0980,512260
2011-06-07 12:19:00,10.0940,10.1090,10.0750,10.0930,396956
2011-06-07 12:18:00,10.1020,10.1130,10.0750,10.0920,680484
2011-06-07 12:17:00,10.1070,10.1200,10.0810,10.0990,375200
2011-06-07 12:16:00,10.1010,10.1190,10.0790,10.1050,452116
2011-06-07 12:15:00,10.1080,10.1190,10.0780,10.0950,761264
2011-06-07 12:14:00,10.1040,10.1180,10.0820,10.1030,276024
2011-06-07 12:13:00,10.1110,10.1220,10.0840,10.1000,458472
2011-06-07 12:12:00,10.1180,10.1290,10.0900,10.1100,309652
2011-06-07 12:11:00,10.1200,10.1300,10.0940,10.1160,525196
2011-06-07 12:10:00,10.1150,10.1300,10.0930,10.1130,750036
2011-06-07 12:09:00,10.1150,10.1310,10.0930,10.1100,293832
2011-06-07 12:08:00,10.1170,10.1280,10.0910,10.1140,278208
2011-06-07 12:07:00,10.1080,10.1280,10.0870,10.1110,786772
2011-06-07 12:06:00,10.1170,10.1270,10.0860,10.1050,854336
2011-06-07 12:05:00,10.1210,10.1320,10.0950,10.1130,356860
2011-06-07 12:04:00,10.1220,10.1360,10.1000,10.1160,310184
2011-06-07 12:03:00,10.1210,10.1330,10.1010,10.1190,256984
2011-06-07 12:02:00,10.1210,10.1330,10.0980,10.1170,254828
2011-06-07 12:01:00,10.1220,10.1350,10.1000,10.1170,830200
2011-06-07 12:00:00,10.1230,10.1340,10.0980,10.1170,759696
2011-06-07 11:59:00,10.1190,10.1360,10.1000,10.1190,901852
2011-06-07 11:58:00,10.1270,10.1390,10.0990,10.1160,590520
2011-06-07 11:57:00,10.1210,10.1400,10.1020,10.1220,469616
2011-06-07 11:56:00,10.1360,10.1460,10.1020,10.1200,823228
2011-06-07 11:55:00,10.1410,10.1520,10.1120,10.1320,1530900
2011-06-07 11:54:00,10.1300,10.1520,10.1090,10.1380,2003932
2011-06-07 11:53:00,10.1200,10.1400,10.0990,10.1260,1593760
2011-06-07 11:52:00,10.1140,10.1300,10.0920,10.1160,624064
2011-06-07 11:51:00,10.1130,10.1260,10.0920,10.1100,258580
2011-06-07 11:50:00,10.1110,10.1260,10.0910,10.1110,791056
2011-06-07 11:49:00,10.1100,10.1220,10.0870,10.1070,648228
2011-06-07 11:48:00,10.1030,10.1210,10.0840,10.1060,826448
2011-06-07 11:47:00,10.1020,10.1170,10.0830,10.1000,511952
2011-06-07 11:46:00,10.1050,10.1160,10.0820,10.1000,426692
2011-06-07 11:45:00,10.0980,10.1170,10.0780,10.1020,1235696
2011-06-07 11:44:00,10.0990,10.1100,10.0740,10.0950,707896
2011-06-07 11:43:00,10.0880,10.1090,10.0680,10.0940,1100232
2011-06-07 11:42:00,10.0900,10.1090,10.0680,10.0830,2067128
2011-06-07 11:41:00,10.1050,10.1190,10.0700,10.0860,1815772
2011-06-07 11:40:00,10.1010,10.1190,10.0820,10.1010,755608
2011-06-07 11:39:00,10.1040,10.1170,10.0810,10.1000,548996
2011-06-07 11:38:00,10.1120,10.1250,10.0820,10.0990,556584
2011-06-07 11:37:00,10.1080,10.1240,10.0880,10.1100,704480
2011-06-07 11:36:00,10.1080,10.1200,10.0820,10.1050,376992
2011-06-07 11:35:00,10.1090,10.1260,10.0870,10.1040,1164324
2011-06-07 11:34:00,10.1060,10.1190,10.0840,10.1050,459480
2011-06-07 11:33:00,10.1050,10.1190,10.0830,10.1040,735392
2011-06-07 11:32:00,10.1040,10.1180,10.0830,10.1020,654220
2011-06-07 11:31:00,10.0950,10.1150,10.0760,10.1010,1127560
2011-06-07 11:30:00,10.1080,10.1190,10.0700,10.0920,3629024
2011-06-07 11:29:00,10.1120,10.1250,10.0840,10.1040,691264
2011-06-07 11:28:00,10.1110,10.1260,10.0900,10.1100,966392
2011-06-07 11:27:00,10.1130,10.1240,10.0860,10.1070,624484
2011-06-07 11:26:00,10.1100,10.1260,10.0890,10.1100,1514772
2011-06-07 11:25:00,10.1040,10.1210,10.0800,10.1070,1155644
2011-06-07 11:24:00,10.1100,10.1200,10.0850,10.1010,1232784
2011-06-07 11:23:00,10.1070,10.1200,10.0850,10.1060,796376
2011-06-07 11:22:00,10.1070,10.1190,10.0850,10.1050,588560
2011-06-07 11:21:00,10.1030,10.1200,10.0830,10.1030,927472
2011-06-07 11:20:00,10.1090,10.1190,10.0820,10.0990,804076
2011-06-07 11:19:00,10.1020,10.1210,10.0820,10.1050,1275344
2011-06-07 11:18:00,10.1020,10.1160,10.0780,10.0980,4031020
2011-06-07 11:17:00,10.1080,10.1200,10.0820,10.0980,717136
2011-06-07 11:16:00,10.1040,10.1210,10.0840,10.1040,2200352
2011-06-07 11:15:00,10.1100,10.1220,10.0820,10.1000,2162720
2011-06-07 11:14:00,10.1120,10.1230,10.0880,10.1050,1119636
2011-06-07 11:13:00,10.1190,10.1310,10.0910,10.1090,1841196
2011-06-07 11:12:00,10.1210,10.1330,10.0990,10.1150,681884
2011-06-07 11:11:00,10.1250,10.1360,10.1000,10.1170,541324
2011-06-07 11:10:00,10.1330,10.1440,10.1040,10.1210,562240
2011-06-07 11:09:00,10.1320,10.1440,10.1110,10.1290,270060
2011-06-07 11:08:00,10.1330,10.1440,10.1100,10.1270,446656
2011-06-07 11:07:00,10.1280,10.1450,10.1090,10.1290,841428
2011-06-07 11:06:00,10.1300,10.1410,10.1060,10.1250,918232
2011-06-07 11:05:00,10.1220,10.1400,10.1020,10.1250,899668
2011-06-07 11:04:00,10.1180,10.1370,10.0970,10.1180,741916
2011-06-07 11:03:00,10.1260,10.1370,10.0940,10.1140,2163308
2011-06-07 11:02:00,10.1270,10.1380,10.1030,10.1220,1615292
2011-06-07 11:01:00,10.1340,10.1460,10.1050,10.1240,2434572
2011-06-07 11:00:00,10.1370,10.1520,10.1140,10.1310,1459416
2011-06-07 10:59:00,10.1530,10.1640,10.1180,10.1330,983668
2011-06-07 10:58:00,10.1470,10.1640,10.1250,10.1470,2143372
2011-06-07 10:57:00,10.1400,10.1590,10.1170,10.1420,621572
2011-06-07 10:56:00,10.1410,10.1550,10.1210,10.1360,649656
2011-06-07 10:55:00,10.1420,10.1580,10.1210,10.1380,345520
2011-06-07 10:54:00,10.1460,10.1580,10.1200,10.1400,596512
2011-06-07 10:53:00,10.1460,10.1560,10.1180,10.1390,417144
2011-06-07 10:52:00,10.1490,10.1600,10.1180,10.1420,655760
2011-06-07 10:51:00,10.1430,10.1590,10.1230,10.1450,375200
2011-06-07 10:50:00,10.1520,10.1620,10.1230,10.1390,348852
2011-06-07 10:49:00,10.1490,10.1630,10.1260,10.1480,609784
2011-06-07 10:48:00,10.1380,10.1600,10.1180,10.1450,568960
2011-06-07 10:47:00,10.1390,10.1500,10.1150,10.1330,748636
2011-06-07 10:46:00,10.1390,10.1520,10.1170,10.1350,398020
2011-06-07 10:45:00,10.1490,10.1600,10.1170,10.1360,499212
2011-06-07 10:44:00,10.1470,10.1610,10.1230,10.1430,439600
2011-06-07 10:43:00,10.1500,10.1610,10.1250,10.1470,467656
2011-06-07 10:42:00,10.1370,10.1630,10.1140,10.1470,1315748
2011-06-07 10:41:00,10.1560,10.1670,10.1160,10.1330,2669716
2011-06-07 10:40:00,10.1640,10.1770,10.1360,10.1540,1272936
2011-06-07 10:39:00,10.1650,10.1790,10.1380,10.1600,1171296
2011-06-07 10:38:00,10.1540,10.1800,10.1340,10.1620,896616
2011-06-07 10:37:00,10.1530,10.1660,10.1320,10.1510,868224
2011-06-07 10:36:00,10.1600,10.1710,10.1330,10.1500,1026508
2011-06-07 10:35:00,10.1570,10.1730,10.1350,10.1580,900760
2011-06-07 10:34:00,10.1560,10.1730,10.1350,10.1530,732368
2011-06-07 10:33:00,10.1520,10.1720,10.1320,10.1520,937776
2011-06-07 10:32:00,10.1560,10.1680,10.1320,10.1490,1059828
2011-06-07 10:31:00,10.1560,10.1720,10.1330,10.1510,925316
2011-06-07 10:30:00,10.1490,10.1670,10.1300,10.1530,630588
2011-06-07 10:29:00,10.1520,10.1630,10.1270,10.1470,611632
2011-06-07 10:28:00,10.1520,10.1630,10.1270,10.1480,511224
2011-06-07 10:27:00,10.1500,10.1640,10.1240,10.1460,1350776
2011-06-07 10:26:00,10.1620,10.1760,10.1310,10.1470,1315412
2011-06-07 10:25:00,10.1660,10.1850,10.1440,10.1600,1498168
2011-06-07 10:24:00,10.1600,10.1800,10.1380,10.1620,1339492
2011-06-07 10:23:00,10.1610,10.1730,10.1330,10.1560,1056944
2011-06-07 10:22:00,10.1590,10.1770,10.1350,10.1570,654500
2011-06-07 10:21:00,10.1570,10.1760,10.1370,10.1580,1034404
2011-06-07 10:20:00,10.1620,10.1760,10.1330,10.1520,1652756
2011-06-07 10:19:00,10.1710,10.1810,10.1400,10.1590,1423296
2011-06-07 10:18:00,10.1640,10.1850,10.1400,10.1670,1438052
2011-06-07 10:17:00,10.1720,10.1830,10.1420,10.1610,1816052
2011-06-07 10:16:00,10.1760,10.1890,10.1480,10.1670,1352820
2011-06-07 10:15:00,10.1700,10.1930,10.1470,10.1750,2538116
2011-06-07 10:14:00,10.1640,10.1810,10.1420,10.1660,1981420
2011-06-07 10:13:00,10.1530,10.1770,10.1320,10.1600,2163196
2011-06-07 10:12:00,10.1540,10.1670,10.1320,10.1490,1951320
2011-06-07 10:11:00,10.1380,10.1680,10.1190,10.1490,3555552
2011-06-07 10:10:00,10.1380,10.1510,10.1090,10.1360,2088828
2011-06-07 10:09:00,10.1420,10.1570,10.1190,10.1380,2377368
2011-06-07 10:08:00,10.1350,10.1530,10.1120,10.1380,1328964
2011-06-07 10:07:00,10.1390,10.1490,10.1100,10.1290,2175376
2011-06-07 10:06:00,10.1410,10.1540,10.1140,10.1330,2764076
2011-06-07 10:05:00,10.1330,10.1520,10.1120,10.1370,2355976
2011-06-07 10:04:00,10.1300,10.1460,10.1100,10.1290,1489824
2011-06-07 10:03:00,10.1270,10.1420,10.1010,10.1260,2090368
2011-06-07 10:02:00,10.1320,10.1490,10.1020,10.1220,3658816
2011-06-07 10:01:00,10.1160,10.1430,10.0960,10.1290,3586828
2011-06-07 10:00:00,10.1210,10.1370,10.0900,10.1130,2846872
2011-06-07 09:59:00,10.1180,10.1400,10.0930,10.1190,3996776
2011-06-07 09:58:00,10.1190,10.1340,10.0880,10.1150,4032952
2011-06-07 09:57:00,10.1250,10.1380,10.0940,10.1180,3695076
2011-06-07 09:56:00,10.1310,10.1460,10.1010,10.1220,4175444
2011-06-07 09:55:00,10.1320,10.1520,10.1090,10.1280,2132116
2011-06-07 09:54:00,10.1420,10.1530,10.1120,10.1280,2762872
2011-06-07 09:53:00,10.1300,10.1530,10.1090,10.1370,3414180
2011-06-07 09:52:00,10.1390,10.1500,10.1060,10.1260,4965828
2011-06-07 09:51:00,10.1520,10.1660,10.1160,10.1350,2850232
2011-06-07 09:50:00,10.1510,10.1660,10.1170,10.1480,2996308
2011-06-07 09:49:00,10.1630,10.1730,10.1290,10.1460,2404276
2011-06-07 09:48:00,10.1430,10.1770,10.1230,10.1590,4619720
2011-06-07 09:47:00,10.1530,10.1640,10.1200,10.1400,2686796
2011-06-07 09:46:00,10.1600,10.1700,10.1200,10.1490,3669092
2011-06-07 09:45:00,10.1550,10.1710,10.1250,10.1550,4034128
2011-06-07 09:44:00,10.1630,10.1790,10.1310,10.1520,2440788
2011-06-07 09:43:00,10.1620,10.1790,10.1390,10.1610,2770068
2011-06-07 09:42:00,10.1570,10.1740,10.1290,10.1570,4285008
2011-06-07 09:41:00,10.1570,10.1750,10.1290,10.1520,6117832
2011-06-07 09:40:00,10.1760,10.1860,10.1280,10.1540,6147764
2011-06-07 09:39:00,10.1750,10.1930,10.1540,10.1720,3217144
2011-06-07 09:38:00,10.1720,10.1890,10.1420,10.1730,5187140
2011-06-07 09:37:00,10.1780,10.1920,10.1500,10.1680,5143040
2011-06-07 09:36:00,10.1880,10.1990,10.1580,10.1750,4001396
2011-06-07 09:35:00,10.2200,10.2310,10.1650,10.1840,4221168
2011-06-07 09:34:00,10.2230,10.2400,10.2000,10.2160,3869880
2011-06-07 09:33:00,10.2110,10.2380,10.1870,10.2190,4479636
2011-06-07 09:32:00,10.2200,10.2320,10.1790,10.2090,5946836
2011-06-07 09:31:00,10.2490,10.2640,10.1950,10.2170,6106884
2011-06-07 09:30:00,10.2550,10.2660,10.2040,10.2450,5516700
2011-06-07 09:29:00,10.2580,10.2710,10.2350,10.2510,430052
2011-06-07 09:28:00,10.2720,10.2830,10.2300,10.2540,807828
2011-06-07 09:27:00,10.2820,10.2920,10.2520,10.2690,127400
2011-06-07 09:26:00,10.2870,10.2970,10.2650,10.2810,33936
2011-06-07 09:25:00,10.2890,10.2990,10.2670,10.2830,25620
2011-06-07 09:23:00,10.2940,10.3040,10.2720,10.2890,42000
2011-06-07 09:21:00,10.2930,10.3030,10.2730,10.2890,19600
2011-06-07 09:20:00,10.2920,10.3030,10.2720,10.2880,8400
2011-06-07 09:19:00,10.2920,10.3040,10.2700,10.2860,50400
2011-06-07 09:18:00,10.2920,10.3030,10.2670,10.2890,89600
2011-06-07 09:17:00,10.2920,10.3030,10.2730,10.2890,2800
2011-06-07 09:16:00,10.2910,10.3020,10.2710,10.2870,11200
2011-06-07 09:15:00,10.2910,10.3030,10.2710,10.2890,40320
2011-06-07 09:14:00,10.2890,10.3020,10.2690,10.2870,58800
2011-06-07 09:13:00,10.2880,10.2980,10.2680,10.2840,8260
2011-06-07 09:12:00,10.2930,10.3040,10.2680,10.2840,58800
2011-06-07 09:11:00,10.2920,10.3030,10.2720,10.2880,42420
2011-06-07 09:10:00,10.2890,10.3020,10.2690,10.2880,21420
2011-06-07 09:09:00,10.2930,10.3040,10.2690,10.2850,16800
2011-06-07 09:08:00,10.2930,10.3030,10.2730,10.2890,8400
2011-06-07 09:07:00,10.2930,10.3040,10.2720,10.2890,33712
2011-06-07 09:06:00,10.2920,10.3030,10.2720,10.2890,32704
2011-06-07 09:05:00,10.2910,10.3020,10.2710,10.2870,14000
2011-06-07 09:04:00,10.2880,10.3010,10.2680,10.2870,18648
2011-06-07 09:03:00,10.2870,10.3000,10.2670,10.2860,42000
2011-06-07 09:02:00,10.2850,10.3000,10.2650,10.2860,32900
2011-06-07 09:01:00,10.2790,10.3000,10.2600,10.2860,47600
2011-06-07 09:00:00,10.2830,10.2930,10.2600,10.2770,32900
2011-06-07 08:59:00,10.2830,10.2930,10.2630,10.2790,2800
2011-06-07 08:58:00,10.2790,10.2900,10.2590,10.2760,57092
2011-06-07 08:57:00,10.2800,10.2930,10.2590,10.2750,65800
2011-06-07 08:56:00,10.2800,10.2900,10.2600,10.2760,5600
2011-06-07 08:55:00,10.2820,10.2930,10.2620,10.2790,7000
2011-06-07 08:54:00,10.2800,10.2900,10.2600,10.2760,2800
2011-06-07 08:52:00,10.2780,10.2890,10.2550,10.2750,74200
2011-06-07 08:51:00,10.2790,10.2910,10.2540,10.2740,95704
2011-06-07 08:50:00,10.2870,10.3000,10.2590,10.2750,168000
2011-06-07 08:49:00,10.2850,10.2970,10.2650,10.2830,44800
2011-06-07 08:47:00,10.2820,10.2950,10.2620,10.2810,8400
2011-06-07 08:44:00,10.2790,10.2950,10.2590,10.2810,58380
2011-06-07 08:43:00,10.2850,10.2960,10.2650,10.2810,22400
2011-06-07 08:42:00,10.2800,10.2900,10.2600,10.2760,5880
2011-06-07 08:41:00,10.2840,10.2940,10.2640,10.2800,2800
2011-06-07 08:40:00,10.2840,10.2940,10.2640,10.2800,2800
2011-06-07 08:39:00,10.2850,10.2970,10.2650,10.2820,50988
2011-06-07 08:38:00,10.2820,10.2960,10.2630,10.2820,11200
2011-06-07 08:36:00,10.2800,10.2900,10.2600,10.2760,5600
2011-06-07 08:35:00,10.2870,10.2970,10.2670,10.2830,8400
2011-06-07 08:34:00,10.2870,10.3010,10.2660,10.2860,36876
2011-06-07 08:33:00,10.2770,10.2920,10.2570,10.2780,81900
2011-06-07 08:32:00,10.2730,10.2880,10.2510,10.2740,112560
2011-06-07 08:31:00,10.2720,10.2830,10.2510,10.2670,8848
2011-06-07 08:30:00,10.2700,10.2810,10.2470,10.2670,33600
2011-06-07 08:28:00,10.2740,10.2850,10.2540,10.2700,2800
2011-06-07 08:27:00,10.2730,10.2850,10.2500,10.2690,68740
2011-06-07 08:26:00,10.2670,10.2770,10.2470,10.2630,22400
2011-06-07 08:25:00,10.2690,10.2820,10.2470,10.2630,43288
2011-06-07 08:22:00,10.2680,10.2800,10.2470,10.2660,14000
2011-06-07 08:21:00,10.2740,10.2850,10.2540,10.2700,11200
2011-06-07 08:20:00,10.2700,10.2810,10.2500,10.2660,48860
2011-06-07 08:18:00,10.2720,10.2820,10.2520,10.2680,11620
2011-06-07 08:17:00,10.2750,10.2850,10.2550,10.2710,2800
2011-06-07 08:16:00,10.2730,10.2830,10.2530,10.2690,13636
2011-06-07 08:15:00,10.2790,10.2890,10.2560,10.2720,24416
2011-06-07 08:14:00,10.2790,10.2890,10.2560,10.2720,27300
2011-06-07 08:12:00,10.2820,10.2920,10.2590,10.2750,48860
2011-06-07 08:11:00,10.2820,10.2920,10.2620,10.2780,2800
2011-06-07 08:10:00,10.2830,10.2950,10.2630,10.2810,8400
2011-06-07 08:09:00,10.2860,10.2990,10.2620,10.2780,28280
2011-06-07 08:08:00,10.2790,10.2920,10.2590,10.2780,29260
2011-06-07 08:07:00,10.2760,10.2890,10.2560,10.2720,36400
2011-06-07 08:06:00,10.2760,10.2860,10.2560,10.2720,11200
2011-06-07 08:05:00,10.2760,10.2870,10.2560,10.2720,11200
2011-06-07 08:04:00,10.2770,10.2890,10.2570,10.2730,8400
2011-06-07 08:03:00,10.2800,10.2900,10.2570,10.2730,19600
2011-06-07 08:02:00,10.2810,10.2910,10.2610,10.2770,5600
2011-06-07 08:01:00,10.2880,10.2980,10.2660,10.2830,14000
2011-06-07 08:00:00,10.2880,10.3020,10.2620,10.2850,60648
2011-06-07 07:59:00,10.2950,10.3050,10.2670,10.2830,152992
2011-06-07 07:58:00,10.2940,10.3120,10.2740,10.2970,36400
2011-06-07 07:57:00,10.2930,10.3060,10.2730,10.2910,23912
2011-06-07 07:56:00,10.2870,10.3010,10.2670,10.2860,16800
2011-06-07 07:55:00,10.2860,10.2990,10.2660,10.2840,16800
2011-06-07 07:54:00,10.2860,10.2960,10.2650,10.2810,14000
2011-06-07 07:53:00,10.2850,10.2960,10.2650,10.2810,2800
2011-06-07 07:51:00,10.2840,10.2940,10.2640,10.2800,8400
2011-06-07 07:49:00,10.2860,10.2960,10.2660,10.2820,11200
2011-06-07 07:48:00,10.2790,10.3000,10.2590,10.2840,43400
2011-06-07 07:47:00,10.2770,10.2890,10.2570,10.2750,12180
2011-06-07 07:46:00,10.2770,10.2870,10.2570,10.2730,3220
2011-06-07 07:44:00,10.2750,10.2860,10.2480,10.2670,14000
2011-06-07 07:42:00,10.2700,10.2800,10.2500,10.2660,44800
2011-06-07 07:40:00,10.2790,10.2890,10.2590,10.2750,22288
2011-06-07 07:39:00,10.2790,10.2890,10.2590,10.2750,11200
2011-06-07 07:38:00,10.2790,10.2890,10.2590,10.2750,8400
2011-06-07 07:36:00,10.2790,10.2890,10.2590,10.2750,2800
2011-06-07 07:35:00,10.2790,10.2890,10.2590,10.2750,8400
2011-06-07 07:33:00,10.2830,10.2930,10.2590,10.2750,22372
2011-06-07 07:31:00,10.2790,10.2890,10.2590,10.2750,15680
2011-06-07 07:29:00,10.2790,10.2890,10.2590,10.2750,2800
2011-06-07 07:28:00,10.2790,10.2890,10.2590,10.2750,3500
2011-06-07 07:23:00,10.2780,10.2890,10.2580,10.2750,16800
2011-06-07 07:22:00,10.2830,10.2930,10.2590,10.2750,5600
2011-06-07 07:21:00,10.2830,10.2930,10.2630,10.2790,2800
2011-06-07 07:19:00,10.2820,10.2920,10.2620,10.2780,27860
2011-06-07 07:15:00,10.2830,10.2930,10.2630,10.2790,13720
2011-06-07 07:11:00,10.2820,10.2930,10.2620,10.2790,14000
2011-06-07 07:10:00,10.2830,10.2930,10.2590,10.2750,5600
2011-06-07 07:04:00,10.2790,10.2890,10.2590,10.2750,3248
2011-06-07 07:03:00,10.2640,10.2890,10.2440,10.2750,6020
2011-06-07 07:02:00,10.2790,10.2890,10.2590,10.2750,5600
2011-06-07 07:01:00,10.2820,10.2960,10.2620,10.2810,16800
2011-06-07 06:20:00,10.3030,10.3130,10.2830,10.2990,2800
2011-06-07 06:00:00,10.3050,10.3190,10.2860,10.3050,14000
2011-06-07 04:56:00,10.3090,10.3190,10.2890,10.3050,2800
2011-06-07 04:38:00,10.3090,10.3190,10.2890,10.3050,2800
2011-06-07 04:02:00,10.2820,10.2920,10.2620,10.2780,2800
2011-06-07 04:00:00,10.2820,10.2920,10.2620,10.2780,2800
2011-06-06 19:58:00,10.2180,10.2290,10.1990,10.2150,16240
2011-06-06 19:53:00,10.2180,10.2290,10.1990,10.2150,21476
2011-06-06 19:52:00,10.2180,10.2290,10.1990,10.2150,11200
2011-06-06 19:51:00,10.2170,10.2290,10.1970,10.2150,27636
2011-06-06 19:49:00,10.2170,10.2270,10.1970,10.2130,5600
2011-06-06 19:48:00,10.2170,10.2270,10.1970,10.2130,13720
2011-06-06 19:46:00,10.2170,10.2270,10.1960,10.2120,5600
2011-06-06 19:36:00,10.2160,10.2270,10.1970,10.2120,2800
2011-06-06 19:34:00,10.2150,10.2260,10.1960,10.2120,5600
2011-06-06 19:33:00,10.2150,10.2260,10.1950,10.2120,28000
2011-06-06 19:32:00,10.2150,10.2250,10.1950,10.2110,15400
2011-06-06 19:29:00,10.2140,10.2240,10.1940,10.2100,5600
2011-06-06 19:28:00,10.2140,10.2240,10.1940,10.2100,5600
2011-06-06 19:21:00,10.2170,10.2270,10.1970,10.2130,2800
2011-06-06 19:18:00,10.2170,10.2270,10.1970,10.2130,20720
2011-06-06 19:16:00,10.2160,10.2260,10.1960,10.2120,8092
2011-06-06 19:13:00,10.2140,10.2240,10.1940,10.2100,5600
2011-06-06 19:11:00,10.2140,10.2240,10.1940,10.2100,8540
2011-06-06 19:10:00,10.2140,10.2240,10.1940,10.2100,5460
2011-06-06 19:07:00,10.2120,10.2240,10.1920,10.2100,20720
2011-06-06 19:05:00,10.2120,10.2220,10.1920,10.2080,6216
2011-06-06 19:04:00,10.2120,10.2230,10.1920,10.2080,8568
2011-06-06 19:01:00,10.2150,10.2250,10.1950,10.2110,2800
2011-06-06 18:47:00,10.2150,10.2250,10.1950,10.2110,2800
2011-06-06 18:46:00,10.2120,10.2230,10.1930,10.2090,2800
2011-06-06 18:45:00,10.2150,10.2250,10.1930,10.2090,10500
2011-06-06 18:44:00,10.2090,10.2200,10.1900,10.2060,5572
2011-06-06 18:43:00,10.2090,10.2190,10.1890,10.2050,2800
2011-06-06 18:42:00,10.2080,10.2180,10.1880,10.2040,5600
2011-06-06 18:41:00,10.2040,10.2140,10.1840,10.2000,2800
2011-06-06 18:38:00,10.2080,10.2180,10.1880,10.2040,5600
2011-06-06 18:36:00,10.2040,10.2140,10.1840,10.2000,2800
2011-06-06 18:30:00,10.2090,10.2200,10.1900,10.2060,14000
2011-06-06 18:29:00,10.2080,10.2180,10.1840,10.2000,27188
2011-06-06 18:25:00,10.2020,10.2120,10.1820,10.1980,2800
2011-06-06 18:23:00,10.2030,10.2140,10.1840,10.1990,8400
2011-06-06 18:22:00,10.2040,10.2180,10.1820,10.2040,14000
2011-06-06 18:20:00,10.2030,10.2170,10.1840,10.1990,30100
2011-06-06 18:18:00,10.2060,10.2200,10.1870,10.2060,14000
2011-06-06 18:17:00,10.2050,10.2150,10.1850,10.2010,8400
2011-06-06 18:16:00,10.2030,10.2140,10.1840,10.1990,5600
2011-06-06 18:13:00,10.2000,10.2140,10.1810,10.1990,23884
2011-06-06 18:11:00,10.2020,10.2130,10.1820,10.1980,13440
2011-06-06 18:10:00,10.2020,10.2130,10.1830,10.1990,2800
2011-06-06 18:09:00,10.2500,10.2600,10.1830,10.1990,104944
2011-06-06 18:08:00,10.2040,10.2180,10.1840,10.2000,17780
2011-06-06 18:07:00,10.2090,10.2190,10.1890,10.2050,6272
2011-06-06 18:06:00,10.2080,10.2190,10.1890,10.2050,4928
2011-06-06 18:04:00,10.2040,10.2140,10.1840,10.2000,2800
2011-06-06 18:03:00,10.2020,10.2130,10.1830,10.1990,8400
2011-06-06 18:00:00,10.2040,10.2140,10.1840,10.2000,5264
2011-06-06 17:59:00,10.2040,10.2150,10.1840,10.2000,8736
2011-06-06 17:56:00,10.2090,10.2200,10.1900,10.2060,14000
2011-06-06 17:55:00,10.2100,10.2210,10.1900,10.2060,53340
2011-06-06 17:54:00,10.2130,10.2270,10.1930,10.2090,88648
2011-06-06 17:53:00,10.2150,10.2250,10.1940,10.2090,5600
2011-06-06 17:52:00,10.2130,10.2240,10.1940,10.2090,2800
2011-06-06 17:51:00,10.2130,10.2240,10.1940,10.2090,2800
2011-06-06 17:49:00,10.2130,10.2230,10.1930,10.2090,2800
2011-06-06 17:47:00,10.2110,10.2230,10.1910,10.2090,21280
2011-06-06 17:46:00,10.2110,10.2220,10.1910,10.2080,11900
2011-06-06 17:45:00,10.2110,10.2210,10.1910,10.2070,7000
2011-06-06 17:44:00,10.2090,10.2200,10.1900,10.2060,5600
2011-06-06 17:42:00,10.2100,10.2210,10.1880,10.2040,19600
2011-06-06 17:41:00,10.2070,10.2170,10.1870,10.2030,4900
2011-06-06 17:38:00,10.2070,10.2190,10.1880,10.2050,22400
2011-06-06 17:37:00,10.2050,10.2150,10.1850,10.2010,2800
2011-06-06 17:36:00,10.2040,10.2170,10.1840,10.2030,9576
2011-06-06 17:35:00,10.2000,10.2110,10.1780,10.1960,22876
2011-06-06 17:34:00,10.2000,10.2110,10.1810,10.1960,5180
2011-06-06 17:33:00,10.2020,10.2120,10.1800,10.1960,8400
2011-06-06 17:32:00,10.2000,10.2130,10.1770,10.1960,24780
2011-06-06 17:31:00,10.1990,10.2090,10.1790,10.1950,5600
2011-06-06 17:30:00,10.2000,10.2120,10.1810,10.1980,28000
2011-06-06 17:29:00,10.1980,10.2080,10.1780,10.1940,19600
2011-06-06 17:28:00,10.2000,10.2100,10.1780,10.1940,38780
2011-06-06 17:27:00,10.2050,10.2150,10.1780,10.1950,102592
2011-06-06 17:26:00,10.2050,10.2150,10.1850,10.2010,28700
2011-06-06 17:25:00,10.2040,10.2140,10.1840,10.2000,2800
2011-06-06 17:24:00,10.2050,10.2170,10.1840,10.2030,115388
2011-06-06 17:23:00,10.2000,10.2140,10.1800,10.2000,166796
2011-06-06 17:22:00,10.1990,10.2110,10.1770,10.1940,54404
2011-06-06 17:21:00,10.1970,10.2070,10.1760,10.1930,160244
2011-06-06 17:20:00,10.1970,10.2090,10.1760,10.1950,52220
2011-06-06 17:19:00,10.1980,10.2080,10.1760,10.1920,165704
2011-06-06 17:18:00,10.2030,10.2140,10.1780,10.1940,37100
2011-06-06 17:17:00,10.2040,10.2150,10.1750,10.1990,159600
2011-06-06 17:16:00,10.2070,10.2180,10.1840,10.2000,131460
2011-06-06 17:15:00,10.2120,10.2270,10.1870,10.2120,111048
2011-06-06 17:14:00,10.2280,10.2380,10.1990,10.2150,167048
2011-06-06 17:12:00,10.2300,10.2400,10.2100,10.2260,2800
2011-06-06 17:11:00,10.2280,10.2380,10.2080,10.2240,14000
2011-06-06 17:10:00,10.2260,10.2380,10.2060,10.2240,19600
2011-06-06 17:09:00,10.2260,10.2370,10.2050,10.2220,112896
2011-06-06 17:08:00,10.2280,10.2380,10.2060,10.2220,12432
2011-06-06 17:07:00,10.2260,10.2410,10.2060,10.2260,5600
2011-06-06 17:06:00,10.2260,10.2370,10.2060,10.2220,22400
2011-06-06 17:05:00,10.2280,10.2410,10.2080,10.2260,11200
2011-06-06 17:04:00,10.2260,10.2420,10.2060,10.2280,36400
2011-06-06 17:03:00,10.2310,10.2410,10.2110,10.2270,14140
2011-06-06 17:02:00,10.2320,10.2420,10.2100,10.2260,28000
2011-06-06 17:01:00,10.2330,10.2430,10.2130,10.2290,22400
2011-06-06 17:00:00,10.4180,10.4280,10.2130,10.2290,14000
2011-06-06 16:59:00,10.2310,10.2420,10.2110,10.2280,8400
2011-06-06 16:58:00,10.2330,10.2430,10.2130,10.2290,22400
2011-06-06 16:56:00,10.2330,10.2430,10.2130,10.2290,5600
2011-06-06 16:55:00,10.2330,10.2450,10.2140,10.2300,75600
2011-06-06 16:53:00,10.2280,10.2380,10.2080,10.2240,5600
2011-06-06 16:52:00,10.2300,10.2400,10.2100,10.2260,8400
2011-06-06 16:51:00,10.2280,10.2380,10.2050,10.2240,55860
2011-06-06 16:50:00,10.2310,10.2410,10.2080,10.2240,58800
2011-06-06 16:49:00,10.2360,10.2470,10.2110,10.2270,56000
2011-06-06 16:48:00,10.2350,10.2450,10.2150,10.2310,2800
2011-06-06 16:47:00,10.2380,10.2480,10.2170,10.2330,29400
2011-06-06 16:46:00,10.2400,10.2500,10.2200,10.2360,17920
2011-06-06 16:45:00,10.2410,10.2520,10.2210,10.2370,9940
2011-06-06 16:43:00,10.2430,10.2540,10.2240,10.2390,8400
2011-06-06 16:40:00,10.2440,10.2550,10.2240,10.2400,2800
2011-06-06 16:38:00,10.2460,10.2560,10.2260,10.2420,5600
2011-06-06 16:30:00,10.2460,10.2560,10.2260,10.2420,2800
2011-06-06 16:26:00,10.2460,10.2590,10.2260,10.2450,121044
2011-06-06 16:25:00,10.2450,10.2560,10.2250,10.2420,8400
2011-06-06 16:24:00,10.2440,10.2550,10.2250,10.2410,2800
2011-06-06 16:23:00,10.2460,10.2560,10.2260,10.2420,2800
2011-06-06 16:22:00,10.2460,10.2570,10.2270,10.2420,8400
2011-06-06 16:20:00,10.2460,10.2570,10.2260,10.2420,33404
2011-06-06 16:19:00,10.2460,10.2570,10.2270,10.2430,42000
2011-06-06 16:18:00,10.2500,10.2610,10.2300,10.2460,178416
2011-06-06 16:17:00,10.2460,10.2570,10.2260,10.2420,30800
2011-06-06 16:16:00,10.2430,10.2530,10.2230,10.2390,2800
2011-06-06 16:15:00,10.2440,10.2580,10.2240,10.2440,17136
2011-06-06 16:14:00,10.2460,10.2560,10.2260,10.2420,3080
2011-06-06 16:13:00,10.2460,10.2580,10.2260,10.2440,12600
2011-06-06 16:12:00,10.2460,10.2560,10.2260,10.2420,8400
2011-06-06 16:11:00,10.2470,10.3880,10.2260,10.2450,85400
2011-06-06 16:09:00,10.2460,10.2590,10.2260,10.2450,39200
2011-06-06 16:08:00,10.2460,10.2580,10.2260,10.2430,6804
2011-06-06 16:07:00,10.2430,10.2560,10.2230,10.2390,12796
2011-06-06 16:06:00,10.2470,10.2610,10.2240,10.2400,1381296
2011-06-06 16:05:00,10.2470,10.2580,10.2270,10.2430,5600
2011-06-06 16:04:00,10.2470,10.2580,10.2270,10.2430,11060
2011-06-06 16:03:00,10.2480,10.2590,10.2290,10.2450,14000
2011-06-06 16:02:00,10.2500,10.2600,10.2290,10.2450,19320
2011-06-06 16:01:00,10.2480,10.2600,10.2270,10.2430,29988
2011-06-06 16:00:00,10.2500,10.2610,10.2250,10.2460,4574836
2011-06-06 15:59:00,10.2500,10.2610,10.2250,10.2470,4455836
2011-06-06 15:58:00,10.2510,10.2620,10.2290,10.2460,4698624
2011-06-06 15:57:00,10.2520,10.2630,10.2290,10.2470,3256512
2011-06-06 15:56:00,10.2520,10.2670,10.2310,10.2480,2574040
2011-06-06 15:55:00,10.2510,10.2630,10.2300,10.2480,1753528
2011-06-06 15:54:00,10.2540,10.2650,10.2310,10.2480,1714076
2011-06-06 15:53:00,10.2510,10.2660,10.2310,10.2500,1853880
2011-06-06 15:52:00,10.2550,10.2660,10.2310,10.2480,1857632
2011-06-06 15:51:00,10.2550,10.2720,10.2340,10.2510,1688736
2011-06-06 15:50:00,10.2650,10.2760,10.2320,10.2520,2088604
2011-06-06 15:49:00,10.2690,10.2810,10.2400,10.2600,1499540
2011-06-06 15:48:00,10.2700,10.2830,10.2440,10.2650,1231664
2011-06-06 15:47:00,10.2790,10.2930,10.2500,10.2670,976920
2011-06-06 15:46:00,10.2770,10.2900,10.2520,10.2740,1153964
2011-06-06 15:45:00,10.2860,10.3000,10.2530,10.2730,1900080
2011-06-06 15:44:00,10.2950,10.3050,10.2630,10.2830,1109864
2011-06-06 15:43:00,10.3010,10.3160,10.2750,10.2920,1429316
2011-06-06 15:42:00,10.2940,10.3120,10.2730,10.2980,2460024
2011-06-06 15:41:00,10.2890,10.3050,10.2680,10.2900,1413328
2011-06-06 15:40:00,10.2800,10.3000,10.2590,10.2840,1013572
2011-06-06 15:39:00,10.2790,10.2920,10.2570,10.2760,646716
2011-06-06 15:38:00,10.2720,10.2910,10.2530,10.2760,760340
2011-06-06 15:37:00,10.2800,10.2920,10.2500,10.2680,1178996
2011-06-06 15:36:00,10.2760,10.2900,10.2470,10.2760,1264172
2011-06-06 15:35:00,10.2860,10.2980,10.2540,10.2730,1839768
2011-06-06 15:34:00,10.2910,10.3030,10.2640,10.2810,1462972
2011-06-06 15:33:00,10.2830,10.3040,10.2630,10.2880,1892632
2011-06-06 15:32:00,10.2860,10.2990,10.2560,10.2820,2097172
2011-06-06 15:31:00,10.2750,10.3000,10.2520,10.2820,2237704
2011-06-06 15:30:00,10.2700,10.2870,10.2480,10.2720,1043672
2011-06-06 15:29:00,10.2680,10.2800,10.2430,10.2650,1053752
2011-06-06 15:28:00,10.2620,10.2820,10.2400,10.2600,1720376
2011-06-06 15:27:00,10.2570,10.2720,10.2350,10.2570,615944
2011-06-06 15:26:00,10.2620,10.2750,10.2330,10.2520,1445948
2011-06-06 15:25:00,10.2510,10.2720,10.2310,10.2580,1110396
2011-06-06 15:24:00,10.2560,10.2710,10.2310,10.2490,1247848
2011-06-06 15:23:00,10.2550,10.2670,10.2320,10.2520,778568
2011-06-06 15:22:00,10.2510,10.2680,10.2300,10.2520,815444
2011-06-06 15:21:00,10.2490,10.2620,10.2240,10.2460,1091104
2011-06-06 15:20:00,10.2600,10.2720,10.2240,10.2420,1197672
2011-06-06 15:19:00,10.2490,10.2750,10.2280,10.2570,1756720
2011-06-06 15:18:00,10.2470,10.2620,10.2230,10.2430,1068172
2011-06-06 15:17:00,10.2530,10.2650,10.2250,10.2430,1046948
2011-06-06 15:16:00,10.2580,10.2710,10.2240,10.2500,1781444
2011-06-06 15:15:00,10.2680,10.2790,10.2380,10.2580,941360
2011-06-06 15:14:00,10.2610,10.2780,10.2400,10.2630,1222004
2011-06-06 15:13:00,10.2490,10.2770,10.2290,10.2560,1174572
2011-06-06 15:12:00,10.2550,10.2740,10.2290,10.2450,1460760
2011-06-06 15:11:00,10.2680,10.2820,10.2310,10.2510,1262184
2011-06-06 15:10:00,10.2700,10.2820,10.2400,10.2650,1377320
2011-06-06 15:09:00,10.2710,10.2840,10.2450,10.2680,1015588
2011-06-06 15:08:00,10.2670,10.2850,10.2460,10.2670,1645140
2011-06-06 15:07:00,10.2580,10.2780,10.2300,10.2630,2032604
2011-06-06 15:06:00,10.2540,10.2680,10.2280,10.2540,2975868
2011-06-06 15:05:00,10.2550,10.2770,10.2310,10.2500,2800000
2011-06-06 15:04:00,10.2750,10.2890,10.2340,10.2500,2965676
2011-06-06 15:03:00,10.2840,10.2970,10.2520,10.2740,1169280
2011-06-06 15:02:00,10.2860,10.3000,10.2590,10.2800,1306060
2011-06-06 15:01:00,10.2900,10.3110,10.2620,10.2820,2239748
2011-06-06 15:00:00,10.2870,10.3040,10.2650,10.2870,1185408
2011-06-06 14:59:00,10.2890,10.3020,10.2540,10.2830,3038084
2011-06-06 14:58:00,10.3050,10.3150,10.2660,10.2870,1332044
2011-06-06 14:57:00,10.2940,10.3150,10.2650,10.3010,1843856
2011-06-06 14:56:00,10.2820,10.3080,10.2550,10.2920,2310280
2011-06-06 14:55:00,10.2800,10.2960,10.2490,10.2760,3148432
2011-06-06 14:54:00,10.2850,10.3020,10.2590,10.2760,1813504
2011-06-06 14:53:00,10.3030,10.3200,10.2630,10.2820,4234300
2011-06-06 14:52:00,10.2980,10.3150,10.2750,10.2990,954632
2011-06-06 14:51:00,10.3010,10.3130,10.2780,10.2950,1020068
2011-06-06 14:50:00,10.3000,10.3160,10.2770,10.2990,1064812
2011-06-06 14:49:00,10.3050,10.3210,10.2740,10.2960,2891756
2011-06-06 14:48:00,10.3170,10.3300,10.2830,10.3000,3129504
2011-06-06 14:47:00,10.3220,10.3330,10.2900,10.3140,1463504
2011-06-06 14:46:00,10.3240,10.3350,10.2990,10.3170,506800
2011-06-06 14:45:00,10.3220,10.3380,10.2990,10.3210,950964
2011-06-06 14:44:00,10.3210,10.3330,10.2970,10.3180,948248
2011-06-06 14:43:00,10.3120,10.3310,10.2890,10.3170,1756272
2011-06-06 14:42:00,10.3190,10.3310,10.2920,10.3080,1323588
2011-06-06 14:41:00,10.3260,10.3380,10.2970,10.3150,984732
2011-06-06 14:40:00,10.3320,10.3420,10.3030,10.3230,1293432
2011-06-06 14:39:00,10.3340,10.3450,10.3110,10.3280,329140
2011-06-06 14:38:00,10.3320,10.3470,10.3110,10.3310,559216
2011-06-06 14:37:00,10.3330,10.3460,10.3080,10.3280,1022980
2011-06-06 14:36:00,10.3400,10.3520,10.3120,10.3280,1200444
2011-06-06 14:35:00,10.3420,10.3590,10.3170,10.3370,1054116
2011-06-06 14:34:00,10.3370,10.3540,10.3170,10.3360,619976
2011-06-06 14:33:00,10.3420,10.3530,10.3140,10.3330,776636
2011-06-06 14:32:00,10.3490,10.3610,10.3170,10.3390,898492
2011-06-06 14:31:00,10.3490,10.3630,10.3260,10.3470,625548
2011-06-06 14:30:00,10.3500,10.3610,10.3240,10.3440,425852
2011-06-06 14:29:00,10.3570,10.3690,10.3270,10.3480,595868
2011-06-06 14:28:00,10.3480,10.3700,10.3260,10.3550,737240
2011-06-06 14:27:00,10.3500,10.3620,10.3220,10.3420,1457400
2011-06-06 14:26:00,10.3630,10.3740,10.3260,10.3470,2023504
2011-06-06 14:25:00,10.3620,10.3800,10.3390,10.3600,1272516
2011-06-06 14:24:00,10.3590,10.3740,10.3390,10.3580,1279264
2011-06-06 14:23:00,10.3580,10.3710,10.3380,10.3560,1031016
2011-06-06 14:22:00,10.3610,10.3770,10.3350,10.3520,2604560
2011-06-06 14:21:00,10.3550,10.3760,10.3330,10.3550,1560748
2011-06-06 14:20:00,10.3480,10.3710,10.3240,10.3520,2145836
2011-06-06 14:19:00,10.3440,10.3600,10.3200,10.3440,746676
2011-06-06 14:18:00,10.3390,10.3550,10.3190,10.3400,482692
2011-06-06 14:17:00,10.3350,10.3520,10.3140,10.3350,639968
2011-06-06 14:16:00,10.3410,10.3520,10.3140,10.3320,558096
2011-06-06 14:15:00,10.3370,10.3520,10.3150,10.3380,384608
2011-06-06 14:14:00,10.3350,10.3510,10.3120,10.3330,1322272
2011-06-06 14:13:00,10.3480,10.3590,10.3140,10.3320,576632
2011-06-06 14:12:00,10.3480,10.3650,10.3240,10.3460,1242752
2011-06-06 14:11:00,10.3420,10.3620,10.3210,10.3420,713160
2011-06-06 14:10:00,10.3420,10.3540,10.3130,10.3370,1217272
2011-06-06 14:09:00,10.3300,10.3580,10.3090,10.3360,1873480
2011-06-06 14:08:00,10.3280,10.3450,10.3020,10.3250,941164
2011-06-06 14:07:00,10.3200,10.3400,10.2980,10.3250,773164
2011-06-06 14:06:00,10.3370,10.3470,10.3000,10.3160,609476
2011-06-06 14:05:00,10.3350,10.3480,10.3130,10.3330,362040
2011-06-06 14:04:00,10.3380,10.3490,10.3020,10.3310,777084
2011-06-06 14:03:00,10.3390,10.3530,10.3070,10.3340,934724
2011-06-06 14:02:00,10.3390,10.3570,10.3130,10.3370,1188852
2011-06-06 14:01:00,10.3220,10.3550,10.2940,10.3340,2041536
2011-06-06 14:00:00,10.3110,10.3360,10.2880,10.3170,1670956
2011-06-06 13:59:00,10.3190,10.3300,10.2890,10.3060,2072812
2011-06-06 13:58:00,10.3190,10.3350,10.2950,10.3170,1069684
2011-06-06 13:57:00,10.3200,10.3330,10.2930,10.3160,1358840
2011-06-06 13:56:00,10.3240,10.3430,10.2990,10.3160,1199688
2011-06-06 13:55:00,10.3450,10.3560,10.3030,10.3190,958692
2011-06-06 13:54:00,10.3510,10.3620,10.3140,10.3410,1181964
2011-06-06 13:53:00,10.3410,10.3650,10.3210,10.3480,1434160
2011-06-06 13:52:00,10.3420,10.3550,10.3160,10.3370,1026648
2011-06-06 13:51:00,10.3380,10.3580,10.3190,10.3390,1163176
2011-06-06 13:50:00,10.3340,10.3550,10.3120,10.3380,2185904
2011-06-06 13:49:00,10.3320,10.3460,10.3110,10.3280,1399188
2011-06-06 13:48:00,10.3290,10.3480,10.3060,10.3280,2679656
2011-06-06 13:47:00,10.3150,10.3400,10.2890,10.3250,2070096
2011-06-06 13:46:00,10.3090,10.3290,10.2840,10.3110,3595928
2011-06-06 13:45:00,10.3180,10.3360,10.2890,10.3060,2548112
2011-06-06 13:44:00,10.3350,10.3460,10.2940,10.3140,3561656
2011-06-06 13:43:00,10.3430,10.3570,10.3140,10.3340,926856
2011-06-06 13:42:00,10.3420,10.3610,10.3160,10.3390,1183252
2011-06-06 13:41:00,10.3370,10.3540,10.3050,10.3390,2699760
2011-06-06 13:40:00,10.3580,10.3680,10.3050,10.3330,3517864
2011-06-06 13:39:00,10.3520,10.3730,10.3320,10.3520,798308
2011-06-06 13:38:00,10.3550,10.3710,10.3300,10.3510,997500
2011-06-06 13:37:00,10.3530,10.3730,10.3310,10.3510,1085616
2011-06-06 13:36:00,10.3490,10.3670,10.3270,10.3520,1126860
2011-06-06 13:35:00,10.3550,10.3680,10.3220,10.3420,1982792
2011-06-06 13:34:00,10.3570,10.3720,10.3300,10.3540,1294860
2011-06-06 13:33:00,10.3720,10.3820,10.3200,10.3510,3835020
2011-06-06 13:32:00,10.3790,10.3940,10.3500,10.3670,403312
2011-06-06 13:31:00,10.3870,10.3990,10.3540,10.3750,695156
2011-06-06 13:30:00,10.3710,10.4000,10.3450,10.3830,1593284
2011-06-06 13:29:00,10.3730,10.3930,10.3520,10.3680,957712
2011-06-06 13:28:00,10.3750,10.3910,10.3500,10.3700,1077076
2011-06-06 13:27:00,10.3690,10.3910,10.3470,10.3700,2721824
2011-06-06 13:26:00,10.3890,10.4000,10.3430,10.3630,2854488
2011-06-06 13:25:00,10.3920,10.4060,10.3580,10.3840,937804
2011-06-06 13:24:00,10.3770,10.4070,10.3540,10.3900,1324288
2011-06-06 13:23:00,10.4080,10.4180,10.3540,10.3700,2058896
2011-06-06 13:22:00,10.3880,10.4180,10.3650,10.4040,1721132
2011-06-06 13:21:00,10.4190,10.4320,10.3640,10.3830,3846864
2011-06-06 13:20:00,10.4300,10.4410,10.3990,10.4150,493864
2011-06-06 13:19:00,10.4150,10.4440,10.3950,10.4280,937944
2011-06-06 13:18:00,10.4320,10.4420,10.3940,10.4120,1764588
2011-06-06 13:17:00,10.4270,10.4420,10.4050,10.4270,699020
2011-06-06 13:16:00,10.4430,10.4540,10.4050,10.4230,964152
2011-06-06 13:15:00,10.4340,10.4550,10.4110,10.4390,1165892
2011-06-06 13:14:00,10.4250,10.4470,10.4040,10.4310,1397760
2011-06-06 13:13:00,10.4330,10.4440,10.4030,10.4220,1177932
2011-06-06 13:12:00,10.4270,10.4490,10.4060,10.4290,974036
2011-06-06 13:11:00,10.4330,10.4480,10.4040,10.4230,1090180
2011-06-06 13:10:00,10.4270,10.4440,10.4050,10.4290,644224
2011-06-06 13:09:00,10.4240,10.4450,10.4030,10.4230,1020236
2011-06-06 13:08:00,10.4260,10.4400,10.3990,10.4210,674632
2011-06-06 13:07:00,10.4260,10.4420,10.3980,10.4210,1294076
2011-06-06 13:06:00,10.4310,10.4420,10.3960,10.4220,1017380
2011-06-06 13:05:00,10.4140,10.4460,10.3910,10.4250,2110136
2011-06-06 13:04:00,10.4440,10.4550,10.3890,10.4110,3473064
2011-06-06 13:03:00,10.4530,10.4680,10.4200,10.4400,1151948
2011-06-06 13:02:00,10.4440,10.4640,10.4190,10.4500,1340724
2011-06-06 13:01:00,10.4400,10.4530,10.4190,10.4380,466732
2011-06-06 13:00:00,10.4350,10.4500,10.4140,10.4350,787360
2011-06-06 12:59:00,10.4310,10.4480,10.4110,10.4310,406980
2011-06-06 12:58:00,10.4280,10.4470,10.4070,10.4290,377636
2011-06-06 12:57:00,10.4350,10.4460,10.4060,10.4230,417480
2011-06-06 12:56:00,10.4360,10.4480,10.4110,10.4320,646940
2011-06-06 12:55:00,10.4370,10.4510,10.4160,10.4350,343504
2011-06-06 12:54:00,10.4280,10.4490,10.4080,10.4330,501284
2011-06-06 12:53:00,10.4330,10.4460,10.4080,10.4250,700420
2011-06-06 12:52:00,10.4390,10.4500,10.4120,10.4300,448224
2011-06-06 12:51:00,10.4350,10.4510,10.4140,10.4350,519316
2011-06-06 12:50:00,10.4300,10.4460,10.4100,10.4300,352100
2011-06-06 12:49:00,10.4350,10.4460,10.4110,10.4270,352688
2011-06-06 12:48:00,10.4320,10.4450,10.4110,10.4310,179984
2011-06-06 12:47:00,10.4320,10.4450,10.4100,10.4270,132440
2011-06-06 12:46:00,10.4350,10.4460,10.4090,10.4280,378448
2011-06-06 12:45:00,10.4350,10.4470,10.4130,10.4310,229572
2011-06-06 12:44:00,10.4290,10.4460,10.4080,10.4310,438928
2011-06-06 12:43:00,10.4250,10.4410,10.4040,10.4260,241472
2011-06-06 12:42:00,10.4270,10.4390,10.4030,10.4200,430556
2011-06-06 12:41:00,10.4270,10.4430,10.4060,10.4250,710360
2011-06-06 12:40:00,10.4270,10.4380,10.4010,10.4230,280280
2011-06-06 12:39:00,10.4270,10.4390,10.3990,10.4240,376656
2011-06-06 12:38:00,10.4260,10.4390,10.4030,10.4250,336812
2011-06-06 12:37:00,10.4230,10.4410,10.4010,10.4200,921900
2011-06-06 12:36:00,10.4090,10.4340,10.3880,10.4180,914060
2011-06-06 12:35:00,10.4160,10.4280,10.3850,10.4060,1365196
2011-06-06 12:34:00,10.4250,10.4390,10.3960,10.4130,926660
2011-06-06 12:33:00,10.4360,10.4470,10.4030,10.4220,1610560
2011-06-06 12:32:00,10.4330,10.4460,10.4110,10.4310,410340
2011-06-06 12:31:00,10.4320,10.4450,10.4110,10.4280,757316
2011-06-06 12:30:00,10.4380,10.4490,10.4110,10.4300,878864
2011-06-06 12:29:00,10.4440,10.4550,10.4150,10.4340,780164
2011-06-06 12:28:00,10.4430,10.4560,10.4230,10.4400,436968
2011-06-06 12:27:00,10.4440,10.4550,10.4170,10.4370,572180
2011-06-06 12:26:00,10.4480,10.4590,10.4240,10.4410,341068
2011-06-06 12:25:00,10.4490,10.4600,10.4280,10.4450,282576
2011-06-06 12:24:00,10.4500,10.4620,10.4280,10.4450,126000
2011-06-06 12:23:00,10.4490,10.4610,10.4260,10.4460,396816
2011-06-06 12:22:00,10.4480,10.4610,10.4280,10.4450,137564
2011-06-06 12:21:00,10.4470,10.4600,10.4270,10.4440,334572
2011-06-06 12:20:00,10.4490,10.4600,10.4260,10.4420,532280
2011-06-06 12:19:00,10.4490,10.4620,10.4280,10.4450,186172
2011-06-06 12:18:00,10.4460,10.4610,10.4260,10.4460,159096
2011-06-06 12:17:00,10.4550,10.4660,10.4260,10.4430,374360
2011-06-06 12:16:00,10.4560,10.4670,10.4350,10.4520,162792
2011-06-06 12:15:00,10.4550,10.4660,10.4330,10.4500,64260
2011-06-06 12:14:00,10.4550,10.4660,10.4310,10.4510,323540
2011-06-06 12:13:00,10.4500,10.4670,10.4290,10.4520,173600
2011-06-06 12:12:00,10.4500,10.4620,10.4290,10.4460,135800
2011-06-06 12:11:00,10.4520,10.4650,10.4270,10.4460,201124
2011-06-06 12:10:00,10.4580,10.4700,10.4320,10.4480,320012
2011-06-06 12:09:00,10.4530,10.4700,10.4330,10.4540,254380
2011-06-06 12:08:00,10.4490,10.4640,10.4290,10.4500,116536
2011-06-06 12:07:00,10.4510,10.4640,10.4270,10.4450,622468
2011-06-06 12:06:00,10.4450,10.4640,10.4240,10.4490,265104
2011-06-06 12:05:00,10.4420,10.4580,10.4190,10.4420,1024352
2011-06-06 12:04:00,10.4520,10.4640,10.4230,10.4400,669564
2011-06-06 12:03:00,10.4540,10.4650,10.4310,10.4480,98000
2011-06-06 12:02:00,10.4510,10.4660,10.4310,10.4490,219940
2011-06-06 12:01:00,10.4470,10.4670,10.4270,10.4470,633640
2011-06-06 12:00:00,10.4480,10.4590,10.4260,10.4420,319368
2011-06-06 11:59:00,10.4490,10.4620,10.4280,10.4450,314468
2011-06-06 11:58:00,10.4510,10.4660,10.4290,10.4460,136836
2011-06-06 11:57:00,10.4520,10.4640,10.4290,10.4460,200228
2011-06-06 11:56:00,10.4560,10.4720,10.4320,10.4490,1135064
2011-06-06 11:55:00,10.4540,10.4680,10.4320,10.4510,186872
2011-06-06 11:54:00,10.4470,10.4640,10.4260,10.4490,603792
2011-06-06 11:53:00,10.4540,10.4650,10.4270,10.4430,431508
2011-06-06 11:52:00,10.4510,10.4660,10.4310,10.4510,113568
2011-06-06 11:51:00,10.4520,10.4660,10.4300,10.4460,382900
2011-06-06 11:50:00,10.4530,10.4660,10.4290,10.4490,357364
2011-06-06 11:49:00,10.4560,10.4690,10.4330,10.4500,303968
2011-06-06 11:48:00,10.4590,10.4700,10.4340,10.4530,541044
2011-06-06 11:47:00,10.4620,10.4730,10.4380,10.4550,388192
2011-06-06 11:46:00,10.4610,10.4750,10.4410,10.4580,177688
2011-06-06 11:45:00,10.4650,10.4760,10.4410,10.4570,446656
2011-06-06 11:44:00,10.4670,10.4810,10.4440,10.4620,259840
2011-06-06 11:43:00,10.4740,10.4850,10.4470,10.4640,247072
2011-06-06 11:42:00,10.4690,10.4850,10.4470,10.4690,171052
2011-06-06 11:41:00,10.4740,10.4850,10.4470,10.4640,554764
2011-06-06 11:40:00,10.4730,10.4870,10.4500,10.4710,471380
2011-06-06 11:39:00,10.4720,10.4870,10.4510,10.4680,1217608
2011-06-06 11:38:00,10.4740,10.4860,10.4500,10.4680,524720
2011-06-06 11:37:00,10.4750,10.4870,10.4510,10.4680,797552
2011-06-06 11:36:00,10.4850,10.4960,10.4560,10.4730,416612
2011-06-06 11:35:00,10.4760,10.4990,10.4560,10.4820,1472352
2011-06-06 11:34:00,10.4730,10.4870,10.4520,10.4720,269248
2011-06-06 11:33:00,10.4700,10.4860,10.4490,10.4700,410788
2011-06-06 11:32:00,10.4730,10.4840,10.4470,10.4650,264264
2011-06-06 11:31:00,10.4700,10.4840,10.4490,10.4690,410256
2011-06-06 11:30:00,10.4720,10.4840,10.4470,10.4660,382088
2011-06-06 11:29:00,10.4710,10.4850,10.4490,10.4700,510664
2011-06-06 11:28:00,10.4710,10.4830,10.4490,10.4670,403564
2011-06-06 11:27:00,10.4740,10.4840,10.4500,10.4680,474292
2011-06-06 11:26:00,10.4710,10.4840,10.4490,10.4700,563780
2011-06-06 11:25:00,10.4690,10.4830,10.4480,10.4670,314300
2011-06-06 11:24:00,10.4610,10.4790,10.4400,10.4650,276640
2011-06-06 11:23:00,10.4670,10.4780,10.4390,10.4560,319004
2011-06-06 11:22:00,10.4640,10.4780,10.4420,10.4620,244356
2011-06-06 11:21:00,10.4560,10.4760,10.4340,10.4600,627340
2011-06-06 11:20:00,10.4500,10.4700,10.4290,10.4540,252056
2011-06-06 11:19:00,10.4560,10.4680,10.4270,10.4450,376936
2011-06-06 11:18:00,10.4550,10.4700,10.4340,10.4530,284536
2011-06-06 11:17:00,10.4540,10.4660,10.4310,10.4500,538468
2011-06-06 11:16:00,10.4600,10.4720,10.4340,10.4510,465780
2011-06-06 11:15:00,10.4600,10.4720,10.4380,10.4560,223216
2011-06-06 11:14:00,10.4610,10.4720,10.4390,10.4560,491820
2011-06-06 11:13:00,10.4690,10.4800,10.4380,10.4570,531552
2011-06-06 11:12:00,10.4710,10.4820,10.4470,10.4640,318780
2011-06-06 11:11:00,10.4720,10.4850,10.4460,10.4690,646912
2011-06-06 11:10:00,10.4650,10.4820,10.4450,10.4670,624736
2011-06-06 11:09:00,10.4600,10.4770,10.4390,10.4610,435176
2011-06-06 11:08:00,10.4650,10.4760,10.4400,10.4560,278992
2011-06-06 11:07:00,10.4620,10.4750,10.4410,10.4600,310996
2011-06-06 11:06:00,10.4680,10.4790,10.4380,10.4570,726320
2011-06-06 11:05:00,10.4580,10.4780,10.4380,10.4630,1534876
2011-06-06 11:04:00,10.4550,10.4690,10.4330,10.4540,613424
2011-06-06 11:03:00,10.4550,10.4670,10.4330,10.4510,345352
2011-06-06 11:02:00,10.4540,10.4680,10.4320,10.4510,476560
2011-06-06 11:01:00,10.4400,10.4670,10.4190,10.4500,658084
2011-06-06 11:00:00,10.4420,10.4530,10.4110,10.4360,448196
2011-06-06 10:59:00,10.4430,10.4580,10.4230,10.4390,595952
2011-06-06 10:58:00,10.4370,10.4550,10.4150,10.4400,371280
2011-06-06 10:57:00,10.4360,10.4490,10.4140,10.4320,251888
2011-06-06 10:56:00,10.4320,10.4470,10.4060,10.4310,1017184
2011-06-06 10:55:00,10.4390,10.4500,10.4110,10.4290,506072
2011-06-06 10:54:00,10.4410,10.4540,10.4170,10.4360,266896
2011-06-06 10:53:00,10.4440,10.4610,10.4200,10.4380,577192
2011-06-06 10:52:00,10.4400,10.4560,10.4170,10.4410,324296
2011-06-06 10:51:00,10.4360,10.4510,10.4120,10.4360,573076
2011-06-06 10:50:00,10.4350,10.4490,10.4140,10.4330,694120
2011-06-06 10:49:00,10.4400,10.4520,10.4140,10.4320,646184
2011-06-06 10:48:00,10.4340,10.4510,10.4140,10.4370,876148
2011-06-06 10:47:00,10.4290,10.4480,10.4080,10.4310,999208
2011-06-06 10:46:00,10.4310,10.4440,10.4060,10.4270,443240
2011-06-06 10:45:00,10.4330,10.4470,10.4080,10.4290,773528
2011-06-06 10:44:00,10.4300,10.4480,10.4090,10.4290,1298948
2011-06-06 10:43:00,10.4310,10.4420,10.3950,10.4260,1990968
2011-06-06 10:42:00,10.4280,10.4480,10.4040,10.4270,1670060
2011-06-06 10:41:00,10.4480,10.4590,10.4080,10.4240,1864408
2011-06-06 10:40:00,10.4510,10.4630,10.4260,10.4440,931252
2011-06-06 10:39:00,10.4510,10.4660,10.4270,10.4470,562856
2011-06-06 10:38:00,10.4610,10.4720,10.4290,10.4470,834652
2011-06-06 10:37:00,10.4610,10.4730,10.4380,10.4560,389284
2011-06-06 10:36:00,10.4580,10.4750,10.4370,10.4600,692972
2011-06-06 10:35:00,10.4520,10.4710,10.4320,10.4550,742140
2011-06-06 10:34:00,10.4760,10.4860,10.4230,10.4500,4216240
2011-06-06 10:33:00,10.4770,10.4890,10.4530,10.4710,347984
2011-06-06 10:32:00,10.4730,10.4880,10.4510,10.4720,344680
2011-06-06 10:31:00,10.4740,10.4930,10.4500,10.4690,824096
2011-06-06 10:30:00,10.4820,10.4940,10.4430,10.4700,1553244
2011-06-06 10:29:00,10.4910,10.5020,10.4600,10.4780,826420
2011-06-06 10:28:00,10.4880,10.5020,10.4680,10.4870,801640
2011-06-06 10:27:00,10.4940,10.5060,10.4650,10.4840,1605016
2011-06-06 10:26:00,10.4860,10.5050,10.4640,10.4890,1521716
2011-06-06 10:25:00,10.4830,10.4990,10.4620,10.4820,599704
2011-06-06 10:24:00,10.4850,10.4970,10.4610,10.4800,512960
2011-06-06 10:23:00,10.4750,10.4990,10.4540,10.4820,1439256
2011-06-06 10:22:00,10.4790,10.4930,10.4540,10.4710,687624
2011-06-06 10:21:00,10.4750,10.4910,10.4530,10.4750,1023372
2011-06-06 10:20:00,10.4730,10.4870,10.4460,10.4690,978964
2011-06-06 10:19:00,10.4650,10.4860,10.4420,10.4690,1823416
2011-06-06 10:18:00,10.4780,10.4910,10.4360,10.4600,3117744
2011-06-06 10:17:00,10.4890,10.5000,10.4500,10.4750,2049684
2011-06-06 10:16:00,10.4960,10.5070,10.4670,10.4860,347928
2011-06-06 10:15:00,10.4940,10.5070,10.4680,10.4920,519344
2011-06-06 10:14:00,10.4840,10.5040,10.4630,10.4890,887040
2011-06-06 10:13:00,10.4970,10.5070,10.4600,10.4800,866376
2011-06-06 10:12:00,10.4990,10.5100,10.4710,10.4940,648424
2011-06-06 10:11:00,10.4880,10.5110,10.4650,10.4930,1286068
2011-06-06 10:10:00,10.4870,10.5030,10.4660,10.4840,916888
2011-06-06 10:09:00,10.5010,10.5120,10.4650,10.4820,1684844
2011-06-06 10:08:00,10.4980,10.5150,10.4740,10.4970,1463420
2011-06-06 10:07:00,10.4930,10.5130,10.4720,10.4950,1125264
2011-06-06 10:06:00,10.5030,10.5140,10.4720,10.4900,1524152
2011-06-06 10:05:00,10.5030,10.5220,10.4820,10.4990,1169084
2011-06-06 10:04:00,10.5090,10.5210,10.4770,10.4990,1494752
2011-06-06 10:03:00,10.5150,10.5290,10.4870,10.5060,1598744
2011-06-06 10:02:00,10.5130,10.5340,10.4880,10.5110,3424288
2011-06-06 10:01:00,10.5060,10.5240,10.4850,10.5060,2100980
2011-06-06 10:00:00,10.5010,10.5230,10.4800,10.5020,3129448
2011-06-06 09:59:00,10.4970,10.5150,10.4770,10.4970,1695400
2011-06-06 09:58:00,10.4890,10.5080,10.4660,10.4930,1197700
2011-06-06 09:57:00,10.4880,10.5030,10.4630,10.4840,1496796
2011-06-06 09:56:00,10.4840,10.5020,10.4610,10.4850,1466640
2011-06-06 09:55:00,10.4790,10.4990,10.4530,10.4820,1215984
2011-06-06 09:54:00,10.4870,10.4980,10.4570,10.4750,1356964
2011-06-06 09:53:00,10.5000,10.5130,10.4670,10.4830,1089816
2011-06-06 09:52:00,10.4850,10.5170,10.4650,10.4960,2353988
2011-06-06 09:51:00,10.4920,10.5060,10.4640,10.4840,1297744
2011-06-06 09:50:00,10.4910,10.5070,10.4690,10.4880,1747676
2011-06-06 09:49:00,10.4840,10.5020,10.4610,10.4870,1069544
2011-06-06 09:48:00,10.4900,10.5010,10.4610,10.4790,1476356
2011-06-06 09:47:00,10.4880,10.5010,10.4620,10.4860,1124004
2011-06-06 09:46:00,10.4850,10.5030,10.4630,10.4850,747152
2011-06-06 09:45:00,10.4930,10.5040,10.4620,10.4810,1018612
2011-06-06 09:44:00,10.4940,10.5100,10.4670,10.4920,2160872
2011-06-06 09:43:00,10.4830,10.5050,10.4590,10.4900,1368948
2011-06-06 09:42:00,10.4750,10.4990,10.4530,10.4780,2284828
2011-06-06 09:41:00,10.4670,10.4860,10.4470,10.4700,1223376
2011-06-06 09:40:00,10.4640,10.4840,10.4440,10.4650,1335236
2011-06-06 09:39:00,10.4570,10.4780,10.4370,10.4610,1580432
2011-06-06 09:38:00,10.4770,10.4880,10.4310,10.4530,2987348
2011-06-06 09:37:00,10.4700,10.4890,10.4470,10.4730,1932812
2011-06-06 09:36:00,10.4750,10.4870,10.4440,10.4640,1899884
2011-06-06 09:35:00,10.4830,10.4960,10.4510,10.4720,2612400
2011-06-06 09:34:00,10.4960,10.5090,10.4620,10.4780,2061584
2011-06-06 09:33:00,10.5020,10.5160,10.4730,10.4900,2327220
2011-06-06 09:32:00,10.4860,10.5190,10.4590,10.4980,3341520
2011-06-06 09:31:00,10.4820,10.5110,10.4590,10.4830,3430616
2011-06-06 09:30:00,10.4820,10.4950,10.4410,10.4720,4676056
2011-06-06 09:29:00,10.4770,10.4930,10.4560,10.4780,34804
2011-06-06 09:28:00,10.4820,10.4950,10.4600,10.4790,65800
2011-06-06 09:27:00,10.4880,10.4990,10.4660,10.4820,11200
2011-06-06 09:25:00,10.4870,10.5000,10.4670,10.4840,17360
2011-06-06 09:24:00,10.4870,10.4990,10.4670,10.4840,8400
2011-06-06 09:23:00,10.4880,10.4990,10.4680,10.4840,11200
2011-06-06 09:22:00,10.4880,10.4990,10.4670,10.4840,36400
2011-06-06 09:21:00,10.4880,10.4980,10.4670,10.4840,6244
2011-06-06 09:19:00,10.4830,10.4930,10.4620,10.4790,30240
2011-06-06 09:17:00,10.4830,10.4930,10.4620,10.4790,5600
2011-06-06 09:13:00,10.4860,10.4960,10.4620,10.4790,5600
2011-06-06 09:11:00,10.4890,10.4990,10.4690,10.4850,5600
2011-06-06 09:10:00,10.4860,10.4960,10.4660,10.4820,2800
2011-06-06 09:09:00,10.4850,10.4960,10.4650,10.4810,2800
2011-06-06 09:08:00,10.4860,10.4960,10.4640,10.4820,11200
2011-06-06 09:06:00,10.4860,10.4960,10.4660,10.4820,16800
2011-06-06 09:05:00,10.4890,10.5000,10.4650,10.4810,5600
2011-06-06 09:03:00,10.4850,10.5000,10.4650,10.4860,61600
2011-06-06 09:02:00,10.4900,10.5010,10.4680,10.4850,19600
2011-06-06 09:00:00,10.4880,10.4990,10.4680,10.4840,2800
2011-06-06 08:59:00,10.4870,10.4990,10.4590,10.4750,75208
2011-06-06 08:58:00,10.4850,10.4960,10.4650,10.4810,8400
2011-06-06 08:57:00,10.4870,10.4970,10.4670,10.4830,2800
2011-06-06 08:56:00,10.4870,10.4980,10.4670,10.4830,22876
2011-06-06 08:54:00,10.4910,10.5020,10.4680,10.4840,26516
2011-06-06 08:53:00,10.4910,10.5020,10.4710,10.4870,34580
2011-06-06 08:52:00,10.4910,10.5030,10.4680,10.4850,34636
2011-06-06 08:51:00,10.4910,10.5020,10.4710,10.4870,26516
2011-06-06 08:50:00,10.4910,10.5020,10.4710,10.4870,2800
2011-06-06 08:49:00,10.4910,10.5020,10.4710,10.4870,19348
2011-06-06 08:48:00,10.4910,10.5050,10.4670,10.4830,57680
2011-06-06 08:47:00,10.4930,10.5030,10.4710,10.4870,86800
2011-06-06 08:46:00,10.4960,10.5060,10.4750,10.4910,8400
2011-06-06 08:45:00,10.4940,10.5060,10.4720,10.4920,59640
2011-06-06 08:44:00,10.5000,10.5110,10.4770,10.4930,35700
2011-06-06 08:43:00,10.4990,10.5100,10.4770,10.4950,50848
2011-06-06 08:42:00,10.4960,10.5100,10.4760,10.4960,22400
2011-06-06 08:41:00,10.4990,10.5110,10.4770,10.4960,36484
2011-06-06 08:40:00,10.5020,10.5140,10.4770,10.4990,83160
2011-06-06 08:39:00,10.4990,10.5140,10.4770,10.4990,42000
2011-06-06 08:38:00,10.4880,10.5090,10.4680,10.4930,289828
2011-06-06 08:37:00,10.4850,10.4990,10.4630,10.4840,58352
2011-06-06 08:36:00,10.4840,10.4950,10.4640,10.4800,8400
2011-06-06 08:35:00,10.4850,10.4960,10.4630,10.4790,34160
2011-06-06 08:34:00,10.4830,10.4940,10.4620,10.4780,8400
2011-06-06 08:33:00,10.4850,10.4950,10.4640,10.4810,9492
2011-06-06 08:32:00,10.4880,10.4990,10.4640,10.4830,18116
2011-06-06 08:31:00,10.4860,10.4990,10.4660,10.4840,38640
2011-06-06 08:30:00,10.4820,10.5000,10.4620,10.4840,107996
2011-06-06 08:29:00,10.4830,10.4960,10.4630,10.4800,42000
2011-06-06 08:28:00,10.4830,10.4990,10.4630,10.4800,70560
2011-06-06 08:27:00,10.4790,10.4930,10.4590,10.4790,15624
2011-06-06 08:26:00,10.4790,10.4900,10.4570,10.4730,21000
2011-06-06 08:25:00,10.4710,10.4870,10.4510,10.4690,38276
2011-06-06 08:24:00,10.4750,10.4870,10.4530,10.4690,51100
2011-06-06 08:22:00,10.4740,10.4850,10.4490,10.4690,28000
2011-06-06 08:21:00,10.4670,10.4870,10.4470,10.4720,106316
2011-06-06 08:20:00,10.4730,10.4840,10.4530,10.4690,2800
2011-06-06 08:18:00,10.4720,10.4820,10.4440,10.4600,14560
2011-06-06 08:17:00,10.4710,10.4820,10.4510,10.4670,22400
2011-06-06 08:16:00,10.4750,10.4850,10.4480,10.4650,179928
2011-06-06 08:15:00,10.4760,10.4870,10.4540,10.4710,15960
2011-06-06 08:14:00,10.4760,10.4860,10.4560,10.4720,8960
2011-06-06 08:13:00,10.4770,10.4880,10.4510,10.4680,6468
2011-06-06 08:12:00,10.4780,10.4880,10.4570,10.4740,2800
2011-06-06 08:11:00,10.4790,10.4930,10.4510,10.4780,75040
2011-06-06 08:10:00,10.4760,10.4940,10.4560,10.4790,22624
2011-06-06 08:09:00,10.4720,10.4870,10.4510,10.4710,53340
2011-06-06 08:08:00,10.4630,10.4770,10.4430,10.4630,32956
2011-06-06 08:07:00,10.4600,10.4720,10.4400,10.4570,58688
2011-06-06 08:06:00,10.4550,10.4710,10.4350,10.4570,52920
2011-06-06 08:05:00,10.4610,10.4720,10.4270,10.4450,86800
2011-06-06 08:04:00,10.4430,10.4650,10.4220,10.4510,26740
2011-06-06 08:03:00,10.4440,10.4550,10.4190,10.4400,39340
2011-06-06 08:02:00,10.4470,10.4580,10.4230,10.4400,88032
2011-06-06 08:01:00,10.4580,10.4690,10.4260,10.4440,80080
2011-06-06 08:00:00,10.4530,10.4720,10.4280,10.4570,184856
2011-06-06 07:59:00,10.4530,10.4690,10.4330,10.4540,28000
2011-06-06 07:58:00,10.4530,10.4640,10.4330,10.4500,2800
2011-06-06 07:57:00,10.4490,10.4590,10.4290,10.4450,14000
2011-06-06 07:56:00,10.4520,10.4620,10.4320,10.4480,7000
2011-06-06 07:55:00,10.4530,10.4690,10.4330,10.4550,10360
2011-06-06 07:51:00,10.4470,10.4570,10.4270,10.4430,2800
2011-06-06 07:50:00,10.4580,10.4680,10.4330,10.4500,5600
2011-06-06 07:49:00,10.4530,10.4640,10.4330,10.4500,2800
2011-06-06 07:48:00,10.4520,10.4630,10.4320,10.4490,2800
2011-06-06 07:47:00,10.4580,10.4690,10.4380,10.4540,2800
2011-06-06 07:42:00,10.4440,10.4540,10.4240,10.4400,2800
2011-06-06 07:39:00,10.4610,10.4710,10.4400,10.4570,5600
2011-06-06 07:36:00,10.4610,10.4720,10.4410,10.4570,19600
2011-06-06 07:35:00,10.4610,10.4720,10.4410,10.4570,5600
2011-06-06 07:34:00,10.4640,10.4750,10.4440,10.4600,5600
2011-06-06 07:32:00,10.4670,10.4780,10.4440,10.4600,5600
2011-06-06 07:31:00,10.4520,10.4750,10.4320,10.4600,20160
2011-06-06 07:30:00,10.4540,10.4640,10.4330,10.4500,8400
2011-06-06 07:29:00,10.4520,10.4640,10.4310,10.4500,19600
2011-06-06 07:27:00,10.4460,10.4560,10.4260,10.4420,2800
2011-06-06 07:25:00,10.4410,10.4520,10.4210,10.4370,2800
2011-06-06 07:24:00,10.4410,10.4520,10.4210,10.4370,14000
2011-06-06 07:23:00,10.4410,10.4520,10.4210,10.4370,11200
2011-06-06 07:21:00,10.4400,10.4500,10.4200,10.4360,2800
2011-06-06 07:19:00,10.4430,10.4530,10.4230,10.4390,11200
2011-06-06 07:10:00,10.4310,10.4410,10.4110,10.4270,2800
2011-06-03 19:58:00,10.4140,10.4240,10.3940,10.4100,5600
2011-06-03 19:57:00,10.4140,10.4240,10.3940,10.4100,2800
2011-06-03 19:51:00,10.4140,10.4240,10.3940,10.4100,8400
2011-06-03 19:40:00,10.4140,10.4240,10.3940,10.4100,25200
2011-06-03 19:38:00,10.4150,10.4250,10.3950,10.4110,4200
2011-06-03 19:36:00,10.4140,10.4240,10.3940,10.4100,2800
2011-06-03 19:32:00,10.4140,10.4240,10.3940,10.4100,9352
2011-06-03 19:31:00,10.4140,10.4240,10.3940,10.4100,2800
2011-06-03 19:25:00,10.4140,10.4240,10.3940,10.4100,84000
2011-06-03 19:17:00,10.4140,10.4240,10.3940,10.4100,2800
2011-06-03 19:11:00,10.4150,10.4250,10.3950,10.4110,3220
2011-06-03 19:09:00,10.4150,10.4250,10.3950,10.4110,2800
2011-06-03 19:03:00,10.4150,10.4250,10.3950,10.4110,2968
2011-06-03 18:48:00,10.4150,10.4250,10.3950,10.4110,2940
2011-06-03 18:34:00,10.4150,10.4250,10.3950,10.4110,3892
2011-06-03 18:22:00,10.4150,10.4250,10.3940,10.4110,2800
2011-06-03 18:18:00,10.4150,10.4260,10.3950,10.4110,26600
2011-06-03 18:17:00,10.4150,10.4260,10.3950,10.4110,23100
2011-06-03 18:11:00,10.4140,10.4240,10.3910,10.4070,11984
2011-06-03 18:10:00,10.4140,10.4240,10.3940,10.4100,41048
2011-06-03 18:09:00,10.4120,10.4230,10.3920,10.4090,33600
2011-06-03 18:06:00,10.4120,10.4230,10.3920,10.4090,12320
2011-06-03 18:04:00,10.4120,10.4220,10.3920,10.4080,5600
2011-06-03 17:49:00,10.4090,10.4200,10.3890,10.4060,2800
2011-06-03 17:47:00,10.4090,10.4200,10.3890,10.4060,6692
2011-06-03 17:42:00,10.4120,10.4230,10.3920,10.4090,2800
2011-06-03 17:40:00,10.4120,10.4230,10.3920,10.4080,2800
2011-06-03 17:36:00,10.4120,10.4230,10.3920,10.4080,9324
2011-06-03 17:30:00,10.4100,10.4200,10.3900,10.4060,1290800
2011-06-03 17:23:00,10.4120,10.4220,10.3910,10.4080,5096
2011-06-03 17:20:00,10.4080,10.4190,10.3880,10.4040,3360
2011-06-03 17:14:00,10.4080,10.4180,10.3880,10.4040,7700
2011-06-03 17:13:00,10.4090,10.4190,10.3880,10.4040,26012
2011-06-03 17:12:00,10.4110,10.4220,10.3910,10.4070,8400
2011-06-03 17:07:00,10.4090,10.4190,10.3880,10.4050,2912
2011-06-03 17:03:00,10.4120,10.4230,10.3920,10.4080,2800
2011-06-03 16:56:00,10.4150,10.4260,10.3950,10.4110,2800
2011-06-03 16:48:00,10.4150,10.4250,10.3950,10.4110,2800
2011-06-03 16:46:00,10.4150,10.4250,10.3950,10.4110,5124
2011-06-03 16:43:00,10.4110,10.4210,10.3910,10.4070,2800
2011-06-03 16:42:00,10.3960,10.4230,10.3760,10.4090,61600
2011-06-03 16:40:00,10.4110,10.4210,10.3910,10.4070,8400
2011-06-03 16:39:00,10.4110,10.4210,10.3900,10.4060,22400
2011-06-03 16:38:00,10.4070,10.4180,10.3870,10.4030,61600
2011-06-03 16:37:00,10.4050,10.4150,10.3850,10.4010,12880
2011-06-03 16:36:00,10.4080,10.4190,10.3820,10.4010,69440
2011-06-03 16:33:00,10.4080,10.4200,10.3880,10.4060,25536
2011-06-03 16:32:00,10.4140,10.4240,10.3880,10.4040,60004
2011-06-03 16:31:00,10.4140,10.4240,10.3940,10.4100,2800
2011-06-03 16:28:00,10.4140,10.4240,10.3940,10.4100,2800
2011-06-03 16:27:00,10.4120,10.4230,10.3910,10.4070,10220
2011-06-03 16:24:00,10.4120,10.4230,10.3920,10.4090,2800
2011-06-03 16:23:00,10.4120,10.4230,10.3920,10.4090,25284
2011-06-03 16:21:00,10.4120,10.4230,10.3900,10.4060,639912
2011-06-03 16:17:00,10.4080,10.4460,10.3880,10.4310,1057336
2011-06-03 16:16:00,10.4140,10.4260,10.3940,10.4120,87220
2011-06-03 16:15:00,10.4120,10.4230,10.3920,10.4090,21420
2011-06-03 16:14:00,10.4150,10.4260,10.3920,10.4080,144480
2011-06-03 16:13:00,10.4150,10.4260,10.3920,10.4090,21000
2011-06-03 16:12:00,10.4230,10.4330,10.4030,10.4190,19600
2011-06-03 16:11:00,10.4180,10.4280,10.3980,10.4140,294000
2011-06-03 16:10:00,10.4140,10.4330,10.3940,10.4190,108948
2011-06-03 16:09:00,10.4130,10.4240,10.3930,10.4090,97160
2011-06-03 16:08:00,10.4120,10.4230,10.3920,10.4090,2800
2011-06-03 16:07:00,10.4120,10.4230,10.3920,10.4090,2800
2011-06-03 16:06:00,10.4130,10.4240,10.3910,10.4090,8400
2011-06-03 16:05:00,10.4120,10.4250,10.3920,10.4110,99120
2011-06-03 16:04:00,10.4120,10.4340,10.3920,10.4190,20160
2011-06-03 16:03:00,10.4090,10.4210,10.3890,10.4070,16800
2011-06-03 16:02:00,10.4140,10.4330,10.3890,10.4060,66080
2011-06-03 16:01:00,10.4130,10.4250,10.3920,10.4110,80892
2011-06-03 16:00:00,10.4130,10.4260,10.3900,10.4080,6807780
2011-06-03 15:59:00,10.4170,10.4290,10.3900,10.4060,5328400
2011-06-03 15:58:00,10.4150,10.4290,10.3940,10.4130,2510732
2011-06-03 15:57:00,10.4140,10.4260,10.3930,10.4110,1493296
2011-06-03 15:56:00,10.4100,10.4250,10.3890,10.4090,1488788
2011-06-03 15:55:00,10.4070,10.4240,10.3860,10.4060,1510516
2011-06-03 15:54:00,10.4110,10.4210,10.3850,10.4030,1262016
2011-06-03 15:53:00,10.4120,10.4260,10.3890,10.4070,1572928
2011-06-03 15:52:00,10.4080,10.4240,10.3850,10.4090,1025920
2011-06-03 15:51:00,10.4090,10.4240,10.3860,10.4040,1139040
2011-06-03 15:50:00,10.4150,10.4270,10.3880,10.4060,1596308
2011-06-03 15:49:00,10.4120,10.4270,10.3910,10.4110,1070720
2011-06-03 15:48:00,10.4110,10.4240,10.3910,10.4080,936992
2011-06-03 15:47:00,10.4140,10.4260,10.3880,10.4070,946512
2011-06-03 15:46:00,10.4150,10.4300,10.3930,10.4110,747908
2011-06-03 15:45:00,10.4180,10.4290,10.3900,10.4110,1341116
2011-06-03 15:44:00,10.4250,10.4360,10.3970,10.4130,951132
2011-06-03 15:43:00,10.4270,10.4380,10.4010,10.4200,1026620
2011-06-03 15:42:00,10.4200,10.4380,10.3990,10.4230,2058084
2011-06-03 15:41:00,10.4150,10.4310,10.3910,10.4160,1712144
2011-06-03 15:40:00,10.4110,10.4260,10.3900,10.4120,865424
2011-06-03 15:39:00,10.4060,10.4220,10.3850,10.4070,1563912
2011-06-03 15:38:00,10.4020,10.4170,10.3810,10.4010,589344
2011-06-03 15:37:00,10.4000,10.4140,10.3800,10.3980,583240
2011-06-03 15:36:00,10.4030,10.4160,10.3790,10.3960,1029308
2011-06-03 15:35:00,10.4010,10.4150,10.3800,10.3990,657076
2011-06-03 15:34:00,10.4050,10.4170,10.3810,10.3970,1715812
2011-06-03 15:33:00,10.3950,10.4150,10.3750,10.4010,1361696
2011-06-03 15:32:00,10.3950,10.4070,10.3710,10.3920,595476
2011-06-03 15:31:00,10.3980,10.4090,10.3750,10.3910,753956
2011-06-03 15:30:00,10.3950,10.4100,10.3750,10.3950,940884
2011-06-03 15:29:00,10.3880,10.4060,10.3650,10.3900,841316
2011-06-03 15:28:00,10.3910,10.4060,10.3660,10.3830,1036252
2011-06-03 15:27:00,10.3800,10.4020,10.3580,10.3850,865872
2011-06-03 15:26:00,10.3810,10.3920,10.3580,10.3750,626164
2011-06-03 15:25:00,10.3840,10.3940,10.3610,10.3790,597268
2011-06-03 15:24:00,10.3800,10.3940,10.3570,10.3790,500948
2011-06-03 15:23:00,10.3770,10.3940,10.3570,10.3760,957488
2011-06-03 15:22:00,10.3750,10.3870,10.3500,10.3720,1042692
2011-06-03 15:21:00,10.3780,10.3900,10.3530,10.3700,1037540
2011-06-03 15:20:00,10.3810,10.3950,10.3580,10.3740,1054004
2011-06-03 15:19:00,10.3840,10.3960,10.3600,10.3780,1023708
2011-06-03 15:18:00,10.3880,10.4000,10.3630,10.3790,1092000
2011-06-03 15:17:00,10.3890,10.4020,10.3660,10.3830,1101996
2011-06-03 15:16:00,10.3920,10.4030,10.3690,10.3860,363916
2011-06-03 15:15:00,10.3890,10.4020,10.3660,10.3850,764512
2011-06-03 15:14:00,10.3980,10.4090,10.3680,10.3870,626640
2011-06-03 15:13:00,10.3910,10.4100,10.3690,10.3950,1210356
2011-06-03 15:12:00,10.3860,10.4020,10.3630,10.3860,1852620
2011-06-03 15:11:00,10.3970,10.4080,10.3660,10.3820,1670956
2011-06-03 15:10:00,10.3930,10.4110,10.3730,10.3930,877856
2011-06-03 15:09:00,10.3940,10.4060,10.3730,10.3900,904904
2011-06-03 15:08:00,10.3940,10.4070,10.3720,10.3890,576464
2011-06-03 15:07:00,10.3920,10.4070,10.3710,10.3890,1004500
2011-06-03 15:06:00,10.3940,10.4100,10.3710,10.3880,1226036
2011-06-03 15:05:00,10.4020,10.4130,10.3730,10.3900,1449028
2011-06-03 15:04:00,10.4070,10.4180,10.3800,10.3980,728084
2011-06-03 15:03:00,10.4060,10.4200,10.3810,10.4030,1488788
2011-06-03 15:02:00,10.4020,10.4170,10.3810,10.4020,519008
2011-06-03 15:01:00,10.4000,10.4150,10.3800,10.3990,1223376
2011-06-03 15:00:00,10.4110,10.4240,10.3800,10.3960,3219608
2011-06-03 14:59:00,10.4210,10.4310,10.3910,10.4090,1862644
2011-06-03 14:58:00,10.4230,10.4330,10.3980,10.4150,317044
2011-06-03 14:57:00,10.4230,10.4340,10.4010,10.4180,250880
2011-06-03 14:56:00,10.4260,10.4370,10.4020,10.4200,293636
2011-06-03 14:55:00,10.4230,10.4380,10.3990,10.4210,464296
2011-06-03 14:54:00,10.4300,10.4400,10.4030,10.4200,205856
2011-06-03 14:53:00,10.4270,10.4410,10.4060,10.4270,327096
2011-06-03 14:52:00,10.4290,10.4420,10.4070,10.4230,261744
2011-06-03 14:51:00,10.4280,10.4420,10.4080,10.4240,443492
2011-06-03 14:50:00,10.4290,10.4420,10.4070,10.4250,462056
2011-06-03 14:49:00,10.4250,10.4420,10.4040,10.4260,948500
2011-06-03 14:48:00,10.4220,10.4360,10.4010,10.4210,349076
2011-06-03 14:47:00,10.4240,10.4370,10.4010,10.4190,780388
2011-06-03 14:46:00,10.4240,10.4350,10.3980,10.4180,340620
2011-06-03 14:45:00,10.4230,10.4380,10.4030,10.4220,454552
2011-06-03 14:44:00,10.4230,10.4350,10.4000,10.4190,192864
2011-06-03 14:43:00,10.4220,10.4340,10.4000,10.4190,290920
2011-06-03 14:42:00,10.4180,10.4330,10.3970,10.4160,239064
2011-06-03 14:41:00,10.4150,10.4280,10.3950,10.4140,200172
2011-06-03 14:40:00,10.4180,10.4300,10.3950,10.4120,370076
2011-06-03 14:39:00,10.4180,10.4290,10.3950,10.4150,287448
2011-06-03 14:38:00,10.4180,10.4300,10.3950,10.4140,626724
2011-06-03 14:37:00,10.4190,10.4310,10.3980,10.4140,373940
2011-06-03 14:36:00,10.4260,10.4370,10.3980,10.4150,326928
2011-06-03 14:35:00,10.4200,10.4370,10.4000,10.4220,753816
2011-06-03 14:34:00,10.4240,10.4350,10.3990,10.4170,536676
2011-06-03 14:33:00,10.4270,10.4370,10.4010,10.4200,382340
2011-06-03 14:32:00,10.4250,10.4370,10.4010,10.4220,256284
2011-06-03 14:31:00,10.4260,10.4360,10.4040,10.4210,129136
2011-06-03 14:30:00,10.4300,10.4410,10.4010,10.4220,596792
2011-06-03 14:29:00,10.4300,10.4420,10.4070,10.4250,585116
2011-06-03 14:28:00,10.4250,10.4410,10.4040,10.4260,739620
2011-06-03 14:27:00,10.4210,10.4350,10.4010,10.4200,229824
2011-06-03 14:26:00,10.4210,10.4350,10.4010,10.4180,328300
2011-06-03 14:25:00,10.4210,10.4340,10.4000,10.4170,205884
2011-06-03 14:24:00,10.4220,10.4330,10.3990,10.4180,198940
2011-06-03 14:23:00,10.4220,10.4360,10.4010,10.4170,305032
2011-06-03 14:22:00,10.4240,10.4350,10.4000,10.4180,429100
2011-06-03 14:21:00,10.4270,10.4380,10.4030,10.4210,239344
2011-06-03 14:20:00,10.4240,10.4370,10.4030,10.4230,306040
2011-06-03 14:19:00,10.4210,10.4340,10.4000,10.4200,224336
2011-06-03 14:18:00,10.4210,10.4320,10.3990,10.4170,168728
2011-06-03 14:17:00,10.4190,10.4310,10.3980,10.4160,113820
2011-06-03 14:16:00,10.4200,10.4320,10.3980,10.4150,397068
2011-06-03 14:15:00,10.4190,10.4320,10.3990,10.4160,241696
2011-06-03 14:14:00,10.4170,10.4300,10.3950,10.4140,698768
2011-06-03 14:13:00,10.4220,10.4330,10.3960,10.4130,928088
2011-06-03 14:12:00,10.4240,10.4360,10.4010,10.4190,359044
2011-06-03 14:11:00,10.4230,10.4360,10.4010,10.4200,196056
2011-06-03 14:10:00,10.4230,10.4340,10.4000,10.4180,453152
2011-06-03 14:09:00,10.4240,10.4350,10.4020,10.4190,134932
2011-06-03 14:08:00,10.4260,10.4370,10.4010,10.4180,508032
2011-06-03 14:07:00,10.4260,10.4400,10.4050,10.4230,281764
2011-06-03 14:06:00,10.4260,10.4380,10.4040,10.4230,297052
2011-06-03 14:05:00,10.4280,10.4380,10.4050,10.4230,167132
2011-06-03 14:04:00,10.4260,10.4410,10.4060,10.4240,238168
2011-06-03 14:03:00,10.4290,10.4390,10.4050,10.4220,250460
2011-06-03 14:02:00,10.4270,10.4390,10.4040,10.4230,920836
2011-06-03 14:01:00,10.4310,10.4410,10.4060,10.4230,615720
2011-06-03 14:00:00,10.4300,10.4420,10.4050,10.4240,1040284
2011-06-03 13:59:00,10.4290,10.4420,10.4090,10.4270,461832
2011-06-03 13:58:00,10.4300,10.4420,10.4090,10.4250,387156
2011-06-03 13:57:00,10.4340,10.4450,10.4090,10.4260,846776
2011-06-03 13:56:00,10.4370,10.4480,10.4140,10.4310,221592
2011-06-03 13:55:00,10.4370,10.4480,10.4140,10.4330,220724
2011-06-03 13:54:00,10.4370,10.4500,10.4160,10.4330,199332
2011-06-03 13:53:00,10.4370,10.4490,10.4150,10.4340,219744
2011-06-03 13:52:00,10.4400,10.4510,10.4160,10.4330,457464
2011-06-03 13:51:00,10.4380,10.4520,10.4180,10.4360,176988
2011-06-03 13:50:00,10.4400,10.4530,10.4180,10.4360,236180
2011-06-03 13:49:00,10.4390,10.4520,10.4180,10.4360,225876
2011-06-03 13:48:00,10.4330,10.4520,10.4130,10.4360,510300
2011-06-03 13:47:00,10.4360,10.4470,10.4140,10.4300,85232
2011-06-03 13:46:00,10.4320,10.4460,10.4110,10.4300,119896
2011-06-03 13:45:00,10.4320,10.4460,10.4090,10.4290,1372084
2011-06-03 13:44:00,10.4340,10.4460,10.4110,10.4280,243152
2011-06-03 13:43:00,10.4350,10.4450,10.4130,10.4300,65380
2011-06-03 13:42:00,10.4360,10.4470,10.4140,10.4300,142884
2011-06-03 13:41:00,10.4350,10.4450,10.4140,10.4310,18872
2011-06-03 13:40:00,10.4330,10.4440,10.4120,10.4300,54880
2011-06-03 13:39:00,10.4350,10.4460,10.4110,10.4270,114240
2011-06-03 13:38:00,10.4320,10.4480,10.4110,10.4330,260036
2011-06-03 13:37:00,10.4350,10.4460,10.4120,10.4290,194404
2011-06-03 13:36:00,10.4340,10.4480,10.4110,10.4310,255612
2011-06-03 13:35:00,10.4330,10.4450,10.4100,10.4300,363804
2011-06-03 13:34:00,10.4310,10.4450,10.4110,10.4290,424760
2011-06-03 13:33:00,10.4320,10.4440,10.4080,10.4260,538804
2011-06-03 13:32:00,10.4320,10.4450,10.4110,10.4300,370440
2011-06-03 13:31:00,10.4360,10.4480,10.4120,10.4280,174328
2011-06-03 13:30:00,10.4370,10.4480,10.4150,10.4320,74676
2011-06-03 13:29:00,10.4350,10.4480,10.4120,10.4330,141820
2011-06-03 13:28:00,10.4370,10.4500,10.4140,10.4310,198856
2011-06-03 13:27:00,10.4320,10.4460,10.4110,10.4310,155316
2011-06-03 13:26:00,10.4340,10.4470,10.4120,10.4300,290640
2011-06-03 13:25:00,10.4350,10.4460,10.4120,10.4300,267260
2011-06-03 13:24:00,10.4400,10.4510,10.4140,10.4320,291704
2011-06-03 13:23:00,10.4420,10.4530,10.4160,10.4360,551404
2011-06-03 13:22:00,10.4430,10.4550,10.4230,10.4390,144340
2011-06-03 13:21:00,10.4440,10.4570,10.4220,10.4410,139888
2011-06-03 13:20:00,10.4440,10.4570,10.4220,10.4400,320404
2011-06-03 13:19:00,10.4430,10.4560,10.4230,10.4410,78400
2011-06-03 13:18:00,10.4440,10.4540,10.4220,10.4390,70616
2011-06-03 13:17:00,10.4450,10.4570,10.4200,10.4400,460544
2011-06-03 13:16:00,10.4400,10.4550,10.4200,10.4400,86492
2011-06-03 13:15:00,10.4400,10.4510,10.4180,10.4350,97104
2011-06-03 13:14:00,10.4350,10.4510,10.4150,10.4360,148400
2011-06-03 13:13:00,10.4390,10.4500,10.4150,10.4310,238280
2011-06-03 13:12:00,10.4350,10.4490,10.4150,10.4340,153888
2011-06-03 13:11:00,10.4410,10.4520,10.4130,10.4310,831488
2011-06-03 13:10:00,10.4450,10.4560,10.4220,10.4380,165424
2011-06-03 13:09:00,10.4480,10.4600,10.4240,10.4410,312228
2011-06-03 13:08:00,10.4440,10.4580,10.4240,10.4440,146496
2011-06-03 13:07:00,10.4430,10.4560,10.4210,10.4400,118496
2011-06-03 13:06:00,10.4440,10.4550,10.4220,10.4390,159600
2011-06-03 13:05:00,10.4420,10.4550,10.4200,10.4400,173460
2011-06-03 13:04:00,10.4470,10.4580,10.4200,10.4360,207200
2011-06-03 13:03:00,10.4420,10.4580,10.4210,10.4430,139048
2011-06-03 13:02:00,10.4440,10.4550,10.4210,10.4390,279244
2011-06-03 13:01:00,10.4490,10.4610,10.4220,10.4390,187852
2011-06-03 13:00:00,10.4450,10.4600,10.4240,10.4460,280336
2011-06-03 12:59:00,10.4430,10.4570,10.4230,10.4410,269416
2011-06-03 12:58:00,10.4410,10.4550,10.4180,10.4400,419608
2011-06-03 12:57:00,10.4480,10.4590,10.4200,10.4380,530684
2011-06-03 12:56:00,10.4460,10.4580,10.4250,10.4440,352380
2011-06-03 12:55:00,10.4480,10.4590,10.4240,10.4420,750260
2011-06-03 12:54:00,10.4440,10.4600,10.4200,10.4440,617232
2011-06-03 12:53:00,10.4380,10.4530,10.4150,10.4390,774256
2011-06-03 12:52:00,10.4420,10.4550,10.4180,10.4340,571368
2011-06-03 12:51:00,10.4430,10.4570,10.4220,10.4400,350728
2011-06-03 12:50:00,10.4520,10.4640,10.4230,10.4400,440580
2011-06-03 12:49:00,10.4460,10.4650,10.4240,10.4480,474460
2011-06-03 12:48:00,10.4400,10.4570,10.4200,10.4410,290332
2011-06-03 12:47:00,10.4420,10.4550,10.4200,10.4360,515116
2011-06-03 12:46:00,10.4510,10.4650,10.4190,10.4390,581140
2011-06-03 12:45:00,10.4470,10.4620,10.4260,10.4480,420952
2011-06-03 12:44:00,10.4440,10.4590,10.4230,10.4420,203728
2011-06-03 12:43:00,10.4440,10.4560,10.4230,10.4390,212016
2011-06-03 12:42:00,10.4480,10.4590,10.4230,10.4400,291816
2011-06-03 12:41:00,10.4490,10.4610,10.4240,10.4440,198408
2011-06-03 12:40:00,10.4490,10.4610,10.4260,10.4450,264656
2011-06-03 12:39:00,10.4480,10.4620,10.4270,10.4440,583072
2011-06-03 12:38:00,10.4450,10.4590,10.4250,10.4420,348852
2011-06-03 12:37:00,10.4400,10.4590,10.4200,10.4420,656404
2011-06-03 12:36:00,10.4400,10.4530,10.4180,10.4360,140420
2011-06-03 12:35:00,10.4460,10.4570,10.4180,10.4340,764260
2011-06-03 12:34:00,10.4430,10.4580,10.4230,10.4420,367248
2011-06-03 12:33:00,10.4440,10.4540,10.4230,10.4390,70000
2011-06-03 12:32:00,10.4390,10.4550,10.4180,10.4400,421176
2011-06-03 12:31:00,10.4490,10.4590,10.4180,10.4360,1063076
2011-06-03 12:30:00,10.4420,10.4590,10.4220,10.4430,424284
2011-06-03 12:29:00,10.4460,10.4580,10.4230,10.4400,227668
2011-06-03 12:28:00,10.4420,10.4580,10.4200,10.4430,202216
2011-06-03 12:27:00,10.4440,10.4590,10.4220,10.4390,273224
2011-06-03 12:26:00,10.4440,10.4580,10.4240,10.4410,384272
2011-06-03 12:25:00,10.4410,10.4560,10.4200,10.4410,221116
2011-06-03 12:24:00,10.4430,10.4550,10.4210,10.4390,449876
2011-06-03 12:23:00,10.4430,10.4560,10.4220,10.4380,138544
2011-06-03 12:22:00,10.4430,10.4560,10.4190,10.4390,300412
2011-06-03 12:21:00,10.4420,10.4540,10.4180,10.4390,162120
2011-06-03 12:20:00,10.4460,10.4600,10.4210,10.4400,609532
2011-06-03 12:19:00,10.4420,10.4600,10.4210,10.4420,795676
2011-06-03 12:18:00,10.4440,10.4550,10.4210,10.4380,214732
2011-06-03 12:17:00,10.4420,10.4540,10.4210,10.4380,180684
2011-06-03 12:16:00,10.4380,10.4530,10.4170,10.4380,187684
2011-06-03 12:15:00,10.4380,10.4510,10.4160,10.4330,297052
2011-06-03 12:14:00,10.4460,10.4570,10.4180,10.4340,438508
2011-06-03 12:13:00,10.4410,10.4590,10.4200,10.4420,1012340
2011-06-03 12:12:00,10.4340,10.4530,10.4130,10.4370,594524
2011-06-03 12:11:00,10.4290,10.4440,10.4080,10.4300,221060
2011-06-03 12:10:00,10.4270,10.4410,10.4070,10.4240,198800
2011-06-03 12:09:00,10.4290,10.4410,10.4070,10.4260,120400
2011-06-03 12:08:00,10.4280,10.4420,10.4070,10.4270,179480
2011-06-03 12:07:00,10.4280,10.4390,10.4050,10.4230,169820
2011-06-03 12:06:00,10.4270,10.4410,10.4060,10.4240,208264
2011-06-03 12:05:00,10.4250,10.4370,10.4010,10.4190,642096
2011-06-03 12:04:00,10.4320,10.4430,10.4040,10.4220,620228
2011-06-03 12:03:00,10.4320,10.4440,10.4110,10.4290,138236
2011-06-03 12:02:00,10.4320,10.4480,10.4110,10.4290,269556
2011-06-03 12:01:00,10.4360,10.4490,10.4110,10.4300,121800
2011-06-03 12:00:00,10.4290,10.4510,10.4080,10.4310,508564
2011-06-03 11:59:00,10.4310,10.4460,10.4080,10.4240,273728
2011-06-03 11:58:00,10.4290,10.4420,10.4070,10.4270,411600
2011-06-03 11:57:00,10.4310,10.4430,10.4080,10.4240,163912
2011-06-03 11:56:00,10.4290,10.4440,10.4080,10.4280,172788
2011-06-03 11:55:00,10.4350,10.4460,10.4080,10.4240,335048
2011-06-03 11:54:00,10.4430,10.4540,10.4150,10.4320,625100
2011-06-03 11:53:00,10.4350,10.4540,10.4140,10.4380,814912
2011-06-03 11:52:00,10.4350,10.4460,10.4110,10.4310,289968
2011-06-03 11:51:00,10.4340,10.4460,10.4110,10.4320,859152
2011-06-03 11:50:00,10.4270,10.4450,10.4070,10.4290,733096
2011-06-03 11:49:00,10.4230,10.4420,10.4010,10.4250,1066156
2011-06-03 11:48:00,10.4210,10.4350,10.4000,10.4200,487816
2011-06-03 11:47:00,10.4200,10.4320,10.3990,10.4160,190848
2011-06-03 11:46:00,10.4220,10.4350,10.3970,10.4180,258776
2011-06-03 11:45:00,10.4230,10.4370,10.4010,10.4190,274148
2011-06-03 11:44:00,10.4190,10.4340,10.3970,10.4190,338408
2011-06-03 11:43:00,10.4300,10.4410,10.3980,10.4150,635572
2011-06-03 11:42:00,10.4230,10.4410,10.4000,10.4260,583240
2011-06-03 11:41:00,10.4150,10.4390,10.3930,10.4190,1024632
2011-06-03 11:40:00,10.4120,10.4260,10.3900,10.4090,354312
2011-06-03 11:39:00,10.4180,10.4290,10.3890,10.4080,877492
2011-06-03 11:38:00,10.4210,10.4320,10.3950,10.4120,226856
2011-06-03 11:37:00,10.4190,10.4310,10.3960,10.4160,390572
2011-06-03 11:36:00,10.4180,10.4310,10.3950,10.4140,642824
2011-06-03 11:35:00,10.4200,10.4310,10.3950,10.4140,414792
2011-06-03 11:34:00,10.4220,10.4340,10.3980,10.4150,233408
2011-06-03 11:33:00,10.4210,10.4350,10.4000,10.4180,304108
2011-06-03 11:32:00,10.4190,10.4350,10.3970,10.4170,418348
2011-06-03 11:31:00,10.4230,10.4360,10.3960,10.4140,426272
2011-06-03 11:30:00,10.4150,10.4380,10.3950,10.4190,510552
2011-06-03 11:29:00,10.4160,10.4290,10.3930,10.4120,448504
2011-06-03 11:28:00,10.4190,10.4310,10.3930,10.4110,297668
2011-06-03 11:27:00,10.4190,10.4300,10.3920,10.4140,666736
2011-06-03 11:26:00,10.4180,10.4300,10.3940,10.4150,864052
2011-06-03 11:25:00,10.4200,10.4320,10.3970,10.4140,280756
2011-06-03 11:24:00,10.4300,10.4410,10.3980,10.4160,506716
2011-06-03 11:23:00,10.4260,10.4450,10.4050,10.4290,530152
2011-06-03 11:22:00,10.4290,10.4390,10.4050,10.4210,204064
2011-06-03 11:21:00,10.4280,10.4420,10.4070,10.4260,443156
2011-06-03 11:20:00,10.4170,10.4420,10.3960,10.4260,860832
2011-06-03 11:19:00,10.4190,10.4310,10.3950,10.4130,410116
2011-06-03 11:18:00,10.4170,10.4320,10.3970,10.4140,102620
2011-06-03 11:17:00,10.4240,10.4350,10.3970,10.4140,526932
2011-06-03 11:16:00,10.4260,10.4370,10.4000,10.4200,887572
2011-06-03 11:15:00,10.4230,10.4370,10.4020,10.4230,513240
2011-06-03 11:14:00,10.4220,10.4350,10.4010,10.4190,693224
2011-06-03 11:13:00,10.4260,10.4370,10.4010,10.4190,370020
2011-06-03 11:12:00,10.4270,10.4410,10.4030,10.4230,370972
2011-06-03 11:11:00,10.4260,10.4400,10.4040,10.4250,346304
2011-06-03 11:10:00,10.4300,10.4420,10.4050,10.4210,489524
2011-06-03 11:09:00,10.4250,10.4410,10.4040,10.4270,703052
2011-06-03 11:08:00,10.4270,10.4390,10.4020,10.4210,385952
2011-06-03 11:07:00,10.4240,10.4390,10.4020,10.4190,744352
2011-06-03 11:06:00,10.4290,10.4400,10.3990,10.4170,1559992
2011-06-03 11:05:00,10.4360,10.4480,10.4060,10.4230,1815464
2011-06-03 11:04:00,10.4350,10.4490,10.4120,10.4340,552300
2011-06-03 11:03:00,10.4350,10.4480,10.4110,10.4310,519848
2011-06-03 11:02:00,10.4360,10.4530,10.4150,10.4310,357896
2011-06-03 11:01:00,10.4370,10.4480,10.4140,10.4320,117124
2011-06-03 11:00:00,10.4430,10.4540,10.4120,10.4340,490840
2011-06-03 10:59:00,10.4400,10.4550,10.4200,10.4390,622776
2011-06-03 10:58:00,10.4360,10.4510,10.4120,10.4350,373352
2011-06-03 10:57:00,10.4380,10.4490,10.4130,10.4320,366940
2011-06-03 10:56:00,10.4370,10.4500,10.4140,10.4340,178332
2011-06-03 10:55:00,10.4400,10.4530,10.4170,10.4360,445172
2011-06-03 10:54:00,10.4360,10.4500,10.4110,10.4350,967736
2011-06-03 10:53:00,10.4370,10.4480,10.4130,10.4310,482076
2011-06-03 10:52:00,10.4360,10.4500,10.4120,10.4330,959112
2011-06-03 10:51:00,10.4460,10.4570,10.4170,10.4330,555660
2011-06-03 10:50:00,10.4400,10.4610,10.4200,10.4440,512148
2011-06-03 10:49:00,10.4400,10.4560,10.4180,10.4350,920528
2011-06-03 10:48:00,10.4490,10.4610,10.4170,10.4360,986048
2011-06-03 10:47:00,10.4490,10.4640,10.4260,10.4450,768852
2011-06-03 10:46:00,10.4470,10.4630,10.4270,10.4450,1256416
2011-06-03 10:45:00,10.4420,10.4600,10.4200,10.4460,885808
2011-06-03 10:44:00,10.4400,10.4570,10.4200,10.4380,879144
2011-06-03 10:43:00,10.4400,10.4550,10.4170,10.4370,565992
2011-06-03 10:42:00,10.4390,10.4500,10.4130,10.4340,513660
2011-06-03 10:41:00,10.4430,10.4540,10.4140,10.4370,515928
2011-06-03 10:40:00,10.4410,10.4550,10.4160,10.4380,714112
2011-06-03 10:39:00,10.4440,10.4580,10.4210,10.4370,850360
2011-06-03 10:38:00,10.4430,10.4580,10.4220,10.4410,539952
2011-06-03 10:37:00,10.4410,10.4550,10.4210,10.4400,513296
2011-06-03 10:36:00,10.4500,10.4620,10.4160,10.4370,1808296
2011-06-03 10:35:00,10.4610,10.4760,10.4290,10.4460,1710408
2011-06-03 10:34:00,10.4580,10.4720,10.4360,10.4570,670264
2011-06-03 10:33:00,10.4590,10.4730,10.4320,10.4560,1165024
2011-06-03 10:32:00,10.4620,10.4820,10.4380,10.4550,1727712
2011-06-03 10:31:00,10.4520,10.4790,10.4310,10.4590,3079412
2011-06-03 10:30:00,10.4450,10.4620,10.4180,10.4480,1254344
2011-06-03 10:29:00,10.4470,10.4610,10.4230,10.4400,797216
2011-06-03 10:28:00,10.4490,10.4620,10.4240,10.4440,1119748
2011-06-03 10:27:00,10.4500,10.4600,10.4190,10.4450,1358224
2011-06-03 10:26:00,10.4330,10.4600,10.4110,10.4460,3522148
2011-06-03 10:25:00,10.4210,10.4440,10.3980,10.4290,825524
2011-06-03 10:24:00,10.4230,10.4350,10.3980,10.4170,679560
2011-06-03 10:23:00,10.4270,10.4380,10.4010,10.4170,339304
2011-06-03 10:22:00,10.4200,10.4380,10.3980,10.4230,451248
2011-06-03 10:21:00,10.4260,10.4360,10.3950,10.4140,1556772
2011-06-03 10:20:00,10.4250,10.4380,10.4030,10.4220,415912
2011-06-03 10:19:00,10.4310,10.4410,10.4030,10.4210,773332
2011-06-03 10:18:00,10.4310,10.4470,10.4070,10.4270,673568
2011-06-03 10:17:00,10.4290,10.4470,10.4080,10.4270,967568
2011-06-03 10:16:00,10.4360,10.4480,10.4030,10.4280,612192
2011-06-03 10:15:00,10.4220,10.4480,10.4020,10.4330,625772
2011-06-03 10:14:00,10.4240,10.4420,10.4020,10.4180,729736
2011-06-03 10:13:00,10.4290,10.4430,10.4030,10.4200,556864
2011-06-03 10:12:00,10.4390,10.4490,10.4050,10.4260,1093988
2011-06-03 10:11:00,10.4340,10.4550,10.4140,10.4340,1326276
2011-06-03 10:10:00,10.4280,10.4480,10.4080,10.4300,801024
2011-06-03 10:09:00,10.4260,10.4430,10.4040,10.4250,806848
2011-06-03 10:08:00,10.4210,10.4380,10.3970,10.4200,733376
2011-06-03 10:07:00,10.4230,10.4350,10.3980,10.4180,1474592
2011-06-03 10:06:00,10.4280,10.4410,10.4000,10.4170,1275400
2011-06-03 10:05:00,10.4320,10.4450,10.4050,10.4230,853580
2011-06-03 10:04:00,10.4370,10.4480,10.4090,10.4260,1266972
2011-06-03 10:03:00,10.4380,10.4530,10.4140,10.4340,1529332
2011-06-03 10:02:00,10.4170,10.4490,10.3970,10.4330,1937348
2011-06-03 10:01:00,10.4170,10.4350,10.3940,10.4120,1551340
2011-06-03 10:00:00,10.4140,10.4380,10.3920,10.4130,2233756
2011-06-03 09:59:00,10.4090,10.4310,10.3880,10.4060,1685040
2011-06-03 09:58:00,10.4150,10.4300,10.3880,10.4050,1478904
2011-06-03 09:57:00,10.4030,10.4380,10.3820,10.4120,2740360
2011-06-03 09:56:00,10.3950,10.4160,10.3730,10.3990,1984220
2011-06-03 09:55:00,10.3980,10.4090,10.3700,10.3910,1410248
2011-06-03 09:54:00,10.4020,10.4170,10.3780,10.3940,1338848
2011-06-03 09:53:00,10.4040,10.4150,10.3780,10.3980,1508416
2011-06-03 09:52:00,10.4030,10.4160,10.3720,10.4000,3380384
2011-06-03 09:51:00,10.4140,10.4250,10.3820,10.3990,2350768
2011-06-03 09:50:00,10.4120,10.4310,10.3920,10.4100,1229592
2011-06-03 09:49:00,10.4180,10.4290,10.3830,10.4080,2902200
2011-06-03 09:48:00,10.4230,10.4360,10.3950,10.4150,1224972
2011-06-03 09:47:00,10.4270,10.4400,10.3980,10.4200,1698004
2011-06-03 09:46:00,10.4310,10.4440,10.4060,10.4230,1556996
2011-06-03 09:45:00,10.4300,10.4470,10.4070,10.4270,1829968
2011-06-03 09:44:00,10.4340,10.4470,10.4030,10.4270,1828316
2011-06-03 09:43:00,10.4420,10.4530,10.4100,10.4290,2082640
2011-06-03 09:42:00,10.4360,10.4570,10.4150,10.4380,1826132
2011-06-03 09:41:00,10.4490,10.4620,10.4070,10.4310,2299108
2011-06-03 09:40:00,10.4320,10.4590,10.4110,10.4450,3117436
2011-06-03 09:39:00,10.4300,10.4460,10.4050,10.4280,1192660
2011-06-03 09:38:00,10.4200,10.4490,10.3980,10.4270,2065280
2011-06-03 09:37:00,10.4310,10.4490,10.3970,10.4130,2183440
2011-06-03 09:36:00,10.4330,10.4470,10.4100,10.4270,1303232
2011-06-03 09:35:00,10.4360,10.4530,10.4110,10.4290,1999928
2011-06-03 09:34:00,10.4240,10.4480,10.4020,10.4330,1911476
2011-06-03 09:33:00,10.4380,10.4500,10.3930,10.4220,2566956
2011-06-03 09:32:00,10.4320,10.4560,10.4110,10.4340,2389296
2011-06-03 09:31:00,10.4040,10.4480,10.3800,10.4280,3497060
2011-06-03 09:30:00,10.4060,10.4350,10.3770,10.4180,6627852
2011-06-03 09:29:00,10.4040,10.4200,10.3810,10.4050,508172
2011-06-03 09:28:00,10.4090,10.4200,10.3810,10.3980,214032
2011-06-03 09:27:00,10.4130,10.4240,10.3900,10.4060,5600
2011-06-03 09:26:00,10.4140,10.4290,10.3940,10.4150,14868
2011-06-03 09:25:00,10.4130,10.4240,10.3930,10.4090,7700
2011-06-03 09:23:00,10.4120,10.4260,10.3910,10.4110,30100
2011-06-03 09:22:00,10.4080,10.4190,10.3880,10.4040,14224
2011-06-03 09:21:00,10.4120,10.4220,10.3890,10.4060,40600
2011-06-03 09:20:00,10.4150,10.4260,10.3950,10.4120,13440
2011-06-03 09:18:00,10.4110,10.4210,10.3890,10.4050,25200
2011-06-03 09:17:00,10.4190,10.4290,10.3940,10.4100,5600
2011-06-03 09:16:00,10.4170,10.4280,10.3970,10.4130,2800
2011-06-03 09:15:00,10.4160,10.4330,10.3950,10.4190,19600
2011-06-03 09:14:00,10.4150,10.4260,10.3920,10.4080,22288
2011-06-03 09:13:00,10.4190,10.4290,10.3930,10.4130,42000
2011-06-03 09:12:00,10.4210,10.4350,10.3980,10.4150,136080
2011-06-03 09:11:00,10.4210,10.4350,10.4010,10.4210,131656
2011-06-03 09:10:00,10.4120,10.4310,10.3910,10.4160,81620
2011-06-03 09:09:00,10.4110,10.4260,10.3910,10.4120,21560
2011-06-03 09:08:00,10.4140,10.4240,10.3940,10.4100,3500
2011-06-03 09:07:00,10.4190,10.4290,10.3950,10.4120,12068
2011-06-03 09:06:00,10.4170,10.4290,10.3940,10.4150,28000
2011-06-03 09:05:00,10.4140,10.4260,10.3940,10.4120,20580
2011-06-03 09:04:00,10.4130,10.4230,10.3870,10.4060,85988
2011-06-03 09:03:00,10.4090,10.4240,10.3890,10.4070,10948
2011-06-03 09:02:00,10.4100,10.4210,10.3890,10.4060,5600
2011-06-03 09:01:00,10.4090,10.4230,10.3890,10.4080,5600
2011-06-03 09:00:00,10.4160,10.4300,10.3950,10.4120,45416
2011-06-03 08:59:00,10.4150,10.4320,10.3940,10.4150,288260
2011-06-03 08:58:00,10.4040,10.4250,10.3830,10.4100,35840
2011-06-03 08:57:00,10.4060,10.4170,10.3860,10.4030,2800
2011-06-03 08:56:00,10.4150,10.4260,10.3800,10.3980,231224
2011-06-03 08:54:00,10.4110,10.4260,10.3890,10.4110,102228
2011-06-03 08:53:00,10.4140,10.4280,10.3920,10.4120,30240
2011-06-03 08:52:00,10.4200,10.4310,10.3920,10.4090,100016
2011-06-03 08:51:00,10.4230,10.4360,10.3980,10.4160,114520
2011-06-03 08:50:00,10.4190,10.4340,10.3980,10.4190,102396
2011-06-03 08:49:00,10.4250,10.4350,10.4010,10.4180,16800
2011-06-03 08:48:00,10.4240,10.4370,10.4010,10.4220,219240
2011-06-03 08:47:00,10.4290,10.4410,10.4030,10.4220,67200
2011-06-03 08:46:00,10.4290,10.4400,10.4090,10.4250,73780
2011-06-03 08:45:00,10.4310,10.4410,10.4090,10.4260,175000
2011-06-03 08:44:00,10.4200,10.4410,10.4000,10.4250,249144
2011-06-03 08:43:00,10.4210,10.4320,10.4010,10.4170,11200
2011-06-03 08:42:00,10.4210,10.4320,10.3950,10.4170,19600
2011-06-03 08:41:00,10.4130,10.4290,10.3920,10.4090,55776
2011-06-03 08:40:00,10.4080,10.4260,10.3880,10.4090,75068
2011-06-03 08:39:00,10.4050,10.4240,10.3830,10.4040,44800
2011-06-03 08:38:00,10.4230,10.4410,10.3830,10.4060,296072
2011-06-03 08:37:00,10.4290,10.4400,10.3950,10.4190,113540
2011-06-03 08:36:00,10.4340,10.4440,10.3970,10.4140,198240
2011-06-03 08:35:00,10.4370,10.4480,10.4110,10.4300,59668
2011-06-03 08:34:00,10.4350,10.4590,10.4150,10.4320,38836
2011-06-03 08:33:00,10.4530,10.4640,10.4180,10.4340,100800
2011-06-03 08:32:00,10.4310,10.4720,10.4040,10.4430,240884
2011-06-03 08:31:00,10.4310,10.4530,10.4030,10.4270,50624
2011-06-03 08:30:00,10.4580,10.4720,10.3990,10.4270,331184
2011-06-03 08:28:00,10.4610,10.4720,10.4410,10.4570,23128
2011-06-03 08:27:00,10.4760,10.4870,10.4430,10.4590,17220
2011-06-03 08:25:00,10.4760,10.4860,10.4560,10.4720,2800
2011-06-03 08:23:00,10.4760,10.4870,10.4380,10.4540,84000
2011-06-03 08:22:00,10.4840,10.4980,10.4630,10.4830,14000
2011-06-03 08:21:00,10.4720,10.4950,10.4520,10.4800,14000
2011-06-03 08:20:00,10.4620,10.4730,10.4400,10.4580,25620
2011-06-03 08:19:00,10.4650,10.4750,10.4390,10.4560,14000
2011-06-03 08:18:00,10.4580,10.4750,10.4360,10.4610,47040
2011-06-03 08:17:00,10.4580,10.4710,10.4350,10.4510,22540
2011-06-03 08:14:00,10.4610,10.4710,10.4400,10.4560,23800
2011-06-03 08:12:00,10.4550,10.4720,10.4350,10.4570,26320
2011-06-03 08:10:00,10.4520,10.4620,10.4320,10.4480,11200
2011-06-03 08:09:00,10.4550,10.4650,10.4320,10.4480,38920
2011-06-03 08:08:00,10.4610,10.4720,10.4410,10.4570,5600
2011-06-03 08:07:00,10.4650,10.4750,10.4410,10.4570,61600
2011-06-03 08:06:00,10.4660,10.4760,10.4450,10.4620,2800
2011-06-03 08:05:00,10.4660,10.4770,10.4450,10.4620,8428
2011-06-03 08:04:00,10.4670,10.4780,10.4470,10.4630,2800
2011-06-03 08:03:00,10.4670,10.4780,10.4470,10.4630,23268
2011-06-03 08:02:00,10.4690,10.4800,10.4490,10.4660,14000
2011-06-03 08:01:00,10.4700,10.4810,10.4500,10.4660,2800
2011-06-03 08:00:00,10.4750,10.4870,10.4540,10.4720,31948
2011-06-03 07:54:00,10.4760,10.4870,10.4560,10.4720,16800
2011-06-03 07:51:00,10.4790,10.4900,10.4560,10.4720,36204
2011-06-03 07:40:00,10.4900,10.5000,10.4650,10.4810,14840
2011-06-03 07:39:00,10.4850,10.4960,10.4650,10.4810,2800
2011-06-03 07:37:00,10.4770,10.4870,10.4570,10.4730,3136
2011-06-03 06:11:00,10.4900,10.5000,10.4700,10.4860,9660
2011-06-03 06:07:00,10.4830,10.4940,10.4560,10.4720,8400
2011-06-03 06:06:00,10.4880,10.4990,10.4680,10.4840,28000
2011-06-03 06:05:00,10.4920,10.5020,10.4710,10.4880,24500
2011-06-03 04:37:00,10.4960,10.5070,10.4710,10.4880,9100
2011-06-03 04:12:00,10.4980,10.5090,10.4780,10.4940,2800
2011-06-03 04:02:00,10.4910,10.5090,10.4710,10.4940,8400
2011-06-02 19:50:00,10.5000,10.5110,10.4790,10.4950,25900
2011-06-02 19:44:00,10.4990,10.5100,10.4790,10.4960,3220
2011-06-02 19:23:00,10.4980,10.5090,10.4780,10.4940,2800
2011-06-02 19:14:00,10.5050,10.5150,10.4840,10.5010,28000
2011-06-02 19:02:00,10.5060,10.5170,10.4860,10.5020,4340
2011-06-02 19:01:00,10.5060,10.5170,10.4860,10.5020,2800
2011-06-02 18:57:00,10.5060,10.5160,10.4850,10.5020,2800
2011-06-02 18:54:00,10.5050,10.5160,10.4850,10.5010,8708
2011-06-02 18:53:00,10.5050,10.5160,10.4840,10.5010,10892
2011-06-02 18:39:00,10.4970,10.5080,10.4770,10.4930,2800
2011-06-02 18:34:00,10.5030,10.5140,10.4830,10.5000,2800
2011-06-02 18:32:00,10.5030,10.5140,10.4830,10.5000,7000
2011-06-02 18:19:00,10.5030,10.5140,10.4830,10.5000,12600
2011-06-02 18:11:00,10.4940,10.5050,10.4740,10.4900,32900
2011-06-02 18:09:00,10.5050,10.5160,10.4850,10.5010,2800
2011-06-02 18:08:00,10.5020,10.5130,10.4820,10.4980,3500
2011-06-02 18:05:00,10.5030,10.5140,10.4830,10.5000,2800
2011-06-02 18:00:00,10.5050,10.5160,10.4850,10.5010,2800
2011-06-02 17:42:00,10.5030,10.5140,10.4830,10.5000,5040
2011-06-02 17:39:00,10.5020,10.5160,10.4820,10.5020,14000
2011-06-02 17:36:00,10.5030,10.5140,10.4830,10.4990,2800
2011-06-02 17:33:00,10.5030,10.5140,10.4830,10.5000,24780
2011-06-02 17:21:00,10.5050,10.5160,10.4840,10.5010,36680
2011-06-02 17:20:00,10.5050,10.5150,10.4840,10.5010,2800
2011-06-02 17:17:00,10.5030,10.5130,10.4830,10.4990,2800
2011-06-02 17:15:00,10.5030,10.5140,10.4820,10.5000,28000
2011-06-02 17:14:00,10.5030,10.5140,10.4830,10.5000,42000
2011-06-02 17:11:00,10.5030,10.5130,10.4820,10.4990,11200
2011-06-02 17:10:00,10.4990,10.5100,10.4790,10.4960,5600
2011-06-02 17:08:00,10.4990,10.5100,10.4790,10.4960,2800
2011-06-02 17:07:00,10.4990,10.5100,10.4790,10.4960,41580
2011-06-02 17:02:00,10.5040,10.5140,10.4830,10.5000,5320
2011-06-02 17:01:00,10.5040,10.5150,10.4840,10.5000,2800
2011-06-02 16:59:00,10.5000,10.5110,10.4800,10.4960,5040
2011-06-02 16:58:00,10.5000,10.5110,10.4800,10.4960,5600
2011-06-02 16:51:00,10.5020,10.5130,10.4820,10.4980,7700
2011-06-02 16:48:00,10.5000,10.5110,10.4800,10.4960,14000
2011-06-02 16:47:00,10.4990,10.5100,10.4790,10.4960,11172
2011-06-02 16:42:00,10.5020,10.5230,10.4820,10.5080,28000
2011-06-02 16:38:00,10.4990,10.5100,10.4790,10.4960,19600
2011-06-02 16:24:00,10.5020,10.5130,10.4800,10.4960,11760
2011-06-02 16:23:00,10.5020,10.5130,10.4820,10.4980,14000
2011-06-02 16:22:00,10.5030,10.5140,10.4680,10.4840,34972
2011-06-02 16:21:00,10.5000,10.5110,10.4690,10.4850,80948
2011-06-02 16:19:00,10.4990,10.5100,10.4790,10.4950,2800
2011-06-02 16:18:00,10.5000,10.5110,10.4800,10.4960,2800
2011-06-02 16:16:00,10.5010,10.5110,10.4800,10.4970,2800
2011-06-02 16:15:00,10.5020,10.5120,10.4810,10.4980,10164
2011-06-02 16:12:00,10.5020,10.5120,10.4770,10.4940,25312
2011-06-02 16:11:00,10.5030,10.5140,10.4560,10.4980,104104
2011-06-02 16:10:00,10.5010,10.5140,10.4800,10.5000,15540
2011-06-02 16:09:00,10.5020,10.5140,10.4820,10.4990,16800
2011-06-02 16:08:00,10.5030,10.5170,10.4790,10.4990,32396
2011-06-02 16:07:00,10.5030,10.5140,10.4830,10.4990,2800
2011-06-02 16:06:00,10.5000,10.5160,10.4800,10.4970,16072
2011-06-02 16:04:00,10.5030,10.5140,10.4770,10.4940,19096
2011-06-02 16:03:00,10.5040,10.5140,10.4830,10.5000,37940
2011-06-02 16:02:00,10.4950,10.5060,10.4720,10.4920,15820
2011-06-02 16:01:00,10.4970,10.5070,10.4760,10.4920,5600
2011-06-02 16:00:00,10.4910,10.5060,10.4700,10.4900,8847328
2011-06-02 15:59:00,10.4920,10.5060,10.4690,10.4860,2470552
2011-06-02 15:58:00,10.4960,10.5070,10.4710,10.4870,1335404
2011-06-02 15:57:00,10.4940,10.5070,10.4720,10.4910,1460312
2011-06-02 15:56:00,10.4830,10.5060,10.4620,10.4900,1432508
2011-06-02 15:55:00,10.4830,10.4950,10.4600,10.4790,979552
2011-06-02 15:54:00,10.4820,10.4960,10.4600,10.4800,923188
2011-06-02 15:53:00,10.4810,10.4940,10.4600,10.4780,900368
2011-06-02 15:52:00,10.4850,10.4960,10.4600,10.4770,1251684
2011-06-02 15:51:00,10.4880,10.5020,10.4630,10.4810,1132432
2011-06-02 15:50:00,10.4890,10.5020,10.4670,10.4850,549360
2011-06-02 15:49:00,10.4910,10.5030,10.4640,10.4850,762748
2011-06-02 15:48:00,10.4920,10.5070,10.4690,10.4870,536760
2011-06-02 15:47:00,10.4890,10.5030,10.4660,10.4870,639660
2011-06-02 15:46:00,10.4970,10.5080,10.4660,10.4830,1351308
2011-06-02 15:45:00,10.5010,10.5120,10.4750,10.4940,798756
2011-06-02 15:44:00,10.4990,10.5140,10.4770,10.4980,238532
2011-06-02 15:43:00,10.4990,10.5140,10.4790,10.4960,353948
2011-06-02 15:42:00,10.5000,10.5120,10.4790,10.4950,205072
2011-06-02 15:41:00,10.4980,10.5120,10.4780,10.4950,235256
2011-06-02 15:40:00,10.4940,10.5140,10.4730,10.4950,514976
2011-06-02 15:39:00,10.4990,10.5130,10.4710,10.4880,731276
2011-06-02 15:38:00,10.4960,10.5090,10.4720,10.4950,349216
2011-06-02 15:37:00,10.4990,10.5130,10.4760,10.4930,525504
2011-06-02 15:36:00,10.4950,10.5110,10.4730,10.4950,539364
2011-06-02 15:35:00,10.4980,10.5100,10.4750,10.4920,403060
2011-06-02 15:34:00,10.4930,10.5110,10.4730,10.4950,442344
2011-06-02 15:33:00,10.5010,10.5180,10.4710,10.4890,2030224
2011-06-02 15:32:00,10.5110,10.5210,10.4800,10.4960,691404
2011-06-02 15:31:00,10.5110,10.5240,10.4890,10.5050,333032
2011-06-02 15:30:00,10.5130,10.5270,10.4890,10.5060,1075760
2011-06-02 15:29:00,10.5060,10.5240,10.4840,10.5090,662592
2011-06-02 15:28:00,10.5030,10.5170,10.4810,10.5010,476868
2011-06-02 15:27:00,10.5060,10.5160,10.4810,10.4970,398580
2011-06-02 15:26:00,10.5020,10.5170,10.4820,10.5000,292488
2011-06-02 15:25:00,10.5080,10.5190,10.4820,10.5010,590856
2011-06-02 15:24:00,10.5080,10.5190,10.4820,10.5030,770336
2011-06-02 15:23:00,10.4980,10.5200,10.4780,10.5030,495628
2011-06-02 15:22:00,10.5030,10.5160,10.4780,10.4950,634844
2011-06-02 15:21:00,10.5020,10.5180,10.4810,10.4990,661108
2011-06-02 15:20:00,10.5020,10.5150,10.4770,10.4980,914396
2011-06-02 15:19:00,10.5080,10.5200,10.4800,10.4970,1332184
2011-06-02 15:18:00,10.5140,10.5250,10.4890,10.5060,139972
2011-06-02 15:17:00,10.5100,10.5240,10.4900,10.5090,184604
2011-06-02 15:16:00,10.5150,10.5260,10.4890,10.5090,354872
2011-06-02 15:15:00,10.5080,10.5260,10.4880,10.5100,463316
2011-06-02 15:14:00,10.5170,10.5280,10.4860,10.5040,663124
2011-06-02 15:13:00,10.5180,10.5310,10.4950,10.5130,252784
2011-06-02 15:12:00,10.5250,10.5370,10.4970,10.5140,932512
2011-06-02 15:11:00,10.5220,10.5360,10.5010,10.5210,765800
2011-06-02 15:10:00,10.5160,10.5330,10.4950,10.5180,478800
2011-06-02 15:09:00,10.5200,10.5330,10.4970,10.5130,856744
2011-06-02 15:08:00,10.5220,10.5330,10.4950,10.5160,621656
2011-06-02 15:07:00,10.5140,10.5340,10.4930,10.5180,1020684
2011-06-02 15:06:00,10.5160,10.5280,10.4910,10.5100,349636
2011-06-02 15:05:00,10.5170,10.5320,10.4920,10.5120,668948
2011-06-02 15:04:00,10.5110,10.5300,10.4890,10.5120,744436
2011-06-02 15:03:00,10.5200,10.5320,10.4880,10.5070,607656
2011-06-02 15:02:00,10.5240,10.5360,10.4960,10.5160,777868
2011-06-02 15:01:00,10.5250,10.5370,10.5030,10.5210,309820
2011-06-02 15:00:00,10.5210,10.5360,10.5000,10.5210,375256
2011-06-02 14:59:00,10.5210,10.5330,10.4980,10.5160,410648
2011-06-02 14:58:00,10.5230,10.5350,10.5000,10.5160,846692
2011-06-02 14:57:00,10.5220,10.5350,10.5010,10.5210,167580
2011-06-02 14:56:00,10.5190,10.5340,10.4990,10.5180,428988
2011-06-02 14:55:00,10.5280,10.5400,10.5000,10.5180,317632
2011-06-02 14:54:00,10.5230,10.5390,10.5020,10.5240,514920
2011-06-02 14:53:00,10.5200,10.5330,10.4990,10.5190,285824
2011-06-02 14:52:00,10.5220,10.5350,10.5000,10.5160,133336
2011-06-02 14:51:00,10.5260,10.5400,10.5000,10.5180,578732
2011-06-02 14:50:00,10.5250,10.5400,10.5040,10.5240,327376
2011-06-02 14:49:00,10.5250,10.5380,10.5010,10.5230,343336
2011-06-02 14:48:00,10.5250,10.5380,10.5000,10.5200,1144388
2011-06-02 14:47:00,10.5190,10.5360,10.4980,10.5220,873824
2011-06-02 14:46:00,10.5190,10.5310,10.4980,10.5150,127232
2011-06-02 14:45:00,10.5180,10.5310,10.4940,10.5150,201712
2011-06-02 14:44:00,10.5190,10.5300,10.4950,10.5130,268688
2011-06-02 14:43:00,10.5110,10.5320,10.4890,10.5150,507780
2011-06-02 14:42:00,10.5170,10.5280,10.4890,10.5060,490280
2011-06-02 14:41:00,10.5190,10.5300,10.4950,10.5130,363944
2011-06-02 14:40:00,10.5160,10.5320,10.4960,10.5160,606648
2011-06-02 14:39:00,10.5200,10.5310,10.4940,10.5120,229600
2011-06-02 14:38:00,10.5170,10.5340,10.4970,10.5170,733180
2011-06-02 14:37:00,10.5200,10.5310,10.4910,10.5120,254800
2011-06-02 14:36:00,10.5190,10.5330,10.4980,10.5160,376488
2011-06-02 14:35:00,10.5180,10.5310,10.4960,10.5150,468664
2011-06-02 14:34:00,10.5100,10.5300,10.4880,10.5140,654892
2011-06-02 14:33:00,10.5090,10.5230,10.4860,10.5040,247548
2011-06-02 14:32:00,10.5060,10.5230,10.4830,10.5060,761936
2011-06-02 14:31:00,10.5110,10.5220,10.4820,10.5020,340592
2011-06-02 14:30:00,10.5130,10.5240,10.4820,10.5050,1103788
2011-06-02 14:29:00,10.5080,10.5250,10.4860,10.5090,501900
2011-06-02 14:28:00,10.5070,10.5210,10.4850,10.5030,584304
2011-06-02 14:27:00,10.5010,10.5180,10.4800,10.5030,508648
2011-06-02 14:26:00,10.5020,10.5170,10.4790,10.4960,431508
2011-06-02 14:25:00,10.4980,10.5140,10.4760,10.4950,265216
2011-06-02 14:24:00,10.5000,10.5120,10.4740,10.4940,402780
2011-06-02 14:23:00,10.4920,10.5130,10.4710,10.4960,608776
2011-06-02 14:22:00,10.5010,10.5130,10.4700,10.4880,2090032
2011-06-02 14:21:00,10.5040,10.5160,10.4770,10.4960,1099952
2011-06-02 14:20:00,10.5090,10.5190,10.4810,10.5010,667100
2011-06-02 14:19:00,10.5040,10.5250,10.4830,10.5020,1283436
2011-06-02 14:18:00,10.4960,10.5170,10.4760,10.4990,700840
2011-06-02 14:17:00,10.5130,10.5270,10.4760,10.4960,2498524
2011-06-02 14:16:00,10.5210,10.5330,10.4910,10.5100,507584
2011-06-02 14:15:00,10.5180,10.5330,10.4980,10.5160,461216
2011-06-02 14:14:00,10.5250,10.5370,10.4920,10.5130,1059716
2011-06-02 14:13:00,10.5190,10.5370,10.4990,10.5210,607712
2011-06-02 14:12:00,10.5230,10.5330,10.4970,10.5150,239092
2011-06-02 14:11:00,10.5210,10.5350,10.5010,10.5180,265552
2011-06-02 14:10:00,10.5160,10.5340,10.4940,10.5170,843108
2011-06-02 14:09:00,10.5150,10.5260,10.4900,10.5110,558096
2011-06-02 14:08:00,10.5250,10.5350,10.4950,10.5120,504000
2011-06-02 14:07:00,10.5260,10.5410,10.5030,10.5220,834456
2011-06-02 14:06:00,10.5250,10.5380,10.5030,10.5220,322532
2011-06-02 14:05:00,10.5290,10.5430,10.5040,10.5210,161224
2011-06-02 14:04:00,10.5290,10.5420,10.5030,10.5260,720328
2011-06-02 14:03:00,10.5340,10.5450,10.5040,10.5270,587468
2011-06-02 14:02:00,10.5360,10.5470,10.5090,10.5310,802620
2011-06-02 14:01:00,10.5260,10.5470,10.5040,10.5320,1603420
2011-06-02 14:00:00,10.5230,10.5360,10.5020,10.5210,571424
2011-06-02 13:59:00,10.5280,10.5390,10.5010,10.5200,1135652
2011-06-02 13:58:00,10.5240,10.5380,10.5010,10.5240,934416
2011-06-02 13:57:00,10.5260,10.5380,10.5000,10.5200,1051512
2011-06-02 13:56:00,10.5130,10.5360,10.4920,10.5210,1570324
2011-06-02 13:55:00,10.5080,10.5240,10.4860,10.5090,723016
2011-06-02 13:54:00,10.5050,10.5200,10.4850,10.5040,735504
2011-06-02 13:53:00,10.5020,10.5160,10.4810,10.5010,329140
2011-06-02 13:52:00,10.4950,10.5130,10.4730,10.4960,668836
2011-06-02 13:51:00,10.4950,10.5060,10.4720,10.4900,210364
2011-06-02 13:50:00,10.4970,10.5070,10.4720,10.4910,351960
2011-06-02 13:49:00,10.4940,10.5060,10.4730,10.4920,160860
2011-06-02 13:48:00,10.4970,10.5080,10.4710,10.4910,399588
2011-06-02 13:47:00,10.4990,10.5100,10.4740,10.4940,169596
2011-06-02 13:46:00,10.4940,10.5110,10.4740,10.4960,522032
2011-06-02 13:45:00,10.4960,10.5060,10.4720,10.4910,200984
2011-06-02 13:44:00,10.4960,10.5080,10.4750,10.4910,168588
2011-06-02 13:43:00,10.4960,10.5070,10.4710,10.4920,193788
2011-06-02 13:42:00,10.4940,10.5070,10.4720,10.4890,235424
2011-06-02 13:41:00,10.4930,10.5050,10.4710,10.4900,220276
2011-06-02 13:40:00,10.4900,10.5080,10.4680,10.4880,460628
2011-06-02 13:39:00,10.4920,10.5030,10.4670,10.4850,500248
2011-06-02 13:38:00,10.4900,10.5030,10.4680,10.4880,371252
2011-06-02 13:37:00,10.4940,10.5080,10.4700,10.4870,699440
2011-06-02 13:36:00,10.4940,10.5060,10.4710,10.4900,488852
2011-06-02 13:35:00,10.4990,10.5100,10.4730,10.4890,264768
2011-06-02 13:34:00,10.4940,10.5110,10.4730,10.4940,601384
2011-06-02 13:33:00,10.4930,10.5060,10.4670,10.4890,287056
2011-06-02 13:32:00,10.5020,10.5150,10.4710,10.4920,734132
2011-06-02 13:31:00,10.4990,10.5150,10.4780,10.5000,556164
2011-06-02 13:30:00,10.5030,10.5160,10.4720,10.4960,741664
2011-06-02 13:29:00,10.5060,10.5170,10.4820,10.5010,318164
2011-06-02 13:28:00,10.5070,10.5200,10.4780,10.5030,687316
2011-06-02 13:27:00,10.5000,10.5190,10.4790,10.5050,371476
2011-06-02 13:26:00,10.5060,10.5170,10.4740,10.4970,862932
2011-06-02 13:25:00,10.4940,10.5170,10.4690,10.5020,792120
2011-06-02 13:24:00,10.5010,10.5130,10.4740,10.4900,404152
2011-06-02 13:23:00,10.5010,10.5150,10.4770,10.4940,198380
2011-06-02 13:22:00,10.5000,10.5200,10.4800,10.4960,1073996
2011-06-02 13:21:00,10.4990,10.5110,10.4770,10.4940,248276
2011-06-02 13:20:00,10.4970,10.5110,10.4750,10.4950,571872
2011-06-02 13:19:00,10.5000,10.5110,10.4750,10.4940,874356
2011-06-02 13:18:00,10.4930,10.5120,10.4730,10.4950,551908
2011-06-02 13:17:00,10.4950,10.5060,10.4660,10.4890,560140
2011-06-02 13:16:00,10.4970,10.5090,10.4740,10.4910,614124
2011-06-02 13:15:00,10.4910,10.5080,10.4680,10.4930,397796
2011-06-02 13:14:00,10.4860,10.5030,10.4660,10.4870,743932
2011-06-02 13:13:00,10.4860,10.4980,10.4630,10.4840,779212
2011-06-02 13:12:00,10.4920,10.5060,10.4650,10.4820,1177204
2011-06-02 13:11:00,10.4970,10.5080,10.4720,10.4900,469420
2011-06-02 13:10:00,10.4980,10.5090,10.4730,10.4930,496804
2011-06-02 13:09:00,10.4950,10.5090,10.4730,10.4940,579068
2011-06-02 13:08:00,10.5060,10.5170,10.4760,10.4920,774004
2011-06-02 13:07:00,10.5110,10.5240,10.4830,10.5010,1363236
2011-06-02 13:06:00,10.5060,10.5250,10.4840,10.5080,811132
2011-06-02 13:05:00,10.5010,10.5170,10.4770,10.5020,1010436
2011-06-02 13:04:00,10.4960,10.5130,10.4740,10.4980,570248
2011-06-02 13:03:00,10.4950,10.5070,10.4710,10.4920,393960
2011-06-02 13:02:00,10.4910,10.5070,10.4690,10.4920,264096
2011-06-02 13:01:00,10.4890,10.5070,10.4690,10.4880,474376
2011-06-02 13:00:00,10.4860,10.5000,10.4640,10.4840,1296680
2011-06-02 12:59:00,10.4870,10.4990,10.4640,10.4820,528528
2011-06-02 12:58:00,10.4870,10.5000,10.4660,10.4840,421008
2011-06-02 12:57:00,10.4890,10.5020,10.4660,10.4830,251300
2011-06-02 12:56:00,10.4910,10.5030,10.4650,10.4850,405272
2011-06-02 12:55:00,10.4970,10.5070,10.4660,10.4870,525840
2011-06-02 12:54:00,10.4890,10.5070,10.4670,10.4880,987784
2011-06-02 12:53:00,10.4880,10.5030,10.4670,10.4850,614824
2011-06-02 12:52:00,10.4810,10.4980,10.4590,10.4830,1222788
2011-06-02 12:51:00,10.4860,10.4960,10.4580,10.4780,532756
2011-06-02 12:50:00,10.4820,10.4980,10.4610,10.4820,863604
2011-06-02 12:49:00,10.4790,10.4940,10.4540,10.4760,466004
2011-06-02 12:48:00,10.4860,10.4960,10.4570,10.4750,489552
2011-06-02 12:47:00,10.4850,10.4970,10.4620,10.4820,267512
2011-06-02 12:46:00,10.4910,10.5020,10.4620,10.4810,670040
2011-06-02 12:45:00,10.4870,10.5040,10.4670,10.4860,735196
2011-06-02 12:44:00,10.4780,10.5050,10.4570,10.4840,816676
2011-06-02 12:43:00,10.4760,10.4940,10.4550,10.4780,576240
2011-06-02 12:42:00,10.4720,10.4880,10.4520,10.4730,455112
2011-06-02 12:41:00,10.4730,10.4850,10.4490,10.4700,207508
2011-06-02 12:40:00,10.4770,10.4880,10.4510,10.4680,126056
2011-06-02 12:39:00,10.4760,10.4920,10.4540,10.4730,891212
2011-06-02 12:38:00,10.4710,10.4880,10.4500,10.4720,540680
2011-06-02 12:37:00,10.4770,10.4880,10.4490,10.4680,702772
2011-06-02 12:36:00,10.4780,10.4900,10.4570,10.4740,190400
2011-06-02 12:35:00,10.4760,10.4900,10.4560,10.4730,143164
2011-06-02 12:34:00,10.4760,10.4880,10.4550,10.4730,240800
2011-06-02 12:33:00,10.4760,10.4910,10.4540,10.4720,188132
2011-06-02 12:32:00,10.4740,10.4890,10.4510,10.4730,224168
2011-06-02 12:31:00,10.4780,10.4900,10.4530,10.4690,145348
2011-06-02 12:30:00,10.4830,10.4940,10.4570,10.4740,117152
2011-06-02 12:29:00,10.4790,10.4940,10.4580,10.4790,155540
2011-06-02 12:28:00,10.4770,10.4930,10.4570,10.4760,487004
2011-06-02 12:27:00,10.4750,10.4890,10.4540,10.4740,279580
2011-06-02 12:26:00,10.4800,10.4910,10.4540,10.4720,382788
2011-06-02 12:25:00,10.4830,10.4940,10.4600,10.4770,262024
2011-06-02 12:24:00,10.4810,10.4950,10.4600,10.4790,339892
2011-06-02 12:23:00,10.4900,10.5010,10.4590,10.4770,747516
2011-06-02 12:22:00,10.4900,10.5070,10.4680,10.4860,497812
2011-06-02 12:21:00,10.4940,10.5050,10.4690,10.4860,390852
2011-06-02 12:20:00,10.4890,10.5060,10.4680,10.4900,525868
2011-06-02 12:19:00,10.4930,10.5040,10.4680,10.4850,393400
2011-06-02 12:18:00,10.4880,10.5040,10.4680,10.4890,650384
2011-06-02 12:17:00,10.4860,10.4980,10.4640,10.4830,377496
2011-06-02 12:16:00,10.4790,10.4970,10.4590,10.4800,441924
2011-06-02 12:15:00,10.4800,10.4970,10.4580,10.4760,305900
2011-06-02 12:14:00,10.4810,10.4930,10.4560,10.4750,348600
2011-06-02 12:13:00,10.4760,10.4950,10.4520,10.4800,408184
2011-06-02 12:12:00,10.4810,10.4930,10.4540,10.4730,475692
2011-06-02 12:11:00,10.4790,10.4960,10.4580,10.4760,324156
2011-06-02 12:10:00,10.4760,10.4930,10.4540,10.4760,287280
2011-06-02 12:09:00,10.4750,10.4890,10.4510,10.4730,200144
2011-06-02 12:08:00,10.4730,10.4890,10.4510,10.4730,421008
2011-06-02 12:07:00,10.4740,10.4860,10.4500,10.4680,286104
2011-06-02 12:06:00,10.4780,10.4890,10.4510,10.4680,310632
2011-06-02 12:05:00,10.4770,10.4900,10.4560,10.4730,129556
2011-06-02 12:04:00,10.4810,10.4910,10.4540,10.4710,326340
2011-06-02 12:03:00,10.4830,10.4950,10.4540,10.4790,400092
2011-06-02 12:02:00,10.4760,10.4980,10.4520,10.4770,953036
2011-06-02 12:01:00,10.4810,10.4930,10.4540,10.4700,797160
2011-06-02 12:00:00,10.4830,10.4980,10.4590,10.4760,797496
2011-06-02 11:59:00,10.4830,10.4980,10.4620,10.4780,698880
2011-06-02 11:58:00,10.4850,10.4990,10.4590,10.4800,908964
2011-06-02 11:57:00,10.4810,10.4980,10.4600,10.4810,1246084
2011-06-02 11:56:00,10.4710,10.4920,10.4510,10.4770,1027964
2011-06-02 11:55:00,10.4700,10.4870,10.4480,10.4680,386316
2011-06-02 11:54:00,10.4700,10.4800,10.4470,10.4640,253400
2011-06-02 11:53:00,10.4620,10.4830,10.4410,10.4660,924280
2011-06-02 11:52:00,10.4630,10.4850,10.4410,10.4620,1397004
2011-06-02 11:51:00,10.4550,10.4770,10.4340,10.4590,439936
2011-06-02 11:50:00,10.4630,10.4740,10.4340,10.4520,444416
2011-06-02 11:49:00,10.4560,10.4740,10.4360,10.4550,1604988
2011-06-02 11:48:00,10.4550,10.4700,10.4310,10.4520,423920
2011-06-02 11:47:00,10.4730,10.4840,10.4350,10.4510,1299844
2011-06-02 11:46:00,10.4710,10.4830,10.4440,10.4680,824768
2011-06-02 11:45:00,10.4680,10.4850,10.4470,10.4670,1382976
2011-06-02 11:44:00,10.4640,10.4810,10.4440,10.4640,987308
2011-06-02 11:43:00,10.4630,10.4780,10.4400,10.4620,1344168
2011-06-02 11:42:00,10.4530,10.4740,10.4310,10.4590,1116892
2011-06-02 11:41:00,10.4440,10.4640,10.4200,10.4500,2494800
2011-06-02 11:40:00,10.4550,10.4670,10.4220,10.4400,1625960
2011-06-02 11:39:00,10.4550,10.4680,10.4320,10.4540,622468
2011-06-02 11:38:00,10.4570,10.4680,10.4350,10.4510,527716
2011-06-02 11:37:00,10.4560,10.4730,10.4330,10.4530,1308468
2011-06-02 11:36:00,10.4570,10.4690,10.4330,10.4520,409080
2011-06-02 11:35:00,10.4580,10.4720,10.4300,10.4520,1452220
2011-06-02 11:34:00,10.4630,10.4760,10.4350,10.4540,1284472
2011-06-02 11:33:00,10.4690,10.4810,10.4320,10.4590,2530276
2011-06-02 11:32:00,10.4720,10.4870,10.4450,10.4660,1017576
2011-06-02 11:31:00,10.4720,10.4840,10.4420,10.4650,1951572
2011-06-02 11:30:00,10.4710,10.4870,10.4490,10.4670,1236704
2011-06-02 11:29:00,10.4770,10.4880,10.4430,10.4650,1956808
2011-06-02 11:28:00,10.4850,10.4970,10.4570,10.4740,1364776
2011-06-02 11:27:00,10.4890,10.5030,10.4650,10.4810,584360
2011-06-02 11:26:00,10.4930,10.5050,10.4660,10.4850,1619408
2011-06-02 11:25:00,10.5010,10.5120,10.4710,10.4880,1094884
2011-06-02 11:24:00,10.5030,10.5190,10.4780,10.4970,1007440
2011-06-02 11:23:00,10.5010,10.5170,10.4750,10.4980,1042748
2011-06-02 11:22:00,10.5090,10.5230,10.4820,10.4980,711592
2011-06-02 11:21:00,10.5130,10.5250,10.4860,10.5030,256928
2011-06-02 11:20:00,10.5090,10.5270,10.4860,10.5090,1495228
2011-06-02 11:19:00,10.5060,10.5200,10.4830,10.5050,367920
2011-06-02 11:18:00,10.5030,10.5200,10.4830,10.5020,700112
2011-06-02 11:17:00,10.5040,10.5160,10.4810,10.4990,308560
2011-06-02 11:16:00,10.4980,10.5160,10.4770,10.4980,531188
2011-06-02 11:15:00,10.4990,10.5130,10.4750,10.4960,599340
2011-06-02 11:14:00,10.4980,10.5130,10.4770,10.4960,424172
2011-06-02 11:13:00,10.4980,10.5130,10.4780,10.4940,343476
2011-06-02 11:12:00,10.4960,10.5140,10.4740,10.4950,687736
2011-06-02 11:11:00,10.4980,10.5130,10.4740,10.4920,1053304
2011-06-02 11:10:00,10.5060,10.5200,10.4780,10.4960,784532
2011-06-02 11:09:00,10.5080,10.5200,10.4830,10.5040,280280
2011-06-02 11:08:00,10.5050,10.5220,10.4830,10.5030,632968
2011-06-02 11:07:00,10.5210,10.5320,10.4830,10.5020,1476832
2011-06-02 11:06:00,10.5210,10.5320,10.4950,10.5150,531244
2011-06-02 11:05:00,10.5230,10.5340,10.4960,10.5180,376124
2011-06-02 11:04:00,10.5250,10.5350,10.4990,10.5190,169932
2011-06-02 11:03:00,10.5220,10.5370,10.5000,10.5200,333228
2011-06-02 11:02:00,10.5210,10.5370,10.4990,10.5190,639016
2011-06-02 11:01:00,10.5180,10.5350,10.4940,10.5170,501788
2011-06-02 11:00:00,10.5180,10.5300,10.4930,10.5130,357840
2011-06-02 10:59:00,10.5180,10.5310,10.4970,10.5140,288120
2011-06-02 10:58:00,10.5230,10.5340,10.4960,10.5140,602756
2011-06-02 10:57:00,10.5230,10.5350,10.5010,10.5200,542808
2011-06-02 10:56:00,10.5220,10.5350,10.4990,10.5190,300412
2011-06-02 10:55:00,10.5190,10.5340,10.4980,10.5180,533596
2011-06-02 10:54:00,10.5180,10.5320,10.4970,10.5160,958944
2011-06-02 10:53:00,10.5160,10.5290,10.4920,10.5140,1335544
2011-06-02 10:52:00,10.5330,10.5470,10.4940,10.5120,1974980
2011-06-02 10:51:00,10.5330,10.5480,10.5120,10.5300,796992
2011-06-02 10:50:00,10.5400,10.5510,10.5120,10.5290,685216
2011-06-02 10:49:00,10.5440,10.5570,10.5180,10.5370,556948
2011-06-02 10:48:00,10.5410,10.5550,10.5190,10.5400,544068
2011-06-02 10:47:00,10.5400,10.5550,10.5180,10.5390,290584
2011-06-02 10:46:00,10.5400,10.5520,10.5170,10.5350,274456
2011-06-02 10:45:00,10.5410,10.5540,10.5180,10.5380,529760
2011-06-02 10:44:00,10.5370,10.5530,10.5160,10.5370,410704
2011-06-02 10:43:00,10.5470,10.5590,10.5160,10.5340,1474536
2011-06-02 10:42:00,10.5490,10.5600,10.5210,10.5430,489020
2011-06-02 10:41:00,10.5460,10.5590,10.5210,10.5450,814240
2011-06-02 10:40:00,10.5430,10.5590,10.5130,10.5420,1564108
2011-06-02 10:39:00,10.5510,10.5620,10.5220,10.5390,1306424
2011-06-02 10:38:00,10.5460,10.5610,10.5220,10.5440,688520
2011-06-02 10:37:00,10.5480,10.5610,10.5200,10.5420,1433012
2011-06-02 10:36:00,10.5390,10.5600,10.5170,10.5450,1268232
2011-06-02 10:35:00,10.5420,10.5530,10.5150,10.5340,1462468
2011-06-02 10:34:00,10.5390,10.5530,10.5160,10.5380,1360968
2011-06-02 10:33:00,10.5400,10.5530,10.5110,10.5360,749784
2011-06-02 10:32:00,10.5390,10.5530,10.5130,10.5360,2462908
2011-06-02 10:31:00,10.5310,10.5530,10.5070,10.5350,3884468
2011-06-02 10:30:00,10.5310,10.5420,10.5030,10.5260,1065372
2011-06-02 10:29:00,10.5230,10.5410,10.5000,10.5260,998312
2011-06-02 10:28:00,10.5240,10.5390,10.5000,10.5180,749084
2011-06-02 10:27:00,10.5260,10.5410,10.4950,10.5180,527660
2011-06-02 10:26:00,10.5190,10.5410,10.4980,10.5240,1325604
2011-06-02 10:25:00,10.5160,10.5300,10.4950,10.5150,449148
2011-06-02 10:24:00,10.5190,10.5340,10.4900,10.5120,2332316
2011-06-02 10:23:00,10.5310,10.5430,10.4960,10.5160,1129100
2011-06-02 10:22:00,10.5180,10.5450,10.4970,10.5280,1852200
2011-06-02 10:21:00,10.5200,10.5310,10.4940,10.5140,513772
2011-06-02 10:20:00,10.5190,10.5310,10.4940,10.5160,996660
2011-06-02 10:19:00,10.5180,10.5360,10.4970,10.5160,467320
2011-06-02 10:18:00,10.5270,10.5380,10.4940,10.5140,1135652
2011-06-02 10:17:00,10.5230,10.5380,10.4980,10.5230,1940316
2011-06-02 10:16:00,10.5130,10.5350,10.4930,10.5190,1073632
2011-06-02 10:15:00,10.5100,10.5240,10.4860,10.5100,952560
2011-06-02 10:14:00,10.5170,10.5300,10.4880,10.5050,718480
2011-06-02 10:13:00,10.5160,10.5300,10.4930,10.5130,1234632
2011-06-02 10:12:00,10.5240,10.5360,10.4950,10.5120,1647296
2011-06-02 10:11:00,10.5100,10.5360,10.4900,10.5210,1352512
2011-06-02 10:10:00,10.5060,10.5210,10.4850,10.5060,652736
2011-06-02 10:09:00,10.5050,10.5190,10.4840,10.5010,1020460
2011-06-02 10:08:00,10.5170,10.5270,10.4830,10.5010,1548568
2011-06-02 10:07:00,10.5220,10.5340,10.4950,10.5120,1120336
2011-06-02 10:06:00,10.5220,10.5350,10.4940,10.5170,666260
2011-06-02 10:05:00,10.5170,10.5360,10.4910,10.5200,1828568
2011-06-02 10:04:00,10.4960,10.5290,10.4740,10.5140,1847356
2011-06-02 10:03:00,10.5030,10.5160,10.4730,10.4910,1099672
2011-06-02 10:02:00,10.5060,10.5190,10.4800,10.5000,714476
2011-06-02 10:01:00,10.5150,10.5270,10.4820,10.5030,1819608
2011-06-02 10:00:00,10.5140,10.5350,10.4930,10.5130,1629068
2011-06-02 09:59:00,10.5170,10.5310,10.4890,10.5090,711480
2011-06-02 09:58:00,10.5200,10.5350,10.4920,10.5120,907536
2011-06-02 09:57:00,10.5210,10.5350,10.4970,10.5170,758996
2011-06-02 09:56:00,10.5260,10.5430,10.4970,10.5180,2259432
2011-06-02 09:55:00,10.5190,10.5360,10.4980,10.5220,862176
2011-06-02 09:54:00,10.5120,10.5290,10.4900,10.5140,732788
2011-06-02 09:53:00,10.5210,10.5340,10.4900,10.5100,1122716
2011-06-02 09:52:00,10.5220,10.5380,10.4980,10.5190,1511944
2011-06-02 09:51:00,10.5200,10.5400,10.4970,10.5190,2677612
2011-06-02 09:50:00,10.5060,10.5320,10.4820,10.5170,2389296
2011-06-02 09:49:00,10.4950,10.5240,10.4710,10.5010,2059652
2011-06-02 09:48:00,10.4920,10.5110,10.4710,10.4930,2118256
2011-06-02 09:47:00,10.4880,10.5070,10.4630,10.4890,2404780
2011-06-02 09:46:00,10.4800,10.5010,10.4510,10.4840,2614640
2011-06-02 09:45:00,10.4840,10.4980,10.4550,10.4780,2090900
2011-06-02 09:44:00,10.4940,10.5060,10.4630,10.4800,1240232
2011-06-02 09:43:00,10.4910,10.5080,10.4560,10.4900,2615032
2011-06-02 09:42:00,10.4980,10.5190,10.4710,10.4870,1419600
2011-06-02 09:41:00,10.4870,10.5160,10.4630,10.4940,2817976
2011-06-02 09:40:00,10.5020,10.5160,10.4630,10.4800,2134944
2011-06-02 09:39:00,10.4980,10.5140,10.4740,10.4960,1466528
2011-06-02 09:38:00,10.4990,10.5120,10.4710,10.4960,2769088
2011-06-02 09:37:00,10.5230,10.5350,10.4750,10.4960,3079776
2011-06-02 09:36:00,10.5170,10.5340,10.4960,10.5190,1445108
2011-06-02 09:35:00,10.5200,10.5380,10.4950,10.5130,2362080
2011-06-02 09:34:00,10.5370,10.5480,10.4930,10.5150,2347492
2011-06-02 09:33:00,10.5170,10.5490,10.4950,10.5330,3265864
2011-06-02 09:32:00,10.5110,10.5300,10.4840,10.5140,2144268
2011-06-02 09:31:00,10.5210,10.5330,10.4860,10.5070,2692928
2011-06-02 09:30:00,10.5060,10.5350,10.4860,10.5180,2689708
2011-06-02 09:29:00,10.5080,10.5200,10.4860,10.5040,117936
2011-06-02 09:28:00,10.5160,10.5270,10.4860,10.5030,72520
2011-06-02 09:27:00,10.5260,10.5370,10.5050,10.5220,19600
2011-06-02 09:25:00,10.5260,10.5360,10.5060,10.5220,6524
2011-06-02 09:24:00,10.5260,10.5360,10.5060,10.5220,6524
2011-06-02 09:23:00,10.5240,10.5340,10.5030,10.5200,15876
2011-06-02 09:22:00,10.5220,10.5330,10.5020,10.5180,5600
2011-06-02 09:21:00,10.5230,10.5330,10.5020,10.5190,2800
2011-06-02 09:20:00,10.5190,10.5290,10.4980,10.5150,2800
2011-06-02 09:19:00,10.5130,10.5240,10.4930,10.5100,2800
2011-06-02 09:18:00,10.5200,10.5300,10.4930,10.5110,29400
2011-06-02 09:17:00,10.5200,10.5310,10.4980,10.5140,50400
2011-06-02 09:15:00,10.5230,10.5350,10.5030,10.5200,30800
2011-06-02 09:14:00,10.5230,10.5380,10.5030,10.5240,43260
2011-06-02 09:12:00,10.5230,10.5340,10.5030,10.5200,11200
2011-06-02 09:11:00,10.5200,10.5320,10.4980,10.5150,28616
2011-06-02 09:10:00,10.5220,10.5320,10.5010,10.5180,8400
2011-06-02 09:09:00,10.5230,10.5330,10.5010,10.5180,49840
2011-06-02 09:08:00,10.5280,10.5380,10.5070,10.5240,2800
2011-06-02 09:06:00,10.5280,10.5380,10.5070,10.5240,14000
2011-06-02 09:05:00,10.5290,10.5400,10.5090,10.5250,3500
2011-06-02 09:04:00,10.5290,10.5400,10.5090,10.5250,8400
2011-06-02 09:03:00,10.5290,10.5400,10.5090,10.5250,5600
2011-06-02 09:02:00,10.5310,10.5410,10.5090,10.5250,11200
2011-06-02 09:01:00,10.5300,10.5410,10.5100,10.5270,8400
2011-06-02 09:00:00,10.5290,10.5400,10.5090,10.5250,2800
2011-06-02 08:59:00,10.5280,10.5390,10.5080,10.5240,2800
2011-06-02 08:57:00,10.5250,10.5400,10.5040,10.5250,12040
2011-06-02 08:56:00,10.5250,10.5360,10.5020,10.5180,27160
2011-06-02 08:55:00,10.5310,10.5420,10.5100,10.5270,28000
2011-06-02 08:54:00,10.5330,10.5430,10.5110,10.5270,16240
2011-06-02 08:53:00,10.5330,10.5430,10.5100,10.5270,5600
2011-06-02 08:52:00,10.5280,10.5380,10.5070,10.5240,5600
2011-06-02 08:50:00,10.5270,10.5400,10.5070,10.5230,44800
2011-06-02 08:49:00,10.5240,10.5390,10.5040,10.5250,5600
2011-06-02 08:48:00,10.5220,10.5400,10.4970,10.5180,105924
2011-06-02 08:47:00,10.5220,10.5330,10.5000,10.5160,39200
2011-06-02 08:46:00,10.5250,10.5370,10.5020,10.5190,59024
2011-06-02 08:45:00,10.5270,10.5370,10.5020,10.5190,78764
2011-06-02 08:44:00,10.5340,10.5440,10.5060,10.5230,422212
2011-06-02 08:43:00,10.5350,10.5460,10.5130,10.5300,14000
2011-06-02 08:41:00,10.5360,10.5490,10.5140,10.5320,146860
2011-06-02 08:40:00,10.5310,10.5460,10.5110,10.5300,21000
2011-06-02 08:39:00,10.5250,10.5440,10.5020,10.5270,212716
2011-06-02 08:38:00,10.5280,10.5380,10.5050,10.5210,11200
2011-06-02 08:37:00,10.5160,10.5380,10.4960,10.5240,86240
2011-06-02 08:36:00,10.5220,10.5320,10.4950,10.5120,32200
2011-06-02 08:35:00,10.5180,10.5320,10.4970,10.5180,63280
2011-06-02 08:34:00,10.5210,10.5320,10.5010,10.5170,21280
2011-06-02 08:33:00,10.5220,10.5330,10.4970,10.5180,92092
2011-06-02 08:32:00,10.5210,10.5380,10.5000,10.5180,137984
2011-06-02 08:31:00,10.5130,10.5310,10.4930,10.5170,90720
2011-06-02 08:30:00,10.4980,10.5220,10.4780,10.5080,8400
2011-06-02 08:29:00,10.4970,10.5090,10.4770,10.4930,24640
2011-06-02 08:28:00,10.5000,10.5110,10.4790,10.4950,5600
2011-06-02 08:27:00,10.5030,10.5140,10.4800,10.4970,28000
2011-06-02 08:23:00,10.5000,10.5130,10.4800,10.4960,11200
2011-06-02 08:22:00,10.5040,10.5160,10.4840,10.5010,11760
2011-06-02 08:21:00,10.5020,10.5140,10.4800,10.4980,105392
2011-06-02 08:20:00,10.5020,10.5130,10.4820,10.4980,2800
2011-06-02 08:19:00,10.5000,10.5130,10.4800,10.4980,8400
2011-06-02 08:18:00,10.4970,10.5110,10.4770,10.4950,10024
2011-06-02 08:17:00,10.5030,10.5140,10.4790,10.4950,113876
2011-06-02 08:16:00,10.5030,10.5140,10.4820,10.5000,28000
2011-06-02 08:15:00,10.5020,10.5130,10.4820,10.4980,5600
2011-06-02 08:14:00,10.4990,10.5130,10.4790,10.4980,18760
2011-06-02 08:13:00,10.4990,10.5090,10.4750,10.4950,28560
2011-06-02 08:10:00,10.5020,10.5130,10.4820,10.4980,2800
2011-06-02 08:09:00,10.5020,10.5130,10.4770,10.4940,11200
2011-06-02 08:08:00,10.5020,10.5130,10.4790,10.4950,21840
2011-06-02 08:06:00,10.5030,10.5140,10.4830,10.5000,30800
2011-06-02 08:04:00,10.5030,10.5140,10.4830,10.5000,37240
2011-06-02 08:03:00,10.4990,10.5140,10.4790,10.5000,44352
2011-06-02 08:02:00,10.4990,10.5110,10.4790,10.4960,11200
2011-06-02 08:01:00,10.4990,10.5090,10.4790,10.4950,2800
2011-06-02 08:00:00,10.5060,10.5230,10.4790,10.4950,83300
2011-06-02 07:57:00,10.5030,10.5140,10.4830,10.5000,2800
2011-06-02 07:55:00,10.5020,10.5130,10.4820,10.4980,2800
2011-06-02 07:54:00,10.5120,10.5220,10.4910,10.5080,2800
2011-06-02 07:48:00,10.5130,10.5230,10.4920,10.5090,2800
2011-06-02 07:47:00,10.5120,10.5220,10.4910,10.5080,8400
2011-06-02 07:46:00,10.5120,10.5230,10.4910,10.5080,25200
2011-06-02 07:44:00,10.5090,10.5230,10.4890,10.5080,19600
2011-06-02 07:37:00,10.5020,10.5130,10.4800,10.4960,22400
2011-06-02 07:35:00,10.5110,10.5220,10.4910,10.5070,33600
2011-06-02 07:34:00,10.5020,10.5130,10.4820,10.4980,11200
2011-06-02 07:32:00,10.5010,10.5110,10.4800,10.4960,21000
2011-06-02 07:31:00,10.5010,10.5110,10.4800,10.4970,2800
2011-06-02 07:28:00,10.5020,10.5130,10.4820,10.4980,2800
2011-06-02 07:22:00,10.5000,10.5100,10.4800,10.4960,2800
2011-06-02 07:18:00,10.4940,10.5050,10.4730,10.4890,5600
2011-06-02 07:10:00,10.4930,10.5030,10.4730,10.4890,2800
2011-06-02 07:06:00,10.5050,10.5150,10.4840,10.5010,4200
2011-06-02 07:05:00,10.5070,10.5170,10.4860,10.5030,10920
2011-06-02 07:02:00,10.5060,10.5170,10.4860,10.5030,17080
2011-06-02 07:01:00,10.5070,10.5180,10.4860,10.5030,19600
2011-06-02 06:37:00,10.5220,10.5320,10.5010,10.5180,8400
2011-06-02 06:30:00,10.5170,10.5280,10.4970,10.5130,2800
2011-06-02 06:13:00,10.5370,10.5470,10.5160,10.5330,11200
2011-06-02 06:05:00,10.5370,10.5470,10.5160,10.5330,5600
2011-06-02 05:46:00,10.5160,10.5260,10.4950,10.5120,2800
2011-06-02 05:39:00,10.5130,10.5230,10.4920,10.5090,2800
2011-06-02 05:20:00,10.5240,10.5350,10.5040,10.5200,2800
2011-06-02 05:07:00,10.5040,10.5140,10.4830,10.5000,2800
2011-06-02 05:06:00,10.5050,10.5150,10.4840,10.5010,14000
2011-06-02 04:56:00,10.5220,10.5320,10.5010,10.5180,11200
2011-06-02 04:41:00,10.5220,10.5320,10.5000,10.5160,19600
2011-06-02 04:33:00,10.5060,10.5160,10.4860,10.5020,5600
2011-06-02 04:31:00,10.5040,10.5140,10.4830,10.5000,5600
2011-06-01 19:59:00,10.4910,10.5020,10.4710,10.4870,29288
2011-06-01 19:57:00,10.4910,10.5020,10.4710,10.4870,14000
2011-06-01 19:56:00,10.4910,10.5020,10.4710,10.4870,14000
2011-06-01 19:55:00,10.4880,10.5020,10.4680,10.4870,8400
2011-06-01 19:53:00,10.4940,10.5050,10.4710,10.4870,53508
2011-06-01 19:52:00,10.4910,10.5020,10.4710,10.4870,2800
2011-06-01 19:51:00,10.4940,10.5050,10.4740,10.4900,13608
2011-06-01 19:50:00,10.4940,10.5050,10.4740,10.4900,12600
2011-06-01 19:49:00,10.4940,10.5050,10.4740,10.4900,2800
2011-06-01 19:48:00,10.4970,10.5080,10.4770,10.4930,19320
2011-06-01 19:44:00,10.4920,10.5020,10.4710,10.4880,3500
2011-06-01 19:43:00,10.4920,10.5020,10.4710,10.4880,12320
2011-06-01 19:42:00,10.4910,10.5020,10.4710,10.4870,16800
2011-06-01 19:40:00,10.5000,10.5110,10.4800,10.4970,14000
2011-06-01 19:37:00,10.4820,10.5050,10.4620,10.4900,97804
2011-06-01 19:34:00,10.4780,10.4910,10.4580,10.4770,53508
2011-06-01 19:33:00,10.4730,10.4840,10.4530,10.4690,57036
2011-06-01 19:32:00,10.4730,10.4840,10.4530,10.4690,24948
2011-06-01 19:27:00,10.4700,10.4810,10.4500,10.4660,5600
2011-06-01 19:26:00,10.4690,10.4800,10.4490,10.4650,25200
2011-06-01 19:19:00,10.4720,10.4830,10.4520,10.4680,2800
2011-06-01 19:15:00,10.4720,10.4830,10.4520,10.4680,21420
2011-06-01 19:14:00,10.4720,10.4830,10.4520,10.4680,3780
2011-06-01 19:13:00,10.4710,10.4830,10.4510,10.4680,7420
2011-06-01 19:11:00,10.4730,10.4840,10.4530,10.4690,19320
2011-06-01 19:10:00,10.4720,10.4840,10.4510,10.4690,28000
2011-06-01 19:09:00,10.4700,10.4820,10.4500,10.4670,7728
2011-06-01 19:08:00,10.4700,10.4810,10.4500,10.4660,11424
2011-06-01 19:03:00,10.4690,10.4790,10.4480,10.4650,2800
2011-06-01 18:57:00,10.4660,10.4770,10.4460,10.4620,14392
2011-06-01 18:55:00,10.4660,10.4760,10.4460,10.4620,8400
2011-06-01 18:53:00,10.4670,10.4780,10.4470,10.4630,3640
2011-06-01 18:52:00,10.4690,10.4790,10.4470,10.4630,16380
2011-06-01 18:51:00,10.4690,10.4800,10.4490,10.4660,2800
2011-06-01 18:46:00,10.4700,10.4810,10.4500,10.4660,2800
2011-06-01 18:40:00,10.4720,10.4830,10.4520,10.4680,2800
2011-06-01 18:35:00,10.4680,10.4790,10.4480,10.4640,2800
2011-06-01 18:33:00,10.4690,10.4790,10.4480,10.4650,2800
2011-06-01 18:30:00,10.4700,10.4810,10.4500,10.4660,2800
2011-06-01 18:25:00,10.4700,10.4810,10.4500,10.4660,5600
2011-06-01 18:21:00,10.4730,10.4840,10.4530,10.4690,8316
2011-06-01 18:20:00,10.4700,10.4810,10.4480,10.4650,8904
2011-06-01 18:12:00,10.4760,10.4870,10.4560,10.4730,37492
2011-06-01 18:09:00,10.4730,10.4830,10.4520,10.4680,16800
2011-06-01 18:01:00,10.4760,10.4870,10.4560,10.4720,2800
2011-06-01 17:56:00,10.4760,10.4870,10.4560,10.4720,503048
2011-06-01 17:43:00,10.4720,10.4820,10.4520,10.4680,2800
2011-06-01 17:42:00,10.4760,10.4870,10.4560,10.4720,5600
2011-06-01 17:41:00,10.4770,10.4870,10.4570,10.4730,2800
2011-06-01 17:40:00,10.4710,10.4820,10.4500,10.4670,18424
2011-06-01 17:39:00,10.4710,10.4810,10.4500,10.4670,7000
2011-06-01 17:37:00,10.4760,10.4890,10.4560,10.4740,25200
2011-06-01 17:35:00,10.4690,10.4840,10.4490,10.4650,14952
2011-06-01 17:34:00,10.5150,10.5260,10.4950,10.5110,70000
2011-06-01 17:33:00,10.4690,10.4790,10.4490,10.4650,4200
2011-06-01 17:27:00,10.4750,10.4850,10.4500,10.4660,33600
2011-06-01 17:26:00,10.4760,10.4870,10.4560,10.4720,45360
2011-06-01 17:25:00,10.4800,10.4910,10.4600,10.4770,25900
2011-06-01 17:22:00,10.4810,10.4910,10.4600,10.4770,8960
2011-06-01 17:20:00,10.4760,10.4870,10.4560,10.4720,3080
2011-06-01 17:18:00,10.4790,10.4910,10.4590,10.4770,37800
2011-06-01 17:15:00,10.4790,10.4900,10.4590,10.4750,11200
2011-06-01 17:13:00,10.4790,10.4900,10.4590,10.4760,2800
2011-06-01 17:12:00,10.4790,10.4910,10.4590,10.4770,26460
2011-06-01 17:04:00,10.4800,10.4910,10.4600,10.4770,25200
2011-06-01 17:03:00,10.4800,10.4910,10.4600,10.4760,7840
2011-06-01 17:00:00,10.4800,10.4910,10.4600,10.4760,2800
2011-06-01 16:56:00,10.4770,10.4870,10.4570,10.4730,4284
2011-06-01 16:47:00,10.4800,10.4910,10.4600,10.4760,2800
2011-06-01 16:44:00,10.4770,10.4880,10.4570,10.4730,4480
2011-06-01 16:43:00,10.4770,10.4870,10.4570,10.4730,8400
2011-06-01 16:42:00,10.4900,10.5000,10.4600,10.4770,19600
2011-06-01 16:41:00,10.4800,10.4910,10.4600,10.4760,5600
2011-06-01 16:38:00,10.4760,10.4870,10.4560,10.4730,57400
2011-06-01 16:36:00,10.4740,10.4850,10.4540,10.4700,268940
2011-06-01 16:35:00,10.4750,10.4850,10.4540,10.4710,12152
2011-06-01 16:33:00,10.4750,10.4850,10.4540,10.4710,2800
2011-06-01 16:31:00,10.4780,10.4890,10.4580,10.4740,268940
2011-06-01 16:29:00,10.4740,10.4850,10.4540,10.4700,11200
2011-06-01 16:28:00,10.4710,10.4810,10.4500,10.4670,11200
2011-06-01 16:24:00,10.4710,10.4810,10.4500,10.4670,2800
2011-06-01 16:22:00,10.4730,10.4850,10.4520,10.4700,154028
2011-06-01 16:21:00,10.5700,10.5800,10.4500,10.4660,756140
2011-06-01 16:19:00,10.4780,10.4890,10.4580,10.4740,86072
2011-06-01 16:18:00,10.4750,10.4870,10.4500,10.4710,51464
2011-06-01 16:17:00,10.4750,10.4870,10.4550,10.4720,6636
2011-06-01 16:16:00,10.4740,10.4850,10.4500,10.4660,133084
2011-06-01 16:11:00,10.5670,10.5770,10.4500,10.4690,200564
2011-06-01 16:10:00,10.4680,10.4810,10.4470,10.4670,9016
2011-06-01 16:08:00,10.4680,10.4790,10.4470,10.4630,24500
2011-06-01 16:07:00,10.4700,10.4920,10.4500,10.4780,17360
2011-06-01 16:06:00,10.4720,10.4830,10.4380,10.4690,138124
2011-06-01 16:05:00,10.4760,10.4870,10.4530,10.4690,59500
2011-06-01 16:04:00,10.4780,10.4880,10.4570,10.4740,7504
2011-06-01 16:03:00,10.5700,10.5800,10.4560,10.4750,71008
2011-06-01 16:02:00,10.4760,10.5800,10.4540,10.4700,97132
2011-06-01 16:01:00,10.4750,10.4890,10.4550,10.4740,22400
2011-06-01 16:00:00,10.4760,10.4900,10.4510,10.4670,18547032
2011-06-01 15:59:00,10.4750,10.4920,10.4520,10.4720,4933376
2011-06-01 15:58:00,10.4810,10.4920,10.4540,10.4710,2756992
2011-06-01 15:57:00,10.4760,10.4920,10.4550,10.4770,1873088
2011-06-01 15:56:00,10.4750,10.4880,10.4510,10.4720,2024848
2011-06-01 15:55:00,10.4780,10.4890,10.4520,10.4710,2248540
2011-06-01 15:54:00,10.4660,10.4900,10.4450,10.4750,2733444
2011-06-01 15:53:00,10.4520,10.4780,10.4300,10.4630,2515940
2011-06-01 15:52:00,10.4590,10.4710,10.4300,10.4460,2553460
2011-06-01 15:51:00,10.4590,10.4700,10.4360,10.4550,1014412
2011-06-01 15:50:00,10.4640,10.4750,10.4370,10.4560,1807876
2011-06-01 15:49:00,10.4650,10.4800,10.4390,10.4620,1360660
2011-06-01 15:48:00,10.4690,10.4810,10.4400,10.4610,1666924
2011-06-01 15:47:00,10.4660,10.4800,10.4380,10.4640,1573124
2011-06-01 15:46:00,10.4680,10.4810,10.4440,10.4630,1596252
2011-06-01 15:45:00,10.4610,10.4830,10.4360,10.4640,2203880
2011-06-01 15:44:00,10.4760,10.4870,10.4410,10.4570,3152072
2011-06-01 15:43:00,10.4800,10.4910,10.4560,10.4720,711648
2011-06-01 15:42:00,10.4790,10.4910,10.4560,10.4760,980476
2011-06-01 15:41:00,10.4830,10.4960,10.4560,10.4750,1515668
2011-06-01 15:40:00,10.4900,10.5030,10.4630,10.4800,1168104
2011-06-01 15:39:00,10.4910,10.5050,10.4700,10.4860,1037288
2011-06-01 15:38:00,10.4950,10.5060,10.4710,10.4870,677460
2011-06-01 15:37:00,10.4980,10.5090,10.4710,10.4910,701484
2011-06-01 15:36:00,10.4990,10.5100,10.4760,10.4940,746396
2011-06-01 15:35:00,10.5110,10.5220,10.4780,10.4960,1451520
2011-06-01 15:34:00,10.5010,10.5230,10.4800,10.5080,1301524
2011-06-01 15:33:00,10.4990,10.5130,10.4770,10.4980,1168272
2011-06-01 15:32:00,10.4910,10.5100,10.4690,10.4950,843108
2011-06-01 15:31:00,10.4890,10.5060,10.4660,10.4870,561260
2011-06-01 15:30:00,10.4910,10.5080,10.4660,10.4850,1102668
2011-06-01 15:29:00,10.4820,10.5010,10.4570,10.4870,1112608
2011-06-01 15:28:00,10.4800,10.4940,10.4580,10.4780,548240
2011-06-01 15:27:00,10.4690,10.4940,10.4470,10.4760,890148
2011-06-01 15:26:00,10.4770,10.4880,10.4470,10.4640,578984
2011-06-01 15:25:00,10.4700,10.4880,10.4460,10.4720,1023540
2011-06-01 15:24:00,10.4800,10.4910,10.4490,10.4650,780556
2011-06-01 15:23:00,10.4820,10.4950,10.4540,10.4800,1642284
2011-06-01 15:22:00,10.4930,10.5030,10.4610,10.4770,708652
2011-06-01 15:21:00,10.4900,10.5050,10.4670,10.4900,324688
2011-06-01 15:20:00,10.4950,10.5060,10.4660,10.4860,398328
2011-06-01 15:19:00,10.4820,10.5060,10.4600,10.4910,914396
2011-06-01 15:18:00,10.4970,10.5090,10.4610,10.4780,1355816
2011-06-01 15:17:00,10.4940,10.5130,10.4740,10.4930,890512
2011-06-01 15:16:00,10.4860,10.5070,10.4640,10.4900,1234744
2011-06-01 15:15:00,10.4840,10.5050,10.4600,10.4800,1287300
2011-06-01 15:14:00,10.4980,10.5090,10.4640,10.4800,1282988
2011-06-01 15:13:00,10.5000,10.5120,10.4710,10.4950,991620
2011-06-01 15:12:00,10.5090,10.5200,10.4810,10.4970,588588
2011-06-01 15:11:00,10.5110,10.5210,10.4860,10.5040,592508
2011-06-01 15:10:00,10.5110,10.5250,10.4870,10.5070,720832
2011-06-01 15:09:00,10.5170,10.5290,10.4920,10.5080,1385020
2011-06-01 15:08:00,10.5160,10.5320,10.4930,10.5130,1836660
2011-06-01 15:07:00,10.5030,10.5270,10.4800,10.5100,995820
2011-06-01 15:06:00,10.5060,10.5170,10.4780,10.4970,1162924
2011-06-01 15:05:00,10.5080,10.5200,10.4840,10.5040,763336
2011-06-01 15:04:00,10.5050,10.5210,10.4800,10.5040,1449896
2011-06-01 15:03:00,10.5030,10.5170,10.4810,10.5020,1256472
2011-06-01 15:02:00,10.4880,10.5150,10.4650,10.5000,1309896
2011-06-01 15:01:00,10.4890,10.5000,10.4620,10.4830,1388072
2011-06-01 15:00:00,10.4980,10.5090,10.4680,10.4850,860720
2011-06-01 14:59:00,10.5060,10.5170,10.4710,10.4940,2278780
2011-06-01 14:58:00,10.4990,10.5170,10.4780,10.5030,1807064
2011-06-01 14:57:00,10.4930,10.5100,10.4720,10.4940,939232
2011-06-01 14:56:00,10.4970,10.5070,10.4710,10.4900,861140
2011-06-01 14:55:00,10.4970,10.5100,10.4740,10.4930,820260
2011-06-01 14:54:00,10.4910,10.5100,10.4700,10.4940,1204308
2011-06-01 14:53:00,10.4900,10.5050,10.4670,10.4890,653436
2011-06-01 14:52:00,10.4910,10.5070,10.4700,10.4860,1638000
2011-06-01 14:51:00,10.4840,10.5020,10.4640,10.4870,1197840
2011-06-01 14:50:00,10.4840,10.4990,10.4600,10.4810,1250312
2011-06-01 14:49:00,10.4820,10.4970,10.4580,10.4800,1804432
2011-06-01 14:48:00,10.4590,10.4950,10.4390,10.4790,3028620
2011-06-01 14:47:00,10.4700,10.4870,10.4320,10.4580,4542412
2011-06-01 14:46:00,10.4690,10.4900,10.4470,10.4650,1581608
2011-06-01 14:45:00,10.4720,10.4890,10.4450,10.4670,2711716
2011-06-01 14:44:00,10.4730,10.4880,10.4440,10.4660,2992164
2011-06-01 14:43:00,10.4900,10.5030,10.4520,10.4700,3755640
2011-06-01 14:42:00,10.5140,10.5250,10.4670,10.4850,2613128
2011-06-01 14:41:00,10.5080,10.5260,10.4870,10.5100,560392
2011-06-01 14:40:00,10.5180,10.5310,10.4860,10.5030,936264
2011-06-01 14:39:00,10.5170,10.5310,10.4950,10.5150,455252
2011-06-01 14:38:00,10.5190,10.5320,10.4930,10.5140,854168
2011-06-01 14:37:00,10.5080,10.5300,10.4850,10.5150,1400252
2011-06-01 14:36:00,10.5070,10.5220,10.4830,10.5060,738696
2011-06-01 14:35:00,10.5190,10.5310,10.4870,10.5040,691488
2011-06-01 14:34:00,10.5160,10.5300,10.4940,10.5150,761768
2011-06-01 14:33:00,10.5100,10.5270,10.4900,10.5110,1067444
2011-06-01 14:32:00,10.5070,10.5270,10.4820,10.5060,2268840
2011-06-01 14:31:00,10.5140,10.5260,10.4870,10.5040,2831248
2011-06-01 14:30:00,10.5380,10.5480,10.4920,10.5100,4935532
2011-06-01 14:29:00,10.5360,10.5510,10.5120,10.5330,422632
2011-06-01 14:28:00,10.5340,10.5470,10.5120,10.5320,466956
2011-06-01 14:27:00,10.5400,10.5530,10.5130,10.5310,1381604
2011-06-01 14:26:00,10.5400,10.5530,10.5150,10.5360,1003828
2011-06-01 14:25:00,10.5530,10.5650,10.5190,10.5390,1033172
2011-06-01 14:24:00,10.5460,10.5670,10.5260,10.5510,664272
2011-06-01 14:23:00,10.5500,10.5620,10.5260,10.5440,432880
2011-06-01 14:22:00,10.5430,10.5650,10.5230,10.5470,599564
2011-06-01 14:21:00,10.5500,10.5680,10.5230,10.5400,1182104
2011-06-01 14:20:00,10.5410,10.5630,10.5210,10.5460,1484980
2011-06-01 14:19:00,10.5390,10.5530,10.5170,10.5380,934864
2011-06-01 14:18:00,10.5300,10.5520,10.5070,10.5340,700420
2011-06-01 14:17:00,10.5380,10.5490,10.5070,10.5260,1248324
2011-06-01 14:16:00,10.5260,10.5490,10.5060,10.5340,1105496
2011-06-01 14:15:00,10.5330,10.5440,10.5040,10.5230,1708308
2011-06-01 14:14:00,10.5330,10.5500,10.5110,10.5300,1014972
2011-06-01 14:13:00,10.5350,10.5500,10.5130,10.5300,1097740
2011-06-01 14:12:00,10.5470,10.5600,10.5150,10.5310,878500
2011-06-01 14:11:00,10.5450,10.5580,10.5230,10.5410,718424
2011-06-01 14:10:00,10.5520,10.5620,10.5240,10.5410,732116
2011-06-01 14:09:00,10.5530,10.5640,10.5300,10.5480,309932
2011-06-01 14:08:00,10.5570,10.5680,10.5300,10.5470,430220
2011-06-01 14:07:00,10.5560,10.5690,10.5340,10.5540,169344
2011-06-01 14:06:00,10.5540,10.5720,10.5320,10.5540,778540
2011-06-01 14:05:00,10.5520,10.5650,10.5300,10.5510,360948
2011-06-01 14:04:00,10.5530,10.5660,10.5300,10.5480,559160
2011-06-01 14:03:00,10.5550,10.5660,10.5320,10.5490,606284
2011-06-01 14:02:00,10.5630,10.5760,10.5330,10.5510,932876
2011-06-01 14:01:00,10.5600,10.5760,10.5390,10.5590,181636
2011-06-01 14:00:00,10.5640,10.5750,10.5380,10.5590,236404
2011-06-01 13:59:00,10.5630,10.5800,10.5420,10.5610,845824
2011-06-01 13:58:00,10.5610,10.5740,10.5390,10.5590,422072
2011-06-01 13:57:00,10.5600,10.5740,10.5380,10.5540,851844
2011-06-01 13:56:00,10.5560,10.5700,10.5350,10.5550,268016
2011-06-01 13:55:00,10.5530,10.5660,10.5290,10.5500,773528
2011-06-01 13:54:00,10.5580,10.5720,10.5310,10.5500,1068144
2011-06-01 13:53:00,10.5590,10.5720,10.5370,10.5540,145768
2011-06-01 13:52:00,10.5610,10.5720,10.5360,10.5550,344960
2011-06-01 13:51:00,10.5650,10.5760,10.5390,10.5560,246400
2011-06-01 13:50:00,10.5630,10.5770,10.5420,10.5610,294168
2011-06-01 13:49:00,10.5590,10.5740,10.5380,10.5590,355152
2011-06-01 13:48:00,10.5570,10.5710,10.5340,10.5550,482412
2011-06-01 13:47:00,10.5600,10.5730,10.5370,10.5540,351008
2011-06-01 13:46:00,10.5690,10.5790,10.5400,10.5570,499744
2011-06-01 13:45:00,10.5730,10.5850,10.5460,10.5620,565768
2011-06-01 13:44:00,10.5640,10.5850,10.5440,10.5680,900760
2011-06-01 13:43:00,10.5640,10.5760,10.5420,10.5610,418908
2011-06-01 13:42:00,10.5640,10.5770,10.5420,10.5600,512036
2011-06-01 13:41:00,10.5590,10.5760,10.5360,10.5590,641760
2011-06-01 13:40:00,10.5620,10.5730,10.5370,10.5550,577416
2011-06-01 13:39:00,10.5600,10.5750,10.5380,10.5600,610848
2011-06-01 13:38:00,10.5560,10.5730,10.5350,10.5560,635208
2011-06-01 13:37:00,10.5510,10.5670,10.5300,10.5520,1093036
2011-06-01 13:36:00,10.5420,10.5620,10.5210,10.5470,568876
2011-06-01 13:35:00,10.5470,10.5580,10.5200,10.5390,466396
2011-06-01 13:34:00,10.5460,10.5580,10.5230,10.5410,489636
2011-06-01 13:33:00,10.5450,10.5600,10.5220,10.5410,776272
2011-06-01 13:32:00,10.5380,10.5570,10.5170,10.5400,717052
2011-06-01 13:31:00,10.5430,10.5530,10.5140,10.5330,1234156
2011-06-01 13:30:00,10.5450,10.5570,10.5060,10.5380,1292760
2011-06-01 13:29:00,10.5420,10.5580,10.5190,10.5400,1446144
2011-06-01 13:28:00,10.5540,10.5650,10.5150,10.5370,2573284
2011-06-01 13:27:00,10.5430,10.5710,10.5230,10.5500,3348520
2011-06-01 13:26:00,10.5410,10.5580,10.5200,10.5420,1020964
2011-06-01 13:25:00,10.5460,10.5570,10.5180,10.5360,1171660
2011-06-01 13:24:00,10.5450,10.5620,10.5220,10.5410,678440
2011-06-01 13:23:00,10.5550,10.5670,10.5200,10.5380,1434188
2011-06-01 13:22:00,10.5630,10.5730,10.5300,10.5500,1168496
2011-06-01 13:21:00,10.5630,10.5750,10.5390,10.5570,345044
2011-06-01 13:20:00,10.5650,10.5770,10.5410,10.5600,413420
2011-06-01 13:19:00,10.5630,10.5780,10.5430,10.5610,382760
2011-06-01 13:18:00,10.5730,10.5840,10.5430,10.5600,632884
2011-06-01 13:17:00,10.5770,10.5870,10.5520,10.5710,335048
2011-06-01 13:16:00,10.5740,10.5890,10.5500,10.5720,708316
2011-06-01 13:15:00,10.5690,10.5850,10.5450,10.5700,1133272
2011-06-01 13:14:00,10.5770,10.5890,10.5460,10.5640,1175412
2011-06-01 13:13:00,10.5970,10.6070,10.5560,10.5730,1682828
2011-06-01 13:12:00,10.5850,10.6070,10.5640,10.5920,556080
2011-06-01 13:11:00,10.5850,10.5970,10.5630,10.5790,357140
2011-06-01 13:10:00,10.5930,10.6050,10.5640,10.5800,648648
2011-06-01 13:09:00,10.5910,10.6050,10.5690,10.5890,315812
2011-06-01 13:08:00,10.5920,10.6060,10.5690,10.5860,522284
2011-06-01 13:07:00,10.5950,10.6070,10.5710,10.5880,381304
2011-06-01 13:06:00,10.5920,10.6070,10.5710,10.5900,422296
2011-06-01 13:05:00,10.5940,10.6060,10.5710,10.5890,522144
2011-06-01 13:04:00,10.5880,10.6100,10.5650,10.5900,1041264
2011-06-01 13:03:00,10.5900,10.6020,10.5660,10.5830,253848
2011-06-01 13:02:00,10.5930,10.6040,10.5650,10.5850,365596
2011-06-01 13:01:00,10.5880,10.6050,10.5660,10.5880,410760
2011-06-01 13:00:00,10.5830,10.6000,10.5610,10.5840,603064
2011-06-01 12:59:00,10.5800,10.5940,10.5590,10.5800,339024
2011-06-01 12:58:00,10.5790,10.5920,10.5560,10.5760,230944
2011-06-01 12:57:00,10.5780,10.5930,10.5540,10.5730,219940
2011-06-01 12:56:00,10.5810,10.5940,10.5530,10.5740,790132
2011-06-01 12:55:00,10.5900,10.6010,10.5600,10.5780,689780
2011-06-01 12:54:00,10.5910,10.6040,10.5690,10.5870,240240
2011-06-01 12:53:00,10.5910,10.6030,10.5680,10.5860,636888
2011-06-01 12:52:00,10.5920,10.6030,10.5680,10.5870,334320
2011-06-01 12:51:00,10.5960,10.6070,10.5690,10.5880,788816
2011-06-01 12:50:00,10.5930,10.6080,10.5700,10.5920,756140
2011-06-01 12:49:00,10.5880,10.6040,10.5670,10.5880,670600
2011-06-01 12:48:00,10.5830,10.6000,10.5620,10.5850,840252
2011-06-01 12:47:00,10.5830,10.5990,10.5620,10.5800,597016
2011-06-01 12:46:00,10.5810,10.5930,10.5550,10.5780,811944
2011-06-01 12:45:00,10.5750,10.5930,10.5530,10.5760,1096088
2011-06-01 12:44:00,10.5660,10.5870,10.5420,10.5710,582344
2011-06-01 12:43:00,10.5640,10.5790,10.5430,10.5620,482608
2011-06-01 12:42:00,10.5730,10.5850,10.5420,10.5610,1174320
2011-06-01 12:41:00,10.5730,10.5870,10.5530,10.5710,555408
2011-06-01 12:40:00,10.5760,10.5870,10.5520,10.5690,639156
2011-06-01 12:39:00,10.5710,10.5860,10.5490,10.5710,599956
2011-06-01 12:38:00,10.5660,10.5840,10.5440,10.5660,777784
2011-06-01 12:37:00,10.5650,10.5780,10.5410,10.5610,361564
2011-06-01 12:36:00,10.5630,10.5780,10.5410,10.5600,658196
2011-06-01 12:35:00,10.5600,10.5770,10.5390,10.5600,696724
2011-06-01 12:34:00,10.5550,10.5710,10.5330,10.5560,705376
2011-06-01 12:33:00,10.5540,10.5680,10.5280,10.5500,499632
2011-06-01 12:32:00,10.5600,10.5730,10.5340,10.5500,706272
2011-06-01 12:31:00,10.5560,10.5720,10.5350,10.5570,603512
2011-06-01 12:30:00,10.5500,10.5660,10.5280,10.5510,349692
2011-06-01 12:29:00,10.5520,10.5650,10.5290,10.5470,315308
2011-06-01 12:28:00,10.5640,10.5750,10.5260,10.5480,898240
2011-06-01 12:27:00,10.5640,10.5770,10.5420,10.5590,473704
2011-06-01 12:26:00,10.5590,10.5780,10.5350,10.5590,786744
2011-06-01 12:25:00,10.5630,10.5750,10.5380,10.5550,975324
2011-06-01 12:24:00,10.5600,10.5760,10.5390,10.5590,1042384
2011-06-01 12:23:00,10.5560,10.5720,10.5300,10.5560,680372
2011-06-01 12:22:00,10.5510,10.5670,10.5260,10.5530,1065036
2011-06-01 12:21:00,10.5390,10.5610,10.5180,10.5470,679700
2011-06-01 12:20:00,10.5440,10.5600,10.5190,10.5360,560700
2011-06-01 12:19:00,10.5350,10.5560,10.5140,10.5400,597996
2011-06-01 12:18:00,10.5440,10.5570,10.5140,10.5300,585172
2011-06-01 12:17:00,10.5520,10.5630,10.5220,10.5430,525280
2011-06-01 12:16:00,10.5510,10.5660,10.5290,10.5500,880600
2011-06-01 12:15:00,10.5470,10.5670,10.5260,10.5470,1130192
2011-06-01 12:14:00,10.5450,10.5590,10.5210,10.5430,877072
2011-06-01 12:13:00,10.5360,10.5570,10.5060,10.5430,1572928
2011-06-01 12:12:00,10.5390,10.5510,10.5130,10.5330,1063692
2011-06-01 12:11:00,10.5320,10.5530,10.5110,10.5350,1644776
2011-06-01 12:10:00,10.5550,10.5660,10.5110,10.5290,2672068
2011-06-01 12:09:00,10.5640,10.5760,10.5280,10.5500,2201892
2011-06-01 12:08:00,10.5620,10.5790,10.5410,10.5610,1075648
2011-06-01 12:07:00,10.5600,10.5760,10.5380,10.5580,1367436
2011-06-01 12:06:00,10.5770,10.5880,10.5230,10.5560,2046464
2011-06-01 12:05:00,10.5890,10.6000,10.5530,10.5750,844060
2011-06-01 12:04:00,10.5830,10.6000,10.5600,10.5830,667380
2011-06-01 12:03:00,10.5940,10.6050,10.5620,10.5790,628152
2011-06-01 12:02:00,10.6000,10.6110,10.5740,10.5910,308588
2011-06-01 12:01:00,10.5930,10.6110,10.5730,10.5950,404236
2011-06-01 12:00:00,10.5930,10.6050,10.5680,10.5880,335776
2011-06-01 11:59:00,10.5930,10.6070,10.5720,10.5890,429324
2011-06-01 11:58:00,10.5940,10.6060,10.5710,10.5890,222880
2011-06-01 11:57:00,10.5910,10.6070,10.5700,10.5900,618464
2011-06-01 11:56:00,10.5850,10.6040,10.5640,10.5880,383040
2011-06-01 11:55:00,10.5840,10.5960,10.5620,10.5810,245420
2011-06-01 11:54:00,10.5850,10.5970,10.5610,10.5800,308896
2011-06-01 11:53:00,10.5830,10.5970,10.5610,10.5820,267064
2011-06-01 11:52:00,10.5800,10.5950,10.5580,10.5790,648340
2011-06-01 11:51:00,10.5880,10.5990,10.5580,10.5750,986300
2011-06-01 11:50:00,10.5880,10.6010,10.5670,10.5850,107296
2011-06-01 11:49:00,10.5860,10.6030,10.5640,10.5850,476840
2011-06-01 11:48:00,10.5890,10.6010,10.5630,10.5830,814744
2011-06-01 11:47:00,10.5960,10.6080,10.5690,10.5860,729764
2011-06-01 11:46:00,10.6020,10.6130,10.5740,10.5900,775936
2011-06-01 11:45:00,10.6020,10.6130,10.5800,10.5980,414960
2011-06-01 11:44:00,10.5980,10.6150,10.5780,10.5980,541128
2011-06-01 11:43:00,10.6010,10.6150,10.5770,10.5940,614432
2011-06-01 11:42:00,10.5950,10.6130,10.5750,10.5970,940016
2011-06-01 11:41:00,10.5920,10.6070,10.5710,10.5910,556220
2011-06-01 11:40:00,10.5930,10.6040,10.5700,10.5870,423332
2011-06-01 11:39:00,10.5930,10.6060,10.5710,10.5870,378980
2011-06-01 11:38:00,10.5890,10.6070,10.5690,10.5880,1136436
2011-06-01 11:37:00,10.5840,10.6010,10.5600,10.5840,843444
2011-06-01 11:36:00,10.5810,10.5960,10.5600,10.5800,293300
2011-06-01 11:35:00,10.5800,10.5960,10.5580,10.5780,451584
2011-06-01 11:34:00,10.5830,10.5980,10.5530,10.5770,1580796
2011-06-01 11:33:00,10.5820,10.5950,10.5600,10.5790,562604
2011-06-01 11:32:00,10.5870,10.6000,10.5610,10.5770,1081752
2011-06-01 11:31:00,10.5800,10.6000,10.5600,10.5830,1955016
2011-06-01 11:30:00,10.5820,10.5980,10.5540,10.5770,1584100
2011-06-01 11:29:00,10.5740,10.5930,10.5540,10.5770,996520
2011-06-01 11:28:00,10.5710,10.5850,10.5510,10.5710,778932
2011-06-01 11:27:00,10.5760,10.5860,10.5480,10.5670,875392
2011-06-01 11:26:00,10.5660,10.5820,10.5440,10.5660,880684
2011-06-01 11:25:00,10.5660,10.5850,10.5420,10.5610,2304344
2011-06-01 11:24:00,10.5660,10.5770,10.5420,10.5620,657524
2011-06-01 11:23:00,10.5660,10.5780,10.5390,10.5610,966616
2011-06-01 11:22:00,10.5560,10.5800,10.5350,10.5620,2529520
2011-06-01 11:21:00,10.5500,10.5680,10.5230,10.5510,2084348
2011-06-01 11:20:00,10.5500,10.5660,10.5250,10.5450,2777824
2011-06-01 11:19:00,10.5710,10.5820,10.5300,10.5470,3965892
2011-06-01 11:18:00,10.5770,10.5880,10.5500,10.5670,1532440
2011-06-01 11:17:00,10.5820,10.5930,10.5550,10.5740,1087800
2011-06-01 11:16:00,10.5790,10.5940,10.5560,10.5780,1259188
2011-06-01 11:15:00,10.5880,10.5990,10.5570,10.5760,2592548
2011-06-01 11:14:00,10.5990,10.6100,10.5680,10.5840,1322440
2011-06-01 11:13:00,10.6010,10.6140,10.5780,10.5940,466844
2011-06-01 11:12:00,10.6040,10.6150,10.5800,10.5970,652400
2011-06-01 11:11:00,10.6030,10.6150,10.5800,10.6000,510888
2011-06-01 11:10:00,10.6060,10.6180,10.5800,10.5990,482468
2011-06-01 11:09:00,10.6030,10.6190,10.5820,10.6020,890148
2011-06-01 11:08:00,10.6020,10.6130,10.5780,10.5980,399252
2011-06-01 11:07:00,10.6040,10.6210,10.5740,10.5970,1281364
2011-06-01 11:06:00,10.6130,10.6230,10.5840,10.6020,1186332
2011-06-01 11:05:00,10.6100,10.6230,10.5870,10.6090,1421672
2011-06-01 11:04:00,10.6050,10.6220,10.5830,10.6050,800100
2011-06-01 11:03:00,10.6030,10.6190,10.5830,10.6020,939456
2011-06-01 11:02:00,10.6030,10.6150,10.5780,10.5990,650664
2011-06-01 11:01:00,10.6000,10.6150,10.5770,10.5990,793380
2011-06-01 11:00:00,10.6000,10.6130,10.5720,10.5970,1441944
2011-06-01 10:59:00,10.6020,10.6130,10.5770,10.5950,1340640
2011-06-01 10:58:00,10.6080,10.6220,10.5820,10.5980,1302420
2011-06-01 10:57:00,10.6030,10.6210,10.5830,10.6040,944020
2011-06-01 10:56:00,10.6010,10.6160,10.5800,10.6000,565572
2011-06-01 10:55:00,10.6030,10.6150,10.5800,10.5970,601216
2011-06-01 10:54:00,10.6010,10.6160,10.5750,10.6000,801248
2011-06-01 10:53:00,10.5970,10.6140,10.5760,10.5970,770364
2011-06-01 10:52:00,10.5990,10.6120,10.5730,10.5910,1400112
2011-06-01 10:51:00,10.6040,10.6150,10.5730,10.5950,1823416
2011-06-01 10:50:00,10.6190,10.6330,10.5800,10.6000,1798440
2011-06-01 10:49:00,10.6130,10.6340,10.5910,10.6160,905660
2011-06-01 10:48:00,10.6160,10.6310,10.5920,10.6100,1121064
2011-06-01 10:47:00,10.6160,10.6290,10.5920,10.6130,1499064
2011-06-01 10:46:00,10.6210,10.6320,10.5940,10.6100,821800
2011-06-01 10:45:00,10.6110,10.6320,10.5880,10.6170,1492820
2011-06-01 10:44:00,10.6090,10.6220,10.5850,10.6070,1262212
2011-06-01 10:43:00,10.6160,10.6290,10.5880,10.6050,1427580
2011-06-01 10:42:00,10.6120,10.6260,10.5900,10.6110,1410668
2011-06-01 10:41:00,10.6090,10.6230,10.5860,10.6080,737828
2011-06-01 10:40:00,10.6080,10.6200,10.5830,10.6040,1016680
2011-06-01 10:39:00,10.6070,10.6220,10.5860,10.6040,756196
2011-06-01 10:38:00,10.6070,10.6210,10.5840,10.6040,979776
2011-06-01 10:37:00,10.5980,10.6170,10.5770,10.6020,1325016
2011-06-01 10:36:00,10.5990,10.6130,10.5740,10.5950,1774164
2011-06-01 10:35:00,10.5910,10.6120,10.5700,10.5930,3201548
2011-06-01 10:34:00,10.6040,10.6170,10.5690,10.5870,3001376
2011-06-01 10:33:00,10.6120,10.6230,10.5800,10.6000,3265668
2011-06-01 10:32:00,10.6140,10.6250,10.5900,10.6080,1572732
2011-06-01 10:31:00,10.6170,10.6290,10.5900,10.6110,3029040
2011-06-01 10:30:00,10.6200,10.6320,10.5940,10.6110,2285192
2011-06-01 10:29:00,10.6280,10.6380,10.5980,10.6170,2494912
2011-06-01 10:28:00,10.6280,10.6430,10.6060,10.6240,1076516
2011-06-01 10:27:00,10.6350,10.6500,10.6060,10.6230,1547112
2011-06-01 10:26:00,10.6370,10.6510,10.6120,10.6310,936684
2011-06-01 10:25:00,10.6410,10.6560,10.6150,10.6330,828352
2011-06-01 10:24:00,10.6420,10.6550,10.6170,10.6380,898660
2011-06-01 10:23:00,10.6460,10.6570,10.6210,10.6380,1441776
2011-06-01 10:22:00,10.6460,10.6600,10.6230,10.6410,933016
2011-06-01 10:21:00,10.6400,10.6590,10.6170,10.6410,1862252
2011-06-01 10:20:00,10.6410,10.6520,10.6130,10.6350,1381828
2011-06-01 10:19:00,10.6340,10.6520,10.6070,10.6360,1856512
2011-06-01 10:18:00,10.6250,10.6450,10.6030,10.6290,1291416
2011-06-01 10:17:00,10.6270,10.6380,10.6000,10.6220,636608
2011-06-01 10:16:00,10.6270,10.6410,10.6030,10.6230,1312668
2011-06-01 10:15:00,10.6260,10.6420,10.5980,10.6230,2007068
2011-06-01 10:14:00,10.6270,10.6380,10.6020,10.6210,946680
2011-06-01 10:13:00,10.6200,10.6380,10.5930,10.6230,2413796
2011-06-01 10:12:00,10.6110,10.6340,10.5890,10.6150,2707488
2011-06-01 10:11:00,10.6300,10.6410,10.5870,10.6060,4141536
2011-06-01 10:10:00,10.6300,10.6440,10.6010,10.6240,2700152
2011-06-01 10:09:00,10.6440,10.6560,10.6070,10.6270,3726800
2011-06-01 10:08:00,10.6530,10.6650,10.6240,10.6400,1392636
2011-06-01 10:07:00,10.6520,10.6670,10.6280,10.6460,1422540
2011-06-01 10:06:00,10.6520,10.6660,10.6270,10.6480,1284976
2011-06-01 10:05:00,10.6530,10.6650,10.6270,10.6500,1239448
2011-06-01 10:04:00,10.6570,10.6690,10.6250,10.6490,2371908
2011-06-01 10:03:00,10.6440,10.6690,10.6220,10.6530,2298464
2011-06-01 10:02:00,10.6400,10.6600,10.6140,10.6410,3573472
2011-06-01 10:01:00,10.6470,10.6620,10.6140,10.6360,2875488
2011-06-01 10:00:00,10.6480,10.6650,10.6190,10.6430,3452512
2011-06-01 09:59:00,10.6500,10.6650,10.6270,10.6440,1442812
2011-06-01 09:58:00,10.6570,10.6680,10.6270,10.6470,1764868
2011-06-01 09:57:00,10.6530,10.6730,10.6310,10.6530,2685956
2011-06-01 09:56:00,10.6540,10.6660,10.6290,10.6490,1489460
2011-06-01 09:55:00,10.6520,10.6690,10.6250,10.6500,3792600
2011-06-01 09:54:00,10.6650,10.6770,10.6290,10.6460,3580416
2011-06-01 09:53:00,10.6700,10.6860,10.6400,10.6620,3413368
2011-06-01 09:52:00,10.6680,10.6880,10.6470,10.6660,4378276
2011-06-01 09:51:00,10.6590,10.6820,10.6380,10.6650,3736068
2011-06-01 09:50:00,10.6560,10.6730,10.6340,10.6550,3161760
2011-06-01 09:49:00,10.6600,10.6740,10.6320,10.6510,3597328
2011-06-01 09:48:00,10.6530,10.6760,10.6310,10.6550,4739952
2011-06-01 09:47:00,10.6390,10.6640,10.6180,10.6490,4597264
2011-06-01 09:46:00,10.6360,10.6510,10.6130,10.6340,2446724
2011-06-01 09:45:00,10.6250,10.6470,10.6020,10.6330,1961036
2011-06-01 09:44:00,10.6200,10.6420,10.6000,10.6210,2209172
2011-06-01 09:43:00,10.6250,10.6390,10.5960,10.6170,2767240
2011-06-01 09:42:00,10.6400,10.6520,10.6030,10.6200,4925508
2011-06-01 09:41:00,10.6370,10.6530,10.6140,10.6360,4819584
2011-06-01 09:40:00,10.6230,10.6480,10.5980,10.6320,4627532
2011-06-01 09:39:00,10.6110,10.6360,10.5890,10.6210,7650804
2011-06-01 09:38:00,10.6090,10.6220,10.5870,10.6070,4426800
2011-06-01 09:37:00,10.6050,10.6210,10.5820,10.6050,3876460
2011-06-01 09:36:00,10.5870,10.6170,10.5630,10.6020,5121004
2011-06-01 09:35:00,10.5930,10.6040,10.5530,10.5820,3870804
2011-06-01 09:34:00,10.5710,10.6040,10.5490,10.5880,4036592
2011-06-01 09:33:00,10.5700,10.5840,10.5450,10.5670,2957808
2011-06-01 09:32:00,10.5760,10.5880,10.5360,10.5670,3422020
2011-06-01 09:31:00,10.5860,10.6000,10.5500,10.5710,5072788
2011-06-01 09:30:00,10.5820,10.6020,10.5580,10.5840,5493208
2011-06-01 09:29:00,10.5790,10.5980,10.5580,10.5740,425824
2011-06-01 09:28:00,10.5720,10.5930,10.5500,10.5750,353248
2011-06-01 09:27:00,10.5670,10.5810,10.5450,10.5660,77140
2011-06-01 09:26:00,10.5660,10.5780,10.5450,10.5620,25200
2011-06-01 09:25:00,10.5720,10.5820,10.5460,10.5620,114800
2011-06-01 09:24:00,10.5730,10.5850,10.5500,10.5670,50568
2011-06-01 09:23:00,10.5690,10.5850,10.5470,10.5710,164752
2011-06-01 09:22:00,10.5620,10.5790,10.5390,10.5650,109704
2011-06-01 09:21:00,10.5610,10.5720,10.5410,10.5570,11200
2011-06-01 09:20:00,10.5560,10.5750,10.5360,10.5570,125580
2011-06-01 09:19:00,10.5520,10.5660,10.5310,10.5510,65856
2011-06-01 09:18:00,10.5490,10.5600,10.5280,10.5450,28000
2011-06-01 09:17:00,10.5480,10.5590,10.5280,10.5440,2800
2011-06-01 09:16:00,10.5460,10.5570,10.5260,10.5420,11200
2011-06-01 09:15:00,10.5480,10.5590,10.5260,10.5430,20776
2011-06-01 09:14:00,10.5460,10.5570,10.5260,10.5420,11200
2011-06-01 09:13:00,10.5460,10.5570,10.5260,10.5420,2800
2011-06-01 09:11:00,10.5450,10.5570,10.5230,10.5400,58492
2011-06-01 09:10:00,10.5510,10.5620,10.5240,10.5400,28000
2011-06-01 09:09:00,10.5450,10.5560,10.5230,10.5400,7840
2011-06-01 09:07:00,10.5470,10.5590,10.5270,10.5440,43400
2011-06-01 09:04:00,10.5460,10.5620,10.5190,10.5360,102144
2011-06-01 09:03:00,10.5500,10.5610,10.5240,10.5410,47600
2011-06-01 09:02:00,10.5460,10.5630,10.5240,10.5400,43400
2011-06-01 08:58:00,10.5520,10.5630,10.5320,10.5480,2800
2011-06-01 08:57:00,10.5460,10.5630,10.5260,10.5430,58800
2011-06-01 08:56:00,10.5470,10.5570,10.5260,10.5430,5600
2011-06-01 08:54:00,10.5520,10.5630,10.5270,10.5430,180684
2011-06-01 08:53:00,10.5490,10.5630,10.5290,10.5480,36400
2011-06-01 08:49:00,10.5520,10.5630,10.5320,10.5480,16800
2011-06-01 08:48:00,10.5550,10.5660,10.5320,10.5480,5600
2011-06-01 08:47:00,10.5460,10.5630,10.5260,10.5480,62160
2011-06-01 08:46:00,10.5450,10.5550,10.5240,10.5410,2800
2011-06-01 08:45:00,10.5440,10.5560,10.5240,10.5400,21700
2011-06-01 08:44:00,10.5470,10.5600,10.5240,10.5410,76300
2011-06-01 08:43:00,10.5440,10.5580,10.5240,10.5430,29680
2011-06-01 08:41:00,10.5410,10.5520,10.5210,10.5370,31500
2011-06-01 08:40:00,10.5430,10.5530,10.5230,10.5390,2800
2011-06-01 08:39:00,10.5410,10.5520,10.5210,10.5370,2800
2011-06-01 08:38:00,10.5400,10.5570,10.5190,10.5430,31248
2011-06-01 08:37:00,10.5370,10.5500,10.5160,10.5340,46872
2011-06-01 08:36:00,10.5370,10.5500,10.5150,10.5310,82152
2011-06-01 08:35:00,10.5380,10.5510,10.5160,10.5330,71148
2011-06-01 08:34:00,10.5400,10.5530,10.5190,10.5390,37632
2011-06-01 08:33:00,10.5430,10.5530,10.5230,10.5390,14000
2011-06-01 08:32:00,10.5460,10.5570,10.5250,10.5420,42056
2011-06-01 08:31:00,10.5460,10.5560,10.5250,10.5420,2800
2011-06-01 08:30:00,10.5400,10.5540,10.5190,10.5390,42112
2011-06-01 08:28:00,10.5440,10.5550,10.5230,10.5390,5600
2011-06-01 08:27:00,10.5440,10.5550,10.5240,10.5400,7980
2011-06-01 08:26:00,10.5480,10.5580,10.5190,10.5360,71708
2011-06-01 08:25:00,10.5480,10.5590,10.5270,10.5440,22400
2011-06-01 08:24:00,10.5490,10.5630,10.5270,10.5480,29008
2011-06-01 08:23:00,10.5480,10.5620,10.5280,10.5450,34440
2011-06-01 08:22:00,10.5480,10.5590,10.5270,10.5440,25200
2011-06-01 08:21:00,10.5550,10.5660,10.5300,10.5460,11200
2011-06-01 08:20:00,10.5520,10.5660,10.5320,10.5510,36288
2011-06-01 08:19:00,10.5520,10.5630,10.5270,10.5480,75544
2011-06-01 08:18:00,10.5520,10.5630,10.5280,10.5480,154784
2011-06-01 08:17:00,10.5530,10.5640,10.5320,10.5480,29260
2011-06-01 08:16:00,10.5530,10.5680,10.5320,10.5480,176400
2011-06-01 08:15:00,10.5610,10.5720,10.5270,10.5490,233884
2011-06-01 08:14:00,10.5570,10.5720,10.5370,10.5570,16800
2011-06-01 08:13:00,10.5640,10.5780,10.5440,10.5600,19600
2011-06-01 08:12:00,10.5670,10.5780,10.5470,10.5630,4480
2011-06-01 08:11:00,10.5730,10.5840,10.5380,10.5590,17360
2011-06-01 08:10:00,10.5610,10.5840,10.5350,10.5660,99120
2011-06-01 08:09:00,10.5660,10.5770,10.5390,10.5560,17920
2011-06-01 08:08:00,10.5770,10.5880,10.5350,10.5510,86632
2011-06-01 08:07:00,10.5730,10.5840,10.5530,10.5690,13860
2011-06-01 08:06:00,10.5720,10.5830,10.5470,10.5680,83692
2011-06-01 08:05:00,10.5760,10.5910,10.5540,10.5750,80640
2011-06-01 08:04:00,10.5720,10.5870,10.5490,10.5720,56560
2011-06-01 08:03:00,10.5720,10.5820,10.5510,10.5680,5600
2011-06-01 08:02:00,10.5720,10.5820,10.5450,10.5630,279272
2011-06-01 08:01:00,10.5650,10.5840,10.5450,10.5690,149240
2011-06-01 08:00:00,10.5470,10.5700,10.5260,10.5560,422240
2011-06-01 07:58:00,10.5490,10.5600,10.5290,10.5450,8400
2011-06-01 07:53:00,10.5490,10.5630,10.5280,10.5480,30800
2011-06-01 07:52:00,10.5440,10.5590,10.5240,10.5440,8400
2011-06-01 07:48:00,10.5460,10.5600,10.5260,10.5460,8400
2011-06-01 07:46:00,10.5520,10.5630,10.5290,10.5450,29680
2011-06-01 07:36:00,10.5490,10.5600,10.5290,10.5450,5600
2011-06-01 07:31:00,10.5550,10.5650,10.5340,10.5510,42000
2011-06-01 07:28:00,10.5500,10.5610,10.5300,10.5460,25200
2011-06-01 07:21:00,10.5460,10.5570,10.5250,10.5420,33600
2011-06-01 07:20:00,10.5460,10.5560,10.5250,10.5420,5600
2011-06-01 07:19:00,10.5370,10.5480,10.5160,10.5330,16800
2011-06-01 07:18:00,10.5520,10.5630,10.5280,10.5450,11200
2011-06-01 07:15:00,10.5530,10.5640,10.5280,10.5480,67200
2011-06-01 07:11:00,10.5660,10.5770,10.5460,10.5630,5600
2011-06-01 07:10:00,10.5610,10.5720,10.5410,10.5570,5600
2011-06-01 07:06:00,10.5660,10.5760,10.5450,10.5620,2800
2011-06-01 07:05:00,10.5580,10.5720,10.5380,10.5570,27860
2011-06-01 07:04:00,10.5490,10.5590,10.5280,10.5450,2800
2011-06-01 07:03:00,10.5420,10.5530,10.5220,10.5380,12152
2011-06-01 07:02:00,10.5420,10.5530,10.5220,10.5380,33600
2011-06-01 07:01:00,10.5410,10.5530,10.5210,10.5380,35196
2011-06-01 06:52:00,10.5340,10.5440,10.5100,10.5270,16800
2011-06-01 06:39:00,10.5240,10.5350,10.5040,10.5200,2800
2011-06-01 06:33:00,10.5250,10.5360,10.5010,10.5180,8288
2011-06-01 06:31:00,10.5280,10.5380,10.5070,10.5240,28000
2011-06-01 05:56:00,10.5370,10.5470,10.5120,10.5330,53200
2011-06-01 05:54:00,10.5520,10.5630,10.5320,10.5480,4480
2011-06-01 05:32:00,10.5520,10.5630,10.5320,10.5480,2800
2011-06-01 05:13:00,10.5520,10.5630,10.5320,10.5480,2800
2011-06-01 05:12:00,10.5520,10.5630,10.5320,10.5480,2800
2011-06-01 04:40:00,10.5560,10.5670,10.5360,10.5530,2800
2011-06-01 04:26:00,10.5790,10.5900,10.5590,10.5750,2800
